+--------+-----+--------+-----+------+-----+--------+-----------------------------------------------------+-------+-------+---------+-------+-------+-------+-------+--------+-----------+-----------+--------------+-----------+
| COUNT  | 1XX |  2XX   | 3XX | 4XX  | 5XX | METHOD |                         URI                         |  MIN  |  MAX  |   SUM   |  AVG  |  P90  |  P95  |  P99  | STDDEV | MIN(BODY) | MAX(BODY) |  SUM(BODY)   | AVG(BODY) |
+--------+-----+--------+-----+------+-----+--------+-----------------------------------------------------+-------+-------+---------+-------+-------+-------+-------+--------+-----------+-----------+--------------+-----------+
| 1      | 0   | 1      | 0   | 0    | 0   | POST   | /initialize                                         | 0.192 | 0.192 | 0.192   | 0.192 | 0.192 | 0.192 | 0.192 | 0.000  | 18.000    | 18.000    | 18.000       | 18.000    |
| 408    | 0   | 402    | 0   | 6    | 0   | POST   | /api/isu                                            | 0.004 | 0.712 | 62.268  | 0.153 | 0.276 | 0.348 | 0.644 | 0.116  | 0.000     | 144.000   | 48984.000    | 120.059   |
| 2      | 0   | 0      | 0   | 2    | 0   | GET    | /api/isu/ce41ebfb-96e4-44e7-b714-4b6987591107/icon  | 0.004 | 0.180 | 0.184   | 0.092 | 0.180 | 0.180 | 0.180 | 0.088  | 14.000    | 21.000    | 35.000       | 17.500    |
| 2      | 0   | 2      | 0   | 0    | 0   | GET    | /api/isu/ee45a2be-cfc6-4cc2-a7fc-74f106fbaaff/graph | 0.008 | 0.088 | 0.096   | 0.048 | 0.088 | 0.088 | 0.088 | 0.040  | 268.000   | 596.000   | 864.000      | 432.000   |
| 10     | 0   | 10     | 0   | 0    | 0   | GET    | /api/isu/c828e2a8-106b-44a5-af22-283b0589a98a/graph | 0.004 | 0.272 | 0.416   | 0.042 | 0.052 | 0.272 | 0.272 | 0.079  | 272.000   | 669.000   | 4980.000     | 498.000   |
| 11     | 0   | 11     | 0   | 0    | 0   | GET    | /api/isu/ac73b6e5-5218-4910-9d83-4702e0e61d10/graph | 0.004 | 0.300 | 0.436   | 0.040 | 0.084 | 0.300 | 0.300 | 0.086  | 264.000   | 762.000   | 5100.000     | 463.636   |
| 8      | 0   | 8      | 0   | 0    | 0   | GET    | /api/isu/af6f4491-8ea1-49e8-bc26-100f504b6980/graph | 0.004 | 0.144 | 0.268   | 0.034 | 0.144 | 0.144 | 0.144 | 0.046  | 476.000   | 809.000   | 4910.000     | 613.750   |
| 4      | 0   | 4      | 0   | 0    | 0   | GET    | /api/isu/fc663ee0-05ef-420d-87ad-b244696bd65b       | 0.004 | 0.128 | 0.132   | 0.033 | 0.128 | 0.128 | 0.128 | 0.055  | 120.000   | 120.000   | 480.000      | 120.000   |
| 1      | 0   | 1      | 0   | 0    | 0   | GET    | /api/isu/d2e3e8c2-565b-45ef-b961-f03ed66964cc       | 0.028 | 0.028 | 0.028   | 0.028 | 0.028 | 0.028 | 0.028 | 0.000  | 123.000   | 123.000   | 123.000      | 123.000   |
| 17     | 0   | 13     | 0   | 4    | 0   | GET    | /api/isu/e0205741-89ee-4a59-a7ef-b7f0efa42759/graph | 0.000 | 0.256 | 0.464   | 0.027 | 0.084 | 0.256 | 0.256 | 0.061  | 14.000    | 701.000   | 6801.000     | 400.059   |
| 2      | 0   | 2      | 0   | 0    | 0   | GET    | /api/isu/c2995afe-55d5-4916-b64e-73c4328597e2/graph | 0.008 | 0.040 | 0.048   | 0.024 | 0.040 | 0.040 | 0.040 | 0.016  | 493.000   | 552.000   | 1045.000     | 522.500   |
| 2      | 0   | 2      | 0   | 0    | 0   | GET    | /api/isu/d8210c8c-437a-48b0-8fc4-2cfbc89181f9/graph | 0.008 | 0.040 | 0.048   | 0.024 | 0.040 | 0.040 | 0.040 | 0.016  | 268.000   | 539.000   | 807.000      | 403.500   |
| 1      | 0   | 1      | 0   | 0    | 0   | GET    | /api/isu/e279d9ed-7ce0-41d8-849d-bf7aec8f40b6/graph | 0.024 | 0.024 | 0.024   | 0.024 | 0.024 | 0.024 | 0.024 | 0.000  | 480.000   | 480.000   | 480.000      | 480.000   |
| 13     | 0   | 13     | 0   | 0    | 0   | GET    | /api/isu/f0460030-f13a-48bf-bf07-9636717148d2       | 0.272 | 0.272 | 0.304   | 0.023 | 0.008 | 0.272 | 0.272 | 0.072  | 120.000   | 120.000   | 1560.000     | 120.000   |
| 12     | 0   | 12     | 0   | 0    | 0   | GET    | /api/isu/fd9600f7-75d0-4037-81e1-883bff18ea35/graph | 0.000 | 0.144 | 0.276   | 0.023 | 0.064 | 0.144 | 0.144 | 0.040  | 272.000   | 684.000   | 5619.000     | 468.250   |
| 6      | 0   | 6      | 0   | 0    | 0   | GET    | /api/isu/b358c561-2121-4903-bdc9-739ce3b5b0af/graph | 0.004 | 0.052 | 0.136   | 0.023 | 0.052 | 0.052 | 0.052 | 0.019  | 379.000   | 494.000   | 2705.000     | 450.833   |
| 7      | 0   | 7      | 0   | 0    | 0   | GET    | /api/isu/d50844e6-05ae-4481-8c69-cbde08533bb3/graph | 0.004 | 0.084 | 0.148   | 0.021 | 0.084 | 0.084 | 0.084 | 0.027  | 395.000   | 702.000   | 3812.000     | 544.571   |
| 2      | 0   | 2      | 0   | 0    | 0   | GET    | /api/isu/ebf66dce-2329-4485-bc26-3441182acc0c/graph | 0.012 | 0.028 | 0.040   | 0.020 | 0.028 | 0.028 | 0.028 | 0.008  | 267.000   | 575.000   | 842.000      | 421.000   |
| 6      | 0   | 6      | 0   | 0    | 0   | GET    | /api/isu/c0f3db86-660f-445e-9bf9-94da47953f9d/graph | 0.004 | 0.068 | 0.116   | 0.019 | 0.068 | 0.068 | 0.068 | 0.022  | 267.000   | 574.000   | 2868.000     | 478.000   |
| 8      | 0   | 8      | 0   | 0    | 0   | GET    | /api/isu/a0a8d4d5-8106-4fee-81c2-b33743fc0044/graph | 0.000 | 0.072 | 0.152   | 0.019 | 0.072 | 0.072 | 0.072 | 0.023  | 431.000   | 643.000   | 4325.000     | 540.625   |
| 14     | 0   | 14     | 0   | 0    | 0   | GET    | /api/isu/fd9600f7-75d0-4037-81e1-883bff18ea35       | 0.004 | 0.080 | 0.256   | 0.018 | 0.040 | 0.080 | 0.080 | 0.022  | 126.000   | 126.000   | 1764.000     | 126.000   |
| 2      | 0   | 2      | 0   | 0    | 0   | GET    | /api/isu/d7de9108-9a35-4262-b5e9-4ecdaab8e172       | 0.004 | 0.032 | 0.036   | 0.018 | 0.032 | 0.032 | 0.032 | 0.014  | 129.000   | 129.000   | 258.000      | 129.000   |
| 7      | 0   | 7      | 0   | 0    | 0   | GET    | /api/isu/da0b52bd-e226-4882-a1b4-39266dee6be1/graph | 0.020 | 0.048 | 0.120   | 0.017 | 0.048 | 0.048 | 0.048 | 0.015  | 377.000   | 609.000   | 3289.000     | 469.857   |
| 1      | 0   | 1      | 0   | 0    | 0   | GET    | /api/isu/a74288b3-5475-42d9-bea9-5e77c9bccbf2       | 0.016 | 0.016 | 0.016   | 0.016 | 0.016 | 0.016 | 0.016 | 0.000  | 123.000   | 123.000   | 123.000      | 123.000   |
| 1      | 0   | 1      | 0   | 0    | 0   | GET    | /api/isu/c7cbaa61-0da1-4215-93e5-761c370ffa79       | 0.016 | 0.016 | 0.016   | 0.016 | 0.016 | 0.016 | 0.016 | 0.000  | 120.000   | 120.000   | 120.000      | 120.000   |
| 1      | 0   | 1      | 0   | 0    | 0   | GET    | /api/isu/f8eebef6-8929-4e68-aacb-f84ba7a2efb2       | 0.016 | 0.016 | 0.016   | 0.016 | 0.016 | 0.016 | 0.016 | 0.000  | 114.000   | 114.000   | 114.000      | 114.000   |
| 7      | 0   | 7      | 0   | 0    | 0   | GET    | /api/isu/c828e2a8-106b-44a5-af22-283b0589a98a       | 0.004 | 0.052 | 0.104   | 0.015 | 0.052 | 0.052 | 0.052 | 0.017  | 117.000   | 117.000   | 819.000      | 117.000   |
| 4      | 0   | 4      | 0   | 0    | 0   | GET    | /api/isu/a1507674-f491-4c8a-9390-b118a992788c       | 0.004 | 0.024 | 0.056   | 0.014 | 0.024 | 0.024 | 0.024 | 0.010  | 126.000   | 126.000   | 504.000      | 126.000   |
| 7      | 0   | 7      | 0   | 0    | 0   | GET    | /api/isu/ec0e0f74-a975-4249-aa8c-1fcfa3bb6c70/graph | 0.044 | 0.044 | 0.096   | 0.014 | 0.044 | 0.044 | 0.044 | 0.014  | 272.000   | 893.000   | 4046.000     | 578.000   |
| 7      | 0   | 7      | 0   | 0    | 0   | GET    | /api/isu/ac73b6e5-5218-4910-9d83-4702e0e61d10       | 0.004 | 0.064 | 0.096   | 0.014 | 0.064 | 0.064 | 0.064 | 0.022  | 132.000   | 132.000   | 924.000      | 132.000   |
| 16     | 0   | 16     | 0   | 0    | 0   | GET    | /api/isu/e169a5e0-933e-4c35-969a-142efd80dbab       | 0.004 | 0.108 | 0.212   | 0.013 | 0.028 | 0.108 | 0.108 | 0.026  | 117.000   | 117.000   | 1872.000     | 117.000   |
| 11     | 0   | 11     | 0   | 0    | 0   | GET    | /api/isu/f3385c7b-6e42-4367-a244-34fa5141febd       | 0.004 | 0.064 | 0.140   | 0.013 | 0.048 | 0.064 | 0.064 | 0.021  | 123.000   | 123.000   | 1353.000     | 123.000   |
| 7      | 0   | 7      | 0   | 0    | 0   | GET    | /api/isu/a0a8d4d5-8106-4fee-81c2-b33743fc0044       | 0.000 | 0.064 | 0.088   | 0.013 | 0.064 | 0.064 | 0.064 | 0.021  | 117.000   | 117.000   | 819.000      | 117.000   |
| 2      | 0   | 0      | 0   | 2    | 0   | GET    | /api/isu/ddb5d482-f4cd-4834-9ac5-e0b289f12dba/icon  | 0.008 | 0.016 | 0.024   | 0.012 | 0.016 | 0.016 | 0.016 | 0.004  | 14.000    | 21.000    | 35.000       | 17.500    |
| 7      | 0   | 7      | 0   | 0    | 0   | GET    | /api/isu/f3385c7b-6e42-4367-a244-34fa5141febd/graph | 0.004 | 0.040 | 0.084   | 0.012 | 0.040 | 0.040 | 0.040 | 0.013  | 266.000   | 549.000   | 2834.000     | 404.857   |
| 1      | 0   | 1      | 0   | 0    | 0   | GET    | /api/isu/dac3ffed-9e81-4d86-86d4-b9bb2aa7965d       | 0.012 | 0.012 | 0.012   | 0.012 | 0.012 | 0.012 | 0.012 | 0.000  | 117.000   | 117.000   | 117.000      | 117.000   |
| 1      | 0   | 1      | 0   | 0    | 0   | GET    | /api/isu/c3d939aa-f3dd-402b-a70d-530e8257bfc6       | 0.012 | 0.012 | 0.012   | 0.012 | 0.012 | 0.012 | 0.012 | 0.000  | 120.000   | 120.000   | 120.000      | 120.000   |
| 1      | 0   | 1      | 0   | 0    | 0   | GET    | /api/isu/b4f30454-2f37-46b8-986d-8fea3a7f21bb       | 0.012 | 0.012 | 0.012   | 0.012 | 0.012 | 0.012 | 0.012 | 0.000  | 126.000   | 126.000   | 126.000      | 126.000   |
| 4      | 0   | 4      | 0   | 0    | 0   | GET    | /api/isu/fde7df2a-d32b-44e7-ba0e-7f43a3a57d4f       | 0.004 | 0.032 | 0.048   | 0.012 | 0.032 | 0.032 | 0.032 | 0.012  | 129.000   | 129.000   | 516.000      | 129.000   |
| 15     | 0   | 15     | 0   | 0    | 0   | GET    | /api/isu/e554e845-98ba-4a25-af78-eb68e7b54ce5/graph | 0.004 | 0.080 | 0.180   | 0.012 | 0.040 | 0.080 | 0.080 | 0.021  | 271.000   | 647.000   | 7236.000     | 482.400   |
| 6      | 0   | 6      | 0   | 0    | 0   | GET    | /api/isu/eb10429f-6480-477d-8b00-dca98d78da69/graph | 0.020 | 0.036 | 0.068   | 0.011 | 0.036 | 0.036 | 0.036 | 0.013  | 377.000   | 574.000   | 2944.000     | 490.667   |
| 5      | 0   | 5      | 0   | 0    | 0   | GET    | /api/isu/e25afe70-70bf-44f1-8e4c-fdfeb201920c       | 0.004 | 0.024 | 0.056   | 0.011 | 0.024 | 0.024 | 0.024 | 0.009  | 132.000   | 132.000   | 660.000      | 132.000   |
| 20     | 0   | 20     | 0   | 0    | 0   | GET    | /api/isu/a3a8db23-a9a0-45e6-b759-3138e922de5d/graph | 0.000 | 0.052 | 0.224   | 0.011 | 0.032 | 0.040 | 0.052 | 0.015  | 270.000   | 891.000   | 8717.000     | 435.850   |
| 16     | 0   | 16     | 0   | 0    | 0   | GET    | /api/isu/e90d5e80-03d6-4aee-859a-491baf936ae5/graph | 0.008 | 0.052 | 0.176   | 0.011 | 0.040 | 0.052 | 0.052 | 0.016  | 270.000   | 673.000   | 7912.000     | 494.500   |
| 4      | 0   | 0      | 0   | 4    | 0   | GET    | /api/isu/c648b087-fe00-4ea2-a524-b2e80555893f       | 0.000 | 0.032 | 0.044   | 0.011 | 0.032 | 0.032 | 0.032 | 0.013  | 14.000    | 21.000    | 70.000       | 17.500    |
| 4      | 0   | 4      | 0   | 0    | 0   | GET    | /api/isu/ccb56171-be86-4de8-a848-963f1b16088d/graph | 0.004 | 0.020 | 0.044   | 0.011 | 0.020 | 0.020 | 0.020 | 0.006  | 379.000   | 661.000   | 1936.000     | 484.000   |
| 4      | 0   | 4      | 0   | 0    | 0   | GET    | /api/isu/ee45a2be-cfc6-4cc2-a7fc-74f106fbaaff       | 0.000 | 0.040 | 0.044   | 0.011 | 0.040 | 0.040 | 0.040 | 0.017  | 120.000   | 120.000   | 480.000      | 120.000   |
| 7      | 0   | 7      | 0   | 0    | 0   | GET    | /api/isu/adea697b-edc8-42f7-a770-eeee19dcc234/graph | 0.004 | 0.024 | 0.076   | 0.011 | 0.024 | 0.024 | 0.024 | 0.007  | 270.000   | 496.000   | 2950.000     | 421.429   |
| 7      | 0   | 7      | 0   | 0    | 0   | GET    | /api/isu/c38a6c46-cc6a-4f37-82ff-a993897b4c22       | 0.000 | 0.044 | 0.076   | 0.011 | 0.044 | 0.044 | 0.044 | 0.014  | 121.000   | 121.000   | 847.000      | 121.000   |
| 10     | 0   | 10     | 0   | 0    | 0   | GET    | /api/isu/fc7583aa-726b-4b63-9f33-43a8ae33cc04/graph | 0.004 | 0.032 | 0.108   | 0.011 | 0.020 | 0.032 | 0.032 | 0.009  | 267.000   | 620.000   | 4590.000     | 459.000   |
| 12     | 0   | 12     | 0   | 0    | 0   | GET    | /api/isu/e321eb76-5a06-4e56-897a-0fae7e7679d3/graph | 0.004 | 0.036 | 0.128   | 0.011 | 0.028 | 0.036 | 0.036 | 0.011  | 392.000   | 637.000   | 6121.000     | 510.083   |
| 23     | 0   | 23     | 0   | 0    | 0   | GET    | /api/isu/ce87074c-3c12-4a2f-b137-d96ff4f1623c/graph | 0.004 | 0.040 | 0.244   | 0.011 | 0.040 | 0.040 | 0.040 | 0.013  | 270.000   | 892.000   | 12483.000    | 542.739   |
| 50     | 0   | 50     | 0   | 0    | 0   | GET    | /api/isu/ffe63ceb-35c0-4c8a-aa17-79fb8ac49a4b/graph | 0.004 | 0.272 | 0.524   | 0.010 | 0.012 | 0.020 | 0.272 | 0.038  | 266.000   | 803.000   | 26217.000    | 524.340   |
| 2      | 0   | 2      | 0   | 0    | 0   | GET    | /api/isu/c2651009-dd7f-4b3d-b381-1f8128236606/graph | 0.008 | 0.012 | 0.020   | 0.010 | 0.012 | 0.012 | 0.012 | 0.002  | 380.000   | 630.000   | 1010.000     | 505.000   |
| 10     | 0   | 10     | 0   | 0    | 0   | GET    | /api/isu/f26ee2cc-ba7b-477d-aeb7-b429f927e049/graph | 0.000 | 0.048 | 0.100   | 0.010 | 0.036 | 0.048 | 0.048 | 0.016  | 425.000   | 553.000   | 4879.000     | 487.900   |
| 6      | 0   | 6      | 0   | 0    | 0   | GET    | /api/isu/c38a6c46-cc6a-4f37-82ff-a993897b4c22/graph | 0.004 | 0.020 | 0.060   | 0.010 | 0.020 | 0.020 | 0.020 | 0.006  | 267.000   | 626.000   | 2584.000     | 430.667   |
| 4      | 0   | 4      | 0   | 0    | 0   | GET    | /api/isu/ccb56171-be86-4de8-a848-963f1b16088d       | 0.004 | 0.024 | 0.040   | 0.010 | 0.024 | 0.024 | 0.024 | 0.009  | 111.000   | 111.000   | 444.000      | 111.000   |
| 4      | 0   | 4      | 0   | 0    | 0   | GET    | /api/isu/c323a932-e1f4-46a1-b6bb-23aec10087fc/graph | 0.000 | 0.024 | 0.040   | 0.010 | 0.024 | 0.024 | 0.024 | 0.009  | 474.000   | 609.000   | 2134.000     | 533.500   |
| 2      | 0   | 2      | 0   | 0    | 0   | GET    | /api/isu/e34800a2-1cd0-4e3c-82b8-54dd7f44af83/graph | 0.004 | 0.016 | 0.020   | 0.010 | 0.016 | 0.016 | 0.016 | 0.006  | 479.000   | 657.000   | 1136.000     | 568.000   |
| 4      | 0   | 4      | 0   | 0    | 0   | GET    | /api/isu/b358c561-2121-4903-bdc9-739ce3b5b0af       | 0.000 | 0.036 | 0.040   | 0.010 | 0.036 | 0.036 | 0.036 | 0.015  | 123.000   | 123.000   | 492.000      | 123.000   |
| 7      | 0   | 7      | 0   | 0    | 0   | GET    | /api/isu/e5007262-1272-4ca1-9762-e63277b39938       | 0.008 | 0.032 | 0.068   | 0.010 | 0.032 | 0.032 | 0.032 | 0.011  | 126.000   | 126.000   | 882.000      | 126.000   |
| 7      | 0   | 7      | 0   | 0    | 0   | GET    | /api/isu/f4d2abd2-ec8f-470b-aea7-eb886273476c       | 0.000 | 0.060 | 0.068   | 0.010 | 0.060 | 0.060 | 0.060 | 0.021  | 129.000   | 129.000   | 903.000      | 129.000   |
| 40     | 0   | 40     | 0   | 0    | 0   | GET    | /api/isu/d8ff58fd-9cd7-4f9a-9de9-15213eb0e9e4       | 0.000 | 0.188 | 0.384   | 0.010 | 0.020 | 0.024 | 0.188 | 0.029  | 120.000   | 120.000   | 4800.000     | 120.000   |
| 6      | 0   | 6      | 0   | 0    | 0   | GET    | /api/isu/d662a950-dcd6-43cd-ad20-00963966a6e9/graph | 0.004 | 0.032 | 0.056   | 0.009 | 0.032 | 0.032 | 0.032 | 0.010  | 267.000   | 538.000   | 2435.000     | 405.833   |
| 3      | 0   | 3      | 0   | 0    | 0   | GET    | /api/isu/ec66056d-e9c5-46fb-bc53-52b01b09ca86/graph | 0.004 | 0.016 | 0.028   | 0.009 | 0.016 | 0.016 | 0.016 | 0.005  | 266.000   | 619.000   | 1330.000     | 443.333   |
| 3      | 0   | 3      | 0   | 0    | 0   | GET    | /api/isu/fc663ee0-05ef-420d-87ad-b244696bd65b/graph | 0.004 | 0.012 | 0.028   | 0.009 | 0.012 | 0.012 | 0.012 | 0.004  | 430.000   | 597.000   | 1568.000     | 522.667   |
| 16     | 0   | 16     | 0   | 0    | 0   | GET    | /api/isu/fc098a20-ca43-4142-85ad-ba351e3aa345       | 0.008 | 0.048 | 0.144   | 0.009 | 0.036 | 0.048 | 0.048 | 0.013  | 120.000   | 120.000   | 1920.000     | 120.000   |
| 4      | 0   | 4      | 0   | 0    | 0   | GET    | /api/isu/d436fe1c-c129-49d2-97f1-41d7887a19be       | 0.004 | 0.032 | 0.036   | 0.009 | 0.032 | 0.032 | 0.032 | 0.013  | 111.000   | 111.000   | 444.000      | 111.000   |
| 4      | 0   | 4      | 0   | 0    | 0   | GET    | /api/isu/c0f3db86-660f-445e-9bf9-94da47953f9d       | 0.036 | 0.036 | 0.036   | 0.009 | 0.036 | 0.036 | 0.036 | 0.016  | 126.000   | 126.000   | 504.000      | 126.000   |
| 5      | 0   | 5      | 0   | 0    | 0   | GET    | /api/isu/e34800a2-1cd0-4e3c-82b8-54dd7f44af83       | 0.004 | 0.028 | 0.044   | 0.009 | 0.028 | 0.028 | 0.028 | 0.010  | 114.000   | 114.000   | 570.000      | 114.000   |
| 31     | 0   | 31     | 0   | 0    | 0   | GET    | /api/isu/a3a8db23-a9a0-45e6-b759-3138e922de5d       | 0.000 | 0.140 | 0.272   | 0.009 | 0.016 | 0.028 | 0.140 | 0.025  | 111.000   | 111.000   | 3441.000     | 111.000   |
| 19     | 0   | 19     | 0   | 0    | 0   | GET    | /api/isu/be7f2f09-da59-4da4-b62c-f0f659b286d1/graph | 0.008 | 0.048 | 0.164   | 0.009 | 0.020 | 0.048 | 0.048 | 0.011  | 265.000   | 804.000   | 10209.000    | 537.316   |
| 7      | 0   | 7      | 0   | 0    | 0   | GET    | /api/isu/a51ec794-cc05-4b23-bbc5-bb5b94cd213f       | 0.004 | 0.036 | 0.060   | 0.009 | 0.036 | 0.036 | 0.036 | 0.011  | 117.000   | 117.000   | 819.000      | 117.000   |
| 8      | 0   | 8      | 0   | 0    | 0   | GET    | /api/isu/e5007262-1272-4ca1-9762-e63277b39938/graph | 0.012 | 0.012 | 0.068   | 0.008 | 0.012 | 0.012 | 0.012 | 0.005  | 267.000   | 671.000   | 3919.000     | 489.875   |
| 22     | 0   | 22     | 0   | 0    | 0   | GET    | /api/isu/f3ede8ce-71f1-4297-8b3a-60d2eb9e73d5       | 0.012 | 0.076 | 0.176   | 0.008 | 0.012 | 0.032 | 0.076 | 0.016  | 120.000   | 120.000   | 2640.000     | 120.000   |
| 2      | 0   | 2      | 0   | 0    | 0   | GET    | /api/isu/b349912b-9fcc-4f3c-ad96-da91f1257cc3/graph | 0.008 | 0.008 | 0.016   | 0.008 | 0.008 | 0.008 | 0.008 | 0.000  | 495.000   | 527.000   | 1022.000     | 511.000   |
| 2      | 0   | 2      | 0   | 0    | 0   | GET    | /api/isu/a8ca0dec-50a2-4a7f-9ea1-5dbc05c6d1bf/graph | 0.000 | 0.016 | 0.016   | 0.008 | 0.016 | 0.016 | 0.016 | 0.008  | 520.000   | 550.000   | 1070.000     | 535.000   |
| 4      | 0   | 4      | 0   | 0    | 0   | GET    | /api/isu/f1628e6f-998f-4dcc-b893-05de36d0ca9c/graph | 0.008 | 0.008 | 0.032   | 0.008 | 0.008 | 0.008 | 0.008 | 0.000  | 377.000   | 593.000   | 1932.000     | 483.000   |
| 4      | 0   | 4      | 0   | 0    | 0   | GET    | /api/isu/e279d9ed-7ce0-41d8-849d-bf7aec8f40b6       | 0.004 | 0.016 | 0.032   | 0.008 | 0.016 | 0.016 | 0.016 | 0.006  | 135.000   | 135.000   | 540.000      | 135.000   |
| 1      | 0   | 1      | 0   | 0    | 0   | GET    | /api/isu/d88c87c4-2af6-4905-abbf-ced72abdd32d       | 0.008 | 0.008 | 0.008   | 0.008 | 0.008 | 0.008 | 0.008 | 0.000  | 117.000   | 117.000   | 117.000      | 117.000   |
| 1      | 0   | 1      | 0   | 0    | 0   | GET    | /api/isu/e9f731c3-0837-44b7-a552-a817876843e5       | 0.008 | 0.008 | 0.008   | 0.008 | 0.008 | 0.008 | 0.008 | 0.000  | 120.000   | 120.000   | 120.000      | 120.000   |
| 1      | 0   | 1      | 0   | 0    | 0   | GET    | /api/isu/c2f45020-6afb-4e31-9091-4edec960c3ea       | 0.008 | 0.008 | 0.008   | 0.008 | 0.008 | 0.008 | 0.008 | 0.000  | 123.000   | 123.000   | 123.000      | 123.000   |
| 13     | 0   | 13     | 0   | 0    | 0   | GET    | /api/isu/d6a25266-4afa-495a-b39b-de503bcb81df       | 0.004 | 0.032 | 0.104   | 0.008 | 0.016 | 0.032 | 0.032 | 0.009  | 117.000   | 117.000   | 1521.000     | 117.000   |
| 2      | 0   | 2      | 0   | 0    | 0   | GET    | /api/isu/e29f820e-73f9-40b2-bb3b-6c11b836e218/graph | 0.004 | 0.012 | 0.016   | 0.008 | 0.012 | 0.012 | 0.012 | 0.004  | 269.000   | 270.000   | 539.000      | 269.500   |
| 2      | 0   | 2      | 0   | 0    | 0   | GET    | /api/isu/e25afe70-70bf-44f1-8e4c-fdfeb201920c/graph | 0.008 | 0.008 | 0.016   | 0.008 | 0.008 | 0.008 | 0.008 | 0.000  | 483.000   | 543.000   | 1026.000     | 513.000   |
| 1      | 0   | 1      | 0   | 0    | 0   | GET    | /api/isu/a5cf993a-2b24-4aae-a6c9-5ca64c034abf       | 0.008 | 0.008 | 0.008   | 0.008 | 0.008 | 0.008 | 0.008 | 0.000  | 117.000   | 117.000   | 117.000      | 117.000   |
| 1      | 0   | 1      | 0   | 0    | 0   | GET    | /api/isu/f018bd5e-488a-45ce-a73e-04c155f290f0       | 0.008 | 0.008 | 0.008   | 0.008 | 0.008 | 0.008 | 0.008 | 0.000  | 120.000   | 120.000   | 120.000      | 120.000   |
| 6      | 0   | 6      | 0   | 0    | 0   | GET    | /api/isu/b5d4914d-deb0-45df-b6d4-ddbc6ba52d97/graph | 0.000 | 0.024 | 0.048   | 0.008 | 0.024 | 0.024 | 0.024 | 0.008  | 266.000   | 534.000   | 2452.000     | 408.667   |
| 6      | 0   | 6      | 0   | 0    | 0   | GET    | /api/isu/a51ec794-cc05-4b23-bbc5-bb5b94cd213f/graph | 0.000 | 0.024 | 0.048   | 0.008 | 0.024 | 0.024 | 0.024 | 0.009  | 271.000   | 702.000   | 3314.000     | 552.333   |
| 57     | 0   | 53     | 0   | 4    | 0   | GET    | /api/isu/ce41ebfb-96e4-44e7-b714-4b6987591107/graph | 0.000 | 0.108 | 0.452   | 0.008 | 0.024 | 0.036 | 0.108 | 0.016  | 14.000    | 628.000   | 26759.000    | 469.456   |
| 20     | 0   | 20     | 0   | 0    | 0   | GET    | /api/isu/c364a158-a70f-49c2-a544-816bb24fe9ae/graph | 0.004 | 0.040 | 0.156   | 0.008 | 0.012 | 0.028 | 0.040 | 0.010  | 266.000   | 843.000   | 10889.000    | 544.450   |
| 20     | 0   | 20     | 0   | 0    | 0   | GET    | /api/isu/d35a3437-8359-4c14-837d-603607cf1aeb/graph | 0.000 | 0.128 | 0.156   | 0.008 | 0.004 | 0.008 | 0.128 | 0.028  | 271.000   | 860.000   | 10421.000    | 521.050   |
| 12     | 0   | 12     | 0   | 0    | 0   | GET    | /api/isu/e169a5e0-933e-4c35-969a-142efd80dbab/graph | 0.000 | 0.028 | 0.092   | 0.008 | 0.020 | 0.028 | 0.028 | 0.008  | 272.000   | 776.000   | 6190.000     | 515.833   |
| 9      | 0   | 9      | 0   | 0    | 0   | GET    | /api/isu/b15edb0a-704b-4301-8c59-b1de594cee28/graph | 0.004 | 0.024 | 0.068   | 0.008 | 0.024 | 0.024 | 0.024 | 0.008  | 386.000   | 695.000   | 4399.000     | 488.778   |
| 7      | 0   | 7      | 0   | 0    | 0   | GET    | /api/isu/cf2d4c91-2cf6-4278-bd5a-e4faede6ceaf/graph | 0.004 | 0.028 | 0.052   | 0.007 | 0.028 | 0.028 | 0.028 | 0.009  | 272.000   | 645.000   | 3309.000     | 472.714   |
| 7      | 0   | 7      | 0   | 0    | 0   | GET    | /api/isu/cf2d4c91-2cf6-4278-bd5a-e4faede6ceaf       | 0.004 | 0.020 | 0.052   | 0.007 | 0.020 | 0.020 | 0.020 | 0.007  | 129.000   | 129.000   | 903.000      | 129.000   |
| 31     | 0   | 31     | 0   | 0    | 0   | GET    | /api/isu/c43d504c-5a40-49bd-ab0b-e67c10bb1bcc/graph | 0.000 | 0.040 | 0.228   | 0.007 | 0.020 | 0.028 | 0.040 | 0.010  | 266.000   | 765.000   | 14470.000    | 466.774   |
| 6      | 0   | 6      | 0   | 0    | 0   | GET    | /api/isu/fd3baa2f-c24e-4bdd-971b-1565f05f6c33/graph | 0.004 | 0.024 | 0.044   | 0.007 | 0.024 | 0.024 | 0.024 | 0.008  | 270.000   | 650.000   | 2673.000     | 445.500   |
| 6      | 0   | 6      | 0   | 0    | 0   | GET    | /api/isu/a1507674-f491-4c8a-9390-b118a992788c/graph | 0.004 | 0.020 | 0.044   | 0.007 | 0.020 | 0.020 | 0.020 | 0.008  | 427.000   | 606.000   | 3186.000     | 531.000   |
| 5      | 0   | 5      | 0   | 0    | 0   | GET    | /api/isu/e7f98b64-2347-4732-98a6-f7bd9d945aeb/graph | 0.004 | 0.012 | 0.036   | 0.007 | 0.012 | 0.012 | 0.012 | 0.005  | 380.000   | 581.000   | 2333.000     | 466.600   |
| 9      | 0   | 9      | 0   | 0    | 0   | GET    | /api/isu/ee210344-9300-440f-b71e-0d3b84160f11/graph | 0.000 | 0.040 | 0.064   | 0.007 | 0.040 | 0.040 | 0.040 | 0.013  | 270.000   | 647.000   | 4701.000     | 522.333   |
| 4      | 0   | 4      | 0   | 0    | 0   | GET    | /api/isu/da0b52bd-e226-4882-a1b4-39266dee6be1       | 0.004 | 0.020 | 0.028   | 0.007 | 0.020 | 0.020 | 0.020 | 0.008  | 126.000   | 126.000   | 504.000      | 126.000   |
| 7      | 0   | 7      | 0   | 0    | 0   | GET    | /api/isu/bd4fc329-9b88-4654-862b-a5c3e02d5afd       | 0.004 | 0.012 | 0.048   | 0.007 | 0.012 | 0.012 | 0.012 | 0.004  | 114.000   | 114.000   | 798.000      | 114.000   |
| 7      | 0   | 7      | 0   | 0    | 0   | GET    | /api/isu/ec0e0f74-a975-4249-aa8c-1fcfa3bb6c70       | 0.000 | 0.024 | 0.048   | 0.007 | 0.024 | 0.024 | 0.024 | 0.008  | 132.000   | 132.000   | 924.000      | 132.000   |
| 7      | 0   | 7      | 0   | 0    | 0   | GET    | /api/isu/a74e1f4f-0f67-4e54-81db-77dae8cd40ec       | 0.000 | 0.036 | 0.048   | 0.007 | 0.036 | 0.036 | 0.036 | 0.012  | 114.000   | 114.000   | 798.000      | 114.000   |
| 28     | 0   | 28     | 0   | 0    | 0   | GET    | /api/isu/e3c0e714-eac5-4fef-b24a-dec66c272fa3       | 0.000 | 0.056 | 0.188   | 0.007 | 0.032 | 0.032 | 0.056 | 0.013  | 119.000   | 119.000   | 3332.000     | 119.000   |
| 26770  | 0   | 26734  | 0   | 36   | 0   | GET    | /api/trend                                          | 0.000 | 0.444 | 179.260 | 0.007 | 0.016 | 0.024 | 0.060 | 0.021  | 0.000     | 3754.000  | 56547245.000 | 2112.336  |
| 6      | 0   | 6      | 0   | 0    | 0   | GET    | /api/isu/b2fca807-dd63-464a-9c06-ae598d8be90a/graph | 0.004 | 0.024 | 0.040   | 0.007 | 0.024 | 0.024 | 0.024 | 0.008  | 267.000   | 736.000   | 2826.000     | 471.000   |
| 12     | 0   | 12     | 0   | 0    | 0   | GET    | /api/isu/c3fc54d2-f2c9-4923-b130-3a01054fd9ab/graph | 0.004 | 0.016 | 0.080   | 0.007 | 0.008 | 0.016 | 0.016 | 0.004  | 267.000   | 758.000   | 5496.000     | 458.000   |
| 6      | 0   | 6      | 0   | 0    | 0   | GET    | /api/isu/df6ca7e7-e04f-4674-9ca9-0739253ce8bd/graph | 0.004 | 0.016 | 0.040   | 0.007 | 0.016 | 0.016 | 0.016 | 0.005  | 267.000   | 684.000   | 3079.000     | 513.167   |
| 8      | 0   | 8      | 0   | 0    | 0   | GET    | /api/isu/a6d4cb78-0bb9-4c41-a197-5dd42df1d78a       | 0.004 | 0.016 | 0.052   | 0.007 | 0.016 | 0.016 | 0.016 | 0.007  | 120.000   | 120.000   | 960.000      | 120.000   |
| 21     | 0   | 21     | 0   | 0    | 0   | GET    | /api/isu/d8ff58fd-9cd7-4f9a-9de9-15213eb0e9e4/graph | 0.000 | 0.044 | 0.136   | 0.006 | 0.016 | 0.016 | 0.044 | 0.010  | 270.000   | 652.000   | 9413.000     | 448.238   |
| 5      | 0   | 5      | 0   | 0    | 0   | GET    | /api/isu/a6d4cb78-0bb9-4c41-a197-5dd42df1d78a/graph | 0.000 | 0.012 | 0.032   | 0.006 | 0.012 | 0.012 | 0.012 | 0.004  | 272.000   | 656.000   | 2554.000     | 510.800   |
| 7      | 0   | 7      | 0   | 0    | 0   | GET    | /api/isu/e73accf6-12fa-4112-b8e8-457a696403c8/graph | 0.000 | 0.016 | 0.044   | 0.006 | 0.016 | 0.016 | 0.016 | 0.006  | 477.000   | 698.000   | 3864.000     | 552.000   |
| 13     | 0   | 12     | 0   | 1    | 0   | GET    | /api/isu/aca1886c-e2ab-4798-981f-fd24fd23bf8c       | 0.000 | 0.028 | 0.080   | 0.006 | 0.020 | 0.028 | 0.028 | 0.008  | 0.000     | 120.000   | 1440.000     | 110.769   |
| 4      | 0   | 4      | 0   | 0    | 0   | GET    | /api/isu/a8ca0dec-50a2-4a7f-9ea1-5dbc05c6d1bf       | 0.000 | 0.016 | 0.024   | 0.006 | 0.016 | 0.016 | 0.016 | 0.006  | 126.000   | 126.000   | 504.000      | 126.000   |
| 4      | 0   | 4      | 0   | 0    | 0   | GET    | /api/isu/bd4fc329-9b88-4654-862b-a5c3e02d5afd/graph | 0.004 | 0.012 | 0.024   | 0.006 | 0.012 | 0.012 | 0.012 | 0.003  | 377.000   | 534.000   | 1787.000     | 446.750   |
| 4      | 0   | 4      | 0   | 0    | 0   | GET    | /api/isu/db897dd3-d994-4836-97e2-00fb9cb87a22       | 0.008 | 0.008 | 0.024   | 0.006 | 0.008 | 0.008 | 0.008 | 0.003  | 114.000   | 114.000   | 456.000      | 114.000   |
| 2      | 0   | 2      | 0   | 0    | 0   | GET    | /api/isu/e801b2d2-152e-456e-9e03-d40b5713cdb6/graph | 0.004 | 0.008 | 0.012   | 0.006 | 0.008 | 0.008 | 0.008 | 0.002  | 432.000   | 493.000   | 925.000      | 462.500   |
| 2      | 0   | 2      | 0   | 0    | 0   | GET    | /api/isu/c2e6fe18-e5d7-4b1f-8b45-1fd5877011ab/graph | 0.004 | 0.008 | 0.012   | 0.006 | 0.008 | 0.008 | 0.008 | 0.002  | 423.000   | 495.000   | 918.000      | 459.000   |
| 4      | 0   | 4      | 0   | 0    | 0   | GET    | /api/isu/ec66056d-e9c5-46fb-bc53-52b01b09ca86       | 0.008 | 0.012 | 0.024   | 0.006 | 0.012 | 0.012 | 0.012 | 0.004  | 120.000   | 120.000   | 480.000      | 120.000   |
| 2      | 0   | 2      | 0   | 0    | 0   | GET    | /api/isu/d436fe1c-c129-49d2-97f1-41d7887a19be/graph | 0.012 | 0.012 | 0.012   | 0.006 | 0.012 | 0.012 | 0.012 | 0.006  | 495.000   | 538.000   | 1033.000     | 516.500   |
| 4      | 0   | 4      | 0   | 0    | 0   | GET    | /api/isu/b8688280-fa44-48df-a9fc-0b75bd7f896b       | 0.000 | 0.024 | 0.024   | 0.006 | 0.024 | 0.024 | 0.024 | 0.010  | 117.000   | 117.000   | 468.000      | 117.000   |
| 2      | 0   | 0      | 0   | 2    | 0   | GET    | /api/isu/d5226f7b-3c7b-477e-ba8b-3cc7a4012e9d/icon  | 0.012 | 0.012 | 0.012   | 0.006 | 0.012 | 0.012 | 0.012 | 0.006  | 14.000    | 21.000    | 35.000       | 17.500    |
| 63     | 0   | 61     | 0   | 2    | 0   | GET    | /api/isu/ce41ebfb-96e4-44e7-b714-4b6987591107       | 0.000 | 0.068 | 0.376   | 0.006 | 0.020 | 0.024 | 0.068 | 0.011  | 14.000    | 123.000   | 7538.000     | 119.651   |
| 11     | 0   | 11     | 0   | 0    | 0   | GET    | /api/isu/f0460030-f13a-48bf-bf07-9636717148d2/graph | 0.004 | 0.016 | 0.064   | 0.006 | 0.016 | 0.016 | 0.016 | 0.006  | 270.000   | 732.000   | 5432.000     | 493.818   |
| 28     | 0   | 28     | 0   | 0    | 0   | GET    | /api/isu/e90d5e80-03d6-4aee-859a-491baf936ae5       | 0.012 | 0.044 | 0.160   | 0.006 | 0.016 | 0.028 | 0.044 | 0.010  | 120.000   | 120.000   | 3360.000     | 120.000   |
| 21     | 0   | 19     | 0   | 2    | 0   | GET    | /api/isu/e0205741-89ee-4a59-a7ef-b7f0efa42759       | 0.016 | 0.060 | 0.120   | 0.006 | 0.016 | 0.016 | 0.060 | 0.013  | 14.000    | 117.000   | 2258.000     | 107.524   |
| 7      | 0   | 7      | 0   | 0    | 0   | GET    | /api/isu/d50844e6-05ae-4481-8c69-cbde08533bb3       | 0.004 | 0.024 | 0.040   | 0.006 | 0.024 | 0.024 | 0.024 | 0.008  | 117.000   | 117.000   | 819.000      | 117.000   |
| 7      | 0   | 7      | 0   | 0    | 0   | GET    | /api/isu/beae6508-f265-4b3c-b6a5-cbe2b640ca4b/graph | 0.000 | 0.012 | 0.040   | 0.006 | 0.012 | 0.012 | 0.012 | 0.004  | 267.000   | 693.000   | 3440.000     | 491.429   |
| 7      | 0   | 7      | 0   | 0    | 0   | GET    | /api/isu/e321eb76-5a06-4e56-897a-0fae7e7679d3       | 0.004 | 0.036 | 0.040   | 0.006 | 0.036 | 0.036 | 0.036 | 0.012  | 117.000   | 117.000   | 819.000      | 117.000   |
| 9622   | 0   | 9378   | 0   | 244  | 0   | GET    | /api/condition/[a-z0-9-]+                           | 0.000 | 0.312 | 54.724  | 0.006 | 0.012 | 0.020 | 0.052 | 0.015  | 0.000     | 1018.000  | 2844481.000  | 295.623   |
| 12     | 0   | 12     | 0   | 0    | 0   | GET    | /api/isu/b4713674-4174-417e-a4fb-2e61e3eb74d6/graph | 0.000 | 0.024 | 0.068   | 0.006 | 0.012 | 0.024 | 0.024 | 0.007  | 266.000   | 702.000   | 5976.000     | 498.000   |
| 13     | 0   | 13     | 0   | 0    | 0   | GET    | /api/isu/efa20cdd-a9b6-46c8-afbd-c5563b784b15       | 0.004 | 0.020 | 0.072   | 0.006 | 0.016 | 0.020 | 0.020 | 0.007  | 114.000   | 114.000   | 1482.000     | 114.000   |
| 52     | 0   | 52     | 0   | 0    | 0   | GET    | /api/isu/f593ed9a-1a57-43c8-b595-177f6687054c/graph | 0.016 | 0.056 | 0.284   | 0.005 | 0.016 | 0.020 | 0.056 | 0.010  | 270.000   | 841.000   | 29556.000    | 568.385   |
| 11     | 0   | 11     | 0   | 0    | 0   | GET    | /api/isu/c281451b-cdb0-4d6e-b174-e7a804e3d781/graph | 0.004 | 0.016 | 0.060   | 0.005 | 0.012 | 0.016 | 0.016 | 0.005  | 270.000   | 877.000   | 5810.000     | 528.182   |
| 39     | 0   | 39     | 0   | 0    | 0   | GET    | /api/isu/c84f8be4-bf2f-4a1e-9a3f-097899164c0a/graph | 0.000 | 0.052 | 0.208   | 0.005 | 0.020 | 0.024 | 0.052 | 0.010  | 271.000   | 867.000   | 19809.000    | 507.923   |
| 6      | 0   | 6      | 0   | 0    | 0   | GET    | /api/isu/eda48ef1-0449-4ae2-b74b-09dc62472a3b/graph | 0.004 | 0.016 | 0.032   | 0.005 | 0.016 | 0.016 | 0.016 | 0.005  | 272.000   | 716.000   | 2716.000     | 452.667   |
| 3      | 0   | 3      | 0   | 0    | 0   | GET    | /api/isu/adf070ae-87bb-4b77-a709-89356346d786/graph | 0.000 | 0.012 | 0.016   | 0.005 | 0.012 | 0.012 | 0.012 | 0.005  | 437.000   | 449.000   | 1325.000     | 441.667   |
| 22     | 0   | 22     | 0   | 0    | 0   | GET    | /api/isu/ac5cc1fb-dca0-4f6c-a84f-18c063403e98       | 0.000 | 0.024 | 0.116   | 0.005 | 0.016 | 0.024 | 0.024 | 0.007  | 126.000   | 126.000   | 2772.000     | 126.000   |
| 5494   | 0   | 5239   | 0   | 255  | 0   | GET    | /api/isu/[0-9]+                                     | 0.000 | 0.272 | 28.832  | 0.005 | 0.012 | 0.020 | 0.052 | 0.013  | 0.000     | 1006.000  | 1517845.000  | 276.273   |
| 13     | 0   | 13     | 0   | 0    | 0   | GET    | /api/isu/f3ede8ce-71f1-4297-8b3a-60d2eb9e73d5/graph | 0.004 | 0.012 | 0.068   | 0.005 | 0.012 | 0.012 | 0.012 | 0.005  | 265.000   | 739.000   | 6557.000     | 504.385   |
| 161336 | 0   | 160266 | 0   | 1069 | 1   | POST   | /api/condition/[a-z0-9-]+                           | 0.004 | 0.513 | 826.082 | 0.005 | 0.012 | 0.020 | 0.052 | 0.014  | 0.000     | 14.000    | 56.000       | 0.000     |
| 63     | 0   | 55     | 0   | 8    | 0   | GET    | /api/isu/ef1c5a44-8686-4caf-8a28-73f8d0c7014b/graph | 0.004 | 0.040 | 0.320   | 0.005 | 0.012 | 0.020 | 0.040 | 0.007  | 14.000    | 936.000   | 28541.000    | 453.032   |
| 15     | 0   | 15     | 0   | 0    | 0   | GET    | /api/isu/fc098a20-ca43-4142-85ad-ba351e3aa345/graph | 0.000 | 0.024 | 0.076   | 0.005 | 0.012 | 0.024 | 0.024 | 0.006  | 272.000   | 650.000   | 7294.000     | 486.267   |
| 34     | 0   | 34     | 0   | 0    | 0   | GET    | /api/isu/d35a3437-8359-4c14-837d-603607cf1aeb       | 0.004 | 0.080 | 0.172   | 0.005 | 0.008 | 0.020 | 0.080 | 0.014  | 119.000   | 119.000   | 4046.000     | 119.000   |
| 16     | 0   | 16     | 0   | 0    | 0   | GET    | /api/isu/be7f2f09-da59-4da4-b62c-f0f659b286d1       | 0.008 | 0.020 | 0.080   | 0.005 | 0.016 | 0.020 | 0.020 | 0.006  | 121.000   | 121.000   | 1936.000     | 121.000   |
| 4      | 0   | 4      | 0   | 0    | 0   | GET    | /api/isu/c2e6fe18-e5d7-4b1f-8b45-1fd5877011ab       | 0.000 | 0.012 | 0.020   | 0.005 | 0.012 | 0.012 | 0.012 | 0.004  | 123.000   | 123.000   | 492.000      | 123.000   |
| 4      | 0   | 4      | 0   | 0    | 0   | GET    | /api/isu/facdc471-1416-4a26-bc00-1b6dba58e85c       | 0.004 | 0.008 | 0.020   | 0.005 | 0.008 | 0.008 | 0.008 | 0.002  | 126.000   | 126.000   | 504.000      | 126.000   |
| 4      | 0   | 4      | 0   | 0    | 0   | GET    | /api/isu/f93745ec-d77b-4ee7-8ac6-e895a64de908       | 0.000 | 0.020 | 0.020   | 0.005 | 0.020 | 0.020 | 0.020 | 0.009  | 123.000   | 123.000   | 492.000      | 123.000   |
| 4      | 0   | 4      | 0   | 0    | 0   | GET    | /api/isu/c323a932-e1f4-46a1-b6bb-23aec10087fc       | 0.004 | 0.012 | 0.020   | 0.005 | 0.012 | 0.012 | 0.012 | 0.004  | 123.000   | 123.000   | 492.000      | 123.000   |
| 4      | 0   | 4      | 0   | 0    | 0   | GET    | /api/isu/db864680-286d-4c4d-95b3-2d02e0f12fb0       | 0.000 | 0.016 | 0.020   | 0.005 | 0.016 | 0.016 | 0.016 | 0.007  | 112.000   | 112.000   | 448.000      | 112.000   |
| 76     | 0   | 76     | 0   | 0    | 0   | GET    | /api/isu/f593ed9a-1a57-43c8-b595-177f6687054c       | 0.000 | 0.040 | 0.376   | 0.005 | 0.016 | 0.020 | 0.040 | 0.008  | 125.000   | 125.000   | 9500.000     | 125.000   |
| 44     | 0   | 44     | 0   | 0    | 0   | GET    | /api/isu/a939f878-b349-4fa7-bb1f-4ed0c03dc258/graph | 0.004 | 0.040 | 0.216   | 0.005 | 0.016 | 0.016 | 0.040 | 0.007  | 271.000   | 782.000   | 21438.000    | 487.227   |
| 24     | 0   | 24     | 0   | 0    | 0   | GET    | /api/isu/e3c0e714-eac5-4fef-b24a-dec66c272fa3/graph | 0.000 | 0.024 | 0.116   | 0.005 | 0.012 | 0.012 | 0.024 | 0.006  | 266.000   | 795.000   | 12269.000    | 511.208   |
| 35     | 0   | 35     | 0   | 0    | 0   | GET    | /api/isu/a63c6a1e-a434-4cc5-a9a5-0af9d4b42e43/graph | 0.004 | 0.040 | 0.168   | 0.005 | 0.008 | 0.040 | 0.040 | 0.009  | 273.000   | 907.000   | 18066.000    | 516.171   |
| 10     | 0   | 10     | 0   | 0    | 0   | GET    | /api/isu/fecc7c8f-22e1-493d-8b76-2118085f4dda       | 0.004 | 0.016 | 0.048   | 0.005 | 0.012 | 0.016 | 0.016 | 0.005  | 118.000   | 118.000   | 1180.000     | 118.000   |
| 5      | 0   | 5      | 0   | 0    | 0   | GET    | /api/isu/e801b2d2-152e-456e-9e03-d40b5713cdb6       | 0.004 | 0.012 | 0.024   | 0.005 | 0.012 | 0.012 | 0.012 | 0.005  | 126.000   | 126.000   | 630.000      | 126.000   |
| 5      | 0   | 5      | 0   | 0    | 0   | GET    | /api/isu/d8210c8c-437a-48b0-8fc4-2cfbc89181f9       | 0.000 | 0.020 | 0.024   | 0.005 | 0.020 | 0.020 | 0.020 | 0.008  | 126.000   | 126.000   | 630.000      | 126.000   |
| 1375   | 0   | 1103   | 0   | 272  | 0   | POST   | /api/auth                                           | 0.000 | 0.316 | 6.572   | 0.005 | 0.012 | 0.016 | 0.040 | 0.014  | 0.000     | 19.000    | 3128.000     | 2.275     |
| 11     | 0   | 11     | 0   | 0    | 0   | GET    | /api/isu/d6a25266-4afa-495a-b39b-de503bcb81df/graph | 0.000 | 0.028 | 0.052   | 0.005 | 0.008 | 0.028 | 0.028 | 0.008  | 267.000   | 655.000   | 5024.000     | 456.727   |
| 30     | 0   | 30     | 0   | 0    | 0   | GET    | /api/isu/da92bfa2-5d69-479e-b2a4-69e7bd1541e9/graph | 0.004 | 0.032 | 0.140   | 0.005 | 0.008 | 0.016 | 0.032 | 0.006  | 271.000   | 916.000   | 16643.000    | 554.767   |
| 24     | 0   | 24     | 0   | 0    | 0   | GET    | /api/isu/dd7588cb-ff5a-473b-9c3c-d18f0d073e18/graph | 0.016 | 0.016 | 0.112   | 0.005 | 0.012 | 0.016 | 0.016 | 0.005  | 270.000   | 785.000   | 12809.000    | 533.708   |
| 13     | 0   | 13     | 0   | 0    | 0   | GET    | /api/isu/afb43ea3-9ded-44a3-b152-c555801ab611/graph | 0.000 | 0.016 | 0.060   | 0.005 | 0.012 | 0.016 | 0.016 | 0.005  | 265.000   | 815.000   | 6634.000     | 510.308   |
| 7      | 0   | 7      | 0   | 0    | 0   | GET    | /api/isu/afe4ad15-19d6-4a3b-949f-4a6c5d941953       | 0.008 | 0.016 | 0.032   | 0.005 | 0.016 | 0.016 | 0.016 | 0.006  | 129.000   | 129.000   | 903.000      | 129.000   |
| 8      | 0   | 8      | 0   | 0    | 0   | GET    | /api/isu/eda48ef1-0449-4ae2-b74b-09dc62472a3b       | 0.004 | 0.020 | 0.036   | 0.005 | 0.020 | 0.020 | 0.020 | 0.006  | 120.000   | 120.000   | 960.000      | 120.000   |
| 5730   | 0   | 5696   | 0   | 34   | 0   | GET    | /api/isu                                            | 0.004 | 0.272 | 25.644  | 0.004 | 0.012 | 0.016 | 0.040 | 0.012  | 3.000     | 1211.000  | 4245670.000  | 740.955   |
| 27     | 0   | 27     | 0   | 0    | 0   | GET    | /api/isu/e554e845-98ba-4a25-af78-eb68e7b54ce5       | 0.016 | 0.028 | 0.120   | 0.004 | 0.016 | 0.016 | 0.028 | 0.007  | 126.000   | 126.000   | 3402.000     | 126.000   |
| 9      | 0   | 9      | 0   | 0    | 0   | GET    | /api/isu/f1e81f96-9090-41e8-8c17-13d90a5c1eec/graph | 0.000 | 0.016 | 0.040   | 0.004 | 0.016 | 0.016 | 0.016 | 0.005  | 265.000   | 793.000   | 5632.000     | 625.778   |
| 37     | 0   | 33     | 0   | 4    | 0   | GET    | /api/isu/c58c2381-446b-4a7f-964e-4c41253f09fc/graph | 0.004 | 0.024 | 0.164   | 0.004 | 0.016 | 0.016 | 0.024 | 0.006  | 14.000    | 771.000   | 17082.000    | 461.676   |
| 28     | 0   | 28     | 0   | 0    | 0   | GET    | /api/isu/c364a158-a70f-49c2-a544-816bb24fe9ae       | 0.004 | 0.024 | 0.124   | 0.004 | 0.012 | 0.016 | 0.024 | 0.006  | 116.000   | 116.000   | 3248.000     | 116.000   |
| 10     | 0   | 10     | 0   | 0    | 0   | GET    | /api/isu/afe4ad15-19d6-4a3b-949f-4a6c5d941953/graph | 0.000 | 0.016 | 0.044   | 0.004 | 0.012 | 0.016 | 0.016 | 0.006  | 267.000   | 772.000   | 4618.000     | 461.800   |
| 10     | 0   | 10     | 0   | 0    | 0   | GET    | /api/isu/b5d4914d-deb0-45df-b6d4-ddbc6ba52d97       | 0.000 | 0.012 | 0.044   | 0.004 | 0.008 | 0.012 | 0.012 | 0.004  | 117.000   | 117.000   | 1170.000     | 117.000   |
| 34     | 0   | 34     | 0   | 0    | 0   | GET    | /api/isu/cb0315e5-6163-45b3-b213-b8aa78f4d7e7/graph | 0.012 | 0.040 | 0.140   | 0.004 | 0.008 | 0.024 | 0.040 | 0.008  | 270.000   | 866.000   | 18382.000    | 540.647   |
| 96     | 0   | 94     | 0   | 2    | 0   | GET    | /api/isu/ef1c5a44-8686-4caf-8a28-73f8d0c7014b       | 0.004 | 0.044 | 0.392   | 0.004 | 0.012 | 0.020 | 0.044 | 0.007  | 14.000    | 122.000   | 11503.000    | 119.823   |
| 62     | 0   | 62     | 0   | 0    | 0   | GET    | /api/isu/c3497375-f872-40eb-8e39-bb2d2c9c9c31/graph | 0.004 | 0.048 | 0.252   | 0.004 | 0.008 | 0.012 | 0.048 | 0.008  | 271.000   | 910.000   | 31830.000    | 513.387   |
| 10     | 0   | 10     | 0   | 0    | 0   | GET    | /api/isu/c281451b-cdb0-4d6e-b174-e7a804e3d781       | 0.004 | 0.020 | 0.040   | 0.004 | 0.008 | 0.020 | 0.020 | 0.006  | 120.000   | 120.000   | 1200.000     | 120.000   |
| 68     | 0   | 68     | 0   | 0    | 0   | GET    | /api/isu/a0ea046d-0c02-4453-8b41-34fe66e0d239/graph | 0.004 | 0.036 | 0.272   | 0.004 | 0.008 | 0.020 | 0.036 | 0.007  | 271.000   | 884.000   | 35164.000    | 517.118   |
| 4      | 0   | 0      | 0   | 4    | 0   | GET    | /api/isu/ddb5d482-f4cd-4834-9ac5-e0b289f12dba/graph | 0.012 | 0.012 | 0.016   | 0.004 | 0.012 | 0.012 | 0.012 | 0.005  | 14.000    | 21.000    | 72.000       | 18.000    |
| 1      | 0   | 1      | 0   | 0    | 0   | GET    | /api/isu/b37744a4-68ab-4830-aaf4-f404c6f0d272       | 0.004 | 0.004 | 0.004   | 0.004 | 0.004 | 0.004 | 0.004 | 0.000  | 120.000   | 120.000   | 120.000      | 120.000   |
| 4      | 0   | 4      | 0   | 0    | 0   | GET    | /api/isu/ff54bde3-f85f-4dc2-a31a-b5ccb0bdb70a       | 0.004 | 0.008 | 0.016   | 0.004 | 0.008 | 0.008 | 0.008 | 0.003  | 117.000   | 117.000   | 468.000      | 117.000   |
| 7      | 0   | 7      | 0   | 0    | 0   | GET    | /api/isu/b15edb0a-704b-4301-8c59-b1de594cee28       | 0.004 | 0.012 | 0.028   | 0.004 | 0.012 | 0.012 | 0.012 | 0.004  | 123.000   | 123.000   | 861.000      | 123.000   |
| 1      | 0   | 1      | 0   | 0    | 0   | GET    | /api/isu/ce442948-15c3-48fc-9790-8969ace38e1a       | 0.004 | 0.004 | 0.004   | 0.004 | 0.004 | 0.004 | 0.004 | 0.000  | 126.000   | 126.000   | 126.000      | 126.000   |
| 4      | 0   | 4      | 0   | 0    | 0   | GET    | /api/isu/db864680-286d-4c4d-95b3-2d02e0f12fb0/graph | 0.008 | 0.008 | 0.016   | 0.004 | 0.008 | 0.008 | 0.008 | 0.004  | 380.000   | 781.000   | 2223.000     | 555.750   |
| 2      | 0   | 2      | 0   | 0    | 0   | GET    | /api/isu/facdc471-1416-4a26-bc00-1b6dba58e85c/graph | 0.008 | 0.008 | 0.008   | 0.004 | 0.008 | 0.008 | 0.008 | 0.004  | 270.000   | 383.000   | 653.000      | 326.500   |
| 1      | 0   | 1      | 0   | 0    | 0   | GET    | /api/isu/bae3600d-bcf0-4229-80ce-202f665ab87b       | 0.004 | 0.004 | 0.004   | 0.004 | 0.004 | 0.004 | 0.004 | 0.000  | 117.000   | 117.000   | 117.000      | 117.000   |
| 1      | 0   | 1      | 0   | 0    | 0   | GET    | /api/isu/e6008b9f-a55d-45a6-a47e-d5799a8a8064       | 0.004 | 0.004 | 0.004   | 0.004 | 0.004 | 0.004 | 0.004 | 0.000  | 120.000   | 120.000   | 120.000      | 120.000   |
| 2      | 0   | 2      | 0   | 0    | 0   | GET    | /api/isu/ff54bde3-f85f-4dc2-a31a-b5ccb0bdb70a/graph | 0.000 | 0.008 | 0.008   | 0.004 | 0.008 | 0.008 | 0.008 | 0.004  | 449.000   | 487.000   | 936.000      | 468.000   |
| 8      | 0   | 8      | 0   | 0    | 0   | GET    | /api/isu/f4d2abd2-ec8f-470b-aea7-eb886273476c/graph | 0.004 | 0.016 | 0.032   | 0.004 | 0.016 | 0.016 | 0.016 | 0.005  | 267.000   | 593.000   | 3150.000     | 393.750   |
| 5      | 0   | 5      | 0   | 0    | 0   | GET    | /api/isu/b349912b-9fcc-4f3c-ad96-da91f1257cc3       | 0.008 | 0.008 | 0.020   | 0.004 | 0.008 | 0.008 | 0.008 | 0.004  | 114.000   | 114.000   | 570.000      | 114.000   |
| 1      | 0   | 1      | 0   | 0    | 0   | GET    | /api/isu/e06932a7-c969-4425-8ccc-4693f5faeef7       | 0.004 | 0.004 | 0.004   | 0.004 | 0.004 | 0.004 | 0.004 | 0.000  | 135.000   | 135.000   | 135.000      | 135.000   |
| 5      | 0   | 5      | 0   | 0    | 0   | GET    | /api/isu/c32502e6-04ee-4fad-ae31-3fce03ab8dc7       | 0.000 | 0.008 | 0.020   | 0.004 | 0.008 | 0.008 | 0.008 | 0.003  | 114.000   | 114.000   | 570.000      | 114.000   |
| 1      | 0   | 1      | 0   | 0    | 0   | GET    | /api/isu/f6eebcab-8b7a-4583-8625-5b5d46679888       | 0.004 | 0.004 | 0.004   | 0.004 | 0.004 | 0.004 | 0.004 | 0.000  | 120.000   | 120.000   | 120.000      | 120.000   |
| 7      | 0   | 7      | 0   | 0    | 0   | GET    | /api/isu/ef72dd48-eff2-4264-a6ac-8cd9e4b0d87d/graph | 0.000 | 0.012 | 0.028   | 0.004 | 0.012 | 0.012 | 0.012 | 0.004  | 272.000   | 668.000   | 3531.000     | 504.429   |
| 8      | 0   | 8      | 0   | 0    | 0   | GET    | /api/isu/b096126a-715a-4559-aae9-186e57a207f9/graph | 0.004 | 0.012 | 0.032   | 0.004 | 0.012 | 0.012 | 0.012 | 0.004  | 384.000   | 679.000   | 4381.000     | 547.625   |
| 2      | 0   | 0      | 0   | 2    | 0   | GET    | /api/isu/e0205741-89ee-4a59-a7ef-b7f0efa42759/icon  | 0.004 | 0.004 | 0.008   | 0.004 | 0.004 | 0.004 | 0.004 | 0.000  | 14.000    | 21.000    | 35.000       | 17.500    |
| 1      | 0   | 1      | 0   | 0    | 0   | GET    | /api/isu/ba299dcb-f534-4766-83b6-8acdf96d50be       | 0.004 | 0.004 | 0.004   | 0.004 | 0.004 | 0.004 | 0.004 | 0.000  | 120.000   | 120.000   | 120.000      | 120.000   |
| 6      | 0   | 6      | 0   | 0    | 0   | GET    | /api/isu/f19183b3-f5dd-4f97-970b-80c8b9b6d9b5/graph | 0.004 | 0.012 | 0.024   | 0.004 | 0.012 | 0.012 | 0.012 | 0.005  | 374.000   | 729.000   | 3592.000     | 598.667   |
| 1      | 0   | 1      | 0   | 0    | 0   | GET    | /api/isu/b25e95dc-0157-42ca-b267-6a388f3f8ef1       | 0.004 | 0.004 | 0.004   | 0.004 | 0.004 | 0.004 | 0.004 | 0.000  | 114.000   | 114.000   | 114.000      | 114.000   |
| 4      | 0   | 4      | 0   | 0    | 0   | GET    | /api/isu/e29f820e-73f9-40b2-bb3b-6c11b836e218       | 0.008 | 0.008 | 0.016   | 0.004 | 0.008 | 0.008 | 0.008 | 0.003  | 117.000   | 117.000   | 468.000      | 117.000   |
| 4      | 0   | 4      | 0   | 0    | 0   | GET    | /api/isu/f99eaefc-0a15-4cba-ab39-651be986f803       | 0.000 | 0.008 | 0.016   | 0.004 | 0.008 | 0.008 | 0.008 | 0.003  | 117.000   | 117.000   | 468.000      | 117.000   |
| 8      | 0   | 8      | 0   | 0    | 0   | GET    | /api/isu/fecc7c8f-22e1-493d-8b76-2118085f4dda/graph | 0.000 | 0.008 | 0.032   | 0.004 | 0.008 | 0.008 | 0.008 | 0.003  | 270.000   | 642.000   | 3719.000     | 464.875   |
| 6      | 0   | 6      | 0   | 0    | 0   | GET    | /api/isu/aca1886c-e2ab-4798-981f-fd24fd23bf8c/graph | 0.004 | 0.008 | 0.024   | 0.004 | 0.008 | 0.008 | 0.008 | 0.003  | 266.000   | 630.000   | 2418.000     | 403.000   |
| 1      | 0   | 1      | 0   | 0    | 0   | GET    | /api/isu/b0ffeff3-968c-4132-9043-98cbd2317514       | 0.004 | 0.004 | 0.004   | 0.004 | 0.004 | 0.004 | 0.004 | 0.000  | 123.000   | 123.000   | 123.000      | 123.000   |
| 1      | 0   | 1      | 0   | 0    | 0   | GET    | /api/isu/f93fd958-c009-4ea3-9565-4531df593a2a       | 0.004 | 0.004 | 0.004   | 0.004 | 0.004 | 0.004 | 0.004 | 0.000  | 120.000   | 120.000   | 120.000      | 120.000   |
| 2      | 0   | 2      | 0   | 0    | 0   | GET    | /api/isu/f99eaefc-0a15-4cba-ab39-651be986f803/graph | 0.008 | 0.008 | 0.008   | 0.004 | 0.008 | 0.008 | 0.008 | 0.004  | 266.000   | 554.000   | 820.000      | 410.000   |
| 1      | 0   | 1      | 0   | 0    | 0   | GET    | /api/isu/f6ec48c8-a235-40b1-b019-2d450bb448ac       | 0.004 | 0.004 | 0.004   | 0.004 | 0.004 | 0.004 | 0.004 | 0.000  | 126.000   | 126.000   | 126.000      | 126.000   |
| 2      | 0   | 2      | 0   | 0    | 0   | GET    | /api/isu/c32502e6-04ee-4fad-ae31-3fce03ab8dc7/graph | 0.004 | 0.004 | 0.008   | 0.004 | 0.004 | 0.004 | 0.004 | 0.000  | 477.000   | 491.000   | 968.000      | 484.000   |
| 4      | 0   | 4      | 0   | 0    | 0   | GET    | /api/isu/db897dd3-d994-4836-97e2-00fb9cb87a22/graph | 0.000 | 0.012 | 0.016   | 0.004 | 0.012 | 0.012 | 0.012 | 0.005  | 381.000   | 591.000   | 1891.000     | 472.750   |
| 1      | 0   | 1      | 0   | 0    | 0   | GET    | /api/isu/ac9a788f-b5e0-4ecf-a59e-d52ada446b45       | 0.004 | 0.004 | 0.004   | 0.004 | 0.004 | 0.004 | 0.004 | 0.000  | 112.000   | 112.000   | 112.000      | 112.000   |
| 24     | 0   | 24     | 0   | 0    | 0   | GET    | /api/isu/a575b14a-c2ef-4abf-9a45-b834058589f0/graph | 0.004 | 0.012 | 0.092   | 0.004 | 0.008 | 0.012 | 0.012 | 0.003  | 273.000   | 832.000   | 12475.000    | 519.792   |
| 10     | 0   | 10     | 0   | 0    | 0   | GET    | /api/isu/d662a950-dcd6-43cd-ad20-00963966a6e9       | 0.000 | 0.020 | 0.036   | 0.004 | 0.004 | 0.020 | 0.020 | 0.006  | 126.000   | 126.000   | 1260.000     | 126.000   |
| 49     | 0   | 49     | 0   | 0    | 0   | GET    | /api/isu/a939727c-98ec-4bd5-a1aa-1b16d490f63d/graph | 0.004 | 0.020 | 0.176   | 0.004 | 0.012 | 0.020 | 0.020 | 0.005  | 266.000   | 808.000   | 25842.000    | 527.388   |
| 40     | 0   | 40     | 0   | 0    | 0   | GET    | /api/isu/ffaf9503-0a42-4a6d-808c-3c94e9cea7a5       | 0.004 | 0.032 | 0.140   | 0.004 | 0.012 | 0.016 | 0.032 | 0.006  | 122.000   | 122.000   | 4880.000     | 122.000   |
| 1958   | 0   | 998    | 0   | 960  | 0   | GET    | /api/user/me                                        | 0.004 | 0.272 | 6.804   | 0.003 | 0.008 | 0.016 | 0.040 | 0.010  | 21.000    | 40.000    | 52498.000    | 26.812    |
| 7      | 0   | 7      | 0   | 0    | 0   | GET    | /api/isu/beae6508-f265-4b3c-b6a5-cbe2b640ca4b       | 0.004 | 0.012 | 0.024   | 0.003 | 0.012 | 0.012 | 0.012 | 0.004  | 121.000   | 121.000   | 847.000      | 121.000   |
| 13     | 0   | 13     | 0   | 0    | 0   | GET    | /api/isu/f1e81f96-9090-41e8-8c17-13d90a5c1eec       | 0.004 | 0.012 | 0.044   | 0.003 | 0.008 | 0.012 | 0.012 | 0.003  | 126.000   | 126.000   | 1638.000     | 126.000   |
| 13     | 0   | 13     | 0   | 0    | 0   | GET    | /api/isu/c3fc54d2-f2c9-4923-b130-3a01054fd9ab       | 0.000 | 0.016 | 0.044   | 0.003 | 0.012 | 0.016 | 0.016 | 0.005  | 120.000   | 120.000   | 1560.000     | 120.000   |
| 19     | 0   | 19     | 0   | 0    | 0   | GET    | /api/isu/bafb494a-d652-47a4-a432-b10f7f3d3a58/graph | 0.008 | 0.024 | 0.064   | 0.003 | 0.012 | 0.024 | 0.024 | 0.006  | 273.000   | 724.000   | 9878.000     | 519.895   |
| 965    | 0   | 929    | 0   | 36   | 0   | POST   | /api/signout                                        | 0.004 | 0.108 | 3.224   | 0.003 | 0.008 | 0.016 | 0.036 | 0.009  | 0.000     | 21.000    | 756.000      | 0.783     |
| 40     | 0   | 40     | 0   | 0    | 0   | GET    | /api/isu/cb0315e5-6163-45b3-b213-b8aa78f4d7e7       | 0.004 | 0.016 | 0.132   | 0.003 | 0.008 | 0.012 | 0.016 | 0.004  | 114.000   | 114.000   | 4560.000     | 114.000   |
| 49     | 0   | 49     | 0   | 0    | 0   | GET    | /api/isu/c84f8be4-bf2f-4a1e-9a3f-097899164c0a       | 0.004 | 0.028 | 0.160   | 0.003 | 0.008 | 0.016 | 0.028 | 0.006  | 119.000   | 119.000   | 5831.000     | 119.000   |
| 31     | 0   | 31     | 0   | 0    | 0   | GET    | /api/isu/dd7588cb-ff5a-473b-9c3c-d18f0d073e18       | 0.016 | 0.016 | 0.100   | 0.003 | 0.012 | 0.012 | 0.016 | 0.004  | 116.000   | 116.000   | 3596.000     | 116.000   |
| 24     | 0   | 24     | 0   | 0    | 0   | GET    | /api/isu/f838c725-1b5d-4e38-84e1-1102c0ae94fa/graph | 0.000 | 0.020 | 0.076   | 0.003 | 0.008 | 0.012 | 0.020 | 0.005  | 271.000   | 765.000   | 11813.000    | 492.208   |
| 42     | 0   | 38     | 0   | 4    | 0   | GET    | /api/isu/da5497d0-853d-4f6b-b1aa-0fe82c99b1bd/graph | 0.004 | 0.036 | 0.132   | 0.003 | 0.008 | 0.008 | 0.036 | 0.006  | 14.000    | 825.000   | 20586.000    | 490.143   |
| 49     | 0   | 49     | 0   | 0    | 0   | GET    | /api/isu/a2f23eac-f7f0-47de-acae-179eb077cb4b       | 0.000 | 0.032 | 0.152   | 0.003 | 0.008 | 0.020 | 0.032 | 0.007  | 113.000   | 113.000   | 5537.000     | 113.000   |
| 30     | 0   | 30     | 0   | 0    | 0   | GET    | /api/isu/ef114bc6-e12d-4070-afd2-42d295e99da9/graph | 0.004 | 0.016 | 0.092   | 0.003 | 0.008 | 0.016 | 0.016 | 0.004  | 271.000   | 794.000   | 14720.000    | 490.667   |
| 82     | 0   | 82     | 0   | 0    | 0   | GET    | /api/isu/a0ea046d-0c02-4453-8b41-34fe66e0d239       | 0.012 | 0.036 | 0.248   | 0.003 | 0.008 | 0.012 | 0.036 | 0.007  | 119.000   | 119.000   | 9758.000     | 119.000   |
| 49     | 0   | 49     | 0   | 0    | 0   | GET    | /api/isu/da5497d0-853d-4f6b-b1aa-0fe82c99b1bd       | 0.000 | 0.028 | 0.148   | 0.003 | 0.008 | 0.012 | 0.028 | 0.006  | 125.000   | 125.000   | 6125.000     | 125.000   |
| 16     | 0   | 16     | 0   | 0    | 0   | GET    | /api/isu/ac5cc1fb-dca0-4f6c-a84f-18c063403e98/graph | 0.008 | 0.012 | 0.048   | 0.003 | 0.008 | 0.012 | 0.012 | 0.003  | 270.000   | 727.000   | 7892.000     | 493.250   |
| 4      | 0   | 4      | 0   | 0    | 0   | GET    | /api/isu/f1628e6f-998f-4dcc-b893-05de36d0ca9c       | 0.004 | 0.008 | 0.012   | 0.003 | 0.008 | 0.008 | 0.008 | 0.003  | 135.000   | 135.000   | 540.000      | 135.000   |
| 4      | 0   | 4      | 0   | 0    | 0   | GET    | /api/isu/be58fb53-a497-437f-9fdf-98eb2e2efece       | 0.000 | 0.008 | 0.012   | 0.003 | 0.008 | 0.008 | 0.008 | 0.003  | 117.000   | 117.000   | 468.000      | 117.000   |
| 4      | 0   | 4      | 0   | 0    | 0   | GET    | /api/isu/eb10429f-6480-477d-8b00-dca98d78da69       | 0.004 | 0.004 | 0.012   | 0.003 | 0.004 | 0.004 | 0.004 | 0.002  | 138.000   | 138.000   | 552.000      | 138.000   |
| 4      | 0   | 4      | 0   | 0    | 0   | GET    | /api/isu/b0f67799-a6da-4d33-bfc4-a39a7b2e6eed       | 0.004 | 0.004 | 0.012   | 0.003 | 0.004 | 0.004 | 0.004 | 0.002  | 132.000   | 132.000   | 528.000      | 132.000   |
| 4      | 0   | 4      | 0   | 0    | 0   | GET    | /api/isu/ebf66dce-2329-4485-bc26-3441182acc0c       | 0.000 | 0.012 | 0.012   | 0.003 | 0.012 | 0.012 | 0.012 | 0.005  | 123.000   | 123.000   | 492.000      | 123.000   |
| 4      | 0   | 4      | 0   | 0    | 0   | GET    | /api/isu/c9beb774-dbaa-434c-9e48-51b19558af08       | 0.004 | 0.004 | 0.012   | 0.003 | 0.004 | 0.004 | 0.004 | 0.002  | 126.000   | 126.000   | 504.000      | 126.000   |
| 4      | 0   | 3      | 0   | 1    | 0   | GET    | /api/isu/f81c7416-a772-4c3d-918d-3ace5103fdcd       | 0.000 | 0.008 | 0.012   | 0.003 | 0.008 | 0.008 | 0.008 | 0.003  | 0.000     | 120.000   | 360.000      | 90.000    |
| 31     | 0   | 31     | 0   | 0    | 0   | GET    | /api/isu/a2f23eac-f7f0-47de-acae-179eb077cb4b/graph | 0.000 | 0.016 | 0.092   | 0.003 | 0.008 | 0.012 | 0.016 | 0.004  | 271.000   | 803.000   | 15791.000    | 509.387   |
| 67     | 0   | 67     | 0   | 0    | 0   | GET    | /api/isu/a939727c-98ec-4bd5-a1aa-1b16d490f63d       | 0.004 | 0.056 | 0.196   | 0.003 | 0.008 | 0.012 | 0.056 | 0.007  | 125.000   | 125.000   | 8375.000     | 125.000   |
| 48     | 0   | 46     | 0   | 2    | 0   | GET    | /api/isu/c58c2381-446b-4a7f-964e-4c41253f09fc       | 0.000 | 0.024 | 0.140   | 0.003 | 0.008 | 0.012 | 0.024 | 0.005  | 14.000    | 119.000   | 5509.000     | 114.771   |
| 49     | 0   | 49     | 0   | 0    | 0   | GET    | /api/isu/ef114bc6-e12d-4070-afd2-42d295e99da9       | 0.000 | 0.016 | 0.140   | 0.003 | 0.008 | 0.012 | 0.016 | 0.004  | 131.000   | 131.000   | 6419.000     | 131.000   |
| 7      | 0   | 7      | 0   | 0    | 0   | GET    | /api/isu/f26ee2cc-ba7b-477d-aeb7-b429f927e049       | 0.004 | 0.012 | 0.020   | 0.003 | 0.012 | 0.012 | 0.012 | 0.004  | 129.000   | 129.000   | 903.000      | 129.000   |
| 7      | 0   | 7      | 0   | 0    | 0   | GET    | /api/isu/fd3baa2f-c24e-4bdd-971b-1565f05f6c33       | 0.000 | 0.008 | 0.020   | 0.003 | 0.008 | 0.008 | 0.008 | 0.004  | 117.000   | 117.000   | 819.000      | 117.000   |
| 7      | 0   | 7      | 0   | 0    | 0   | GET    | /api/isu/a74e1f4f-0f67-4e54-81db-77dae8cd40ec/graph | 0.000 | 0.012 | 0.020   | 0.003 | 0.012 | 0.012 | 0.012 | 0.004  | 264.000   | 643.000   | 3053.000     | 436.143   |
| 7      | 0   | 7      | 0   | 0    | 0   | GET    | /api/isu/b2fca807-dd63-464a-9c06-ae598d8be90a       | 0.004 | 0.008 | 0.020   | 0.003 | 0.008 | 0.008 | 0.008 | 0.003  | 126.000   | 126.000   | 882.000      | 126.000   |
| 7      | 0   | 7      | 0   | 0    | 0   | GET    | /api/isu/ee210344-9300-440f-b71e-0d3b84160f11       | 0.004 | 0.008 | 0.020   | 0.003 | 0.008 | 0.008 | 0.008 | 0.003  | 120.000   | 120.000   | 840.000      | 120.000   |
| 3      | 0   | 1      | 0   | 2    | 0   | GET    | /api/isu/b82dcff4-8fae-4773-9956-22ab354adb7e       | 0.008 | 0.008 | 0.008   | 0.003 | 0.008 | 0.008 | 0.008 | 0.004  | 14.000    | 119.000   | 154.000      | 51.333    |
| 3      | 0   | 3      | 0   | 0    | 0   | GET    | /api/isu/cb6a56ee-b00e-4011-a336-f27d43faedf7       | 0.000 | 0.004 | 0.008   | 0.003 | 0.004 | 0.004 | 0.004 | 0.002  | 120.000   | 120.000   | 360.000      | 120.000   |
| 58     | 0   | 58     | 0   | 0    | 0   | GET    | /api/isu/a939f878-b349-4fa7-bb1f-4ed0c03dc258       | 0.000 | 0.028 | 0.152   | 0.003 | 0.008 | 0.008 | 0.028 | 0.004  | 116.000   | 116.000   | 6728.000     | 116.000   |
| 52     | 0   | 52     | 0   | 0    | 0   | GET    | /api/isu/a63c6a1e-a434-4cc5-a9a5-0af9d4b42e43       | 0.004 | 0.020 | 0.136   | 0.003 | 0.008 | 0.016 | 0.020 | 0.005  | 122.000   | 122.000   | 6344.000     | 122.000   |
| 76     | 0   | 76     | 0   | 0    | 0   | GET    | /api/isu/c3497375-f872-40eb-8e39-bb2d2c9c9c31       | 0.004 | 0.016 | 0.188   | 0.002 | 0.008 | 0.016 | 0.016 | 0.004  | 113.000   | 113.000   | 8588.000     | 113.000   |
| 61     | 0   | 61     | 0   | 0    | 0   | GET    | /api/isu/b01f4a5d-3aad-4fc7-8f4a-a5be6248cd6d       | 0.000 | 0.016 | 0.144   | 0.002 | 0.008 | 0.012 | 0.016 | 0.004  | 128.000   | 128.000   | 7808.000     | 128.000   |
| 70     | 0   | 70     | 0   | 0    | 0   | GET    | /api/isu/ffe63ceb-35c0-4c8a-aa17-79fb8ac49a4b       | 0.000 | 0.024 | 0.164   | 0.002 | 0.008 | 0.012 | 0.024 | 0.004  | 122.000   | 122.000   | 8540.000     | 122.000   |
| 41     | 0   | 41     | 0   | 0    | 0   | GET    | /api/isu/b01f4a5d-3aad-4fc7-8f4a-a5be6248cd6d/graph | 0.004 | 0.008 | 0.096   | 0.002 | 0.004 | 0.008 | 0.008 | 0.003  | 273.000   | 844.000   | 21753.000    | 530.561   |
| 7      | 0   | 7      | 0   | 0    | 0   | GET    | /api/isu/efa20cdd-a9b6-46c8-afbd-c5563b784b15/graph | 0.008 | 0.008 | 0.016   | 0.002 | 0.008 | 0.008 | 0.008 | 0.003  | 265.000   | 763.000   | 4017.000     | 573.857   |
| 7      | 0   | 7      | 0   | 0    | 0   | GET    | /api/isu/af6f4491-8ea1-49e8-bc26-100f504b6980       | 0.004 | 0.008 | 0.016   | 0.002 | 0.008 | 0.008 | 0.008 | 0.003  | 138.000   | 138.000   | 966.000      | 138.000   |
| 46     | 0   | 46     | 0   | 0    | 0   | GET    | /api/isu/da92bfa2-5d69-479e-b2a4-69e7bd1541e9       | 0.012 | 0.020 | 0.104   | 0.002 | 0.004 | 0.012 | 0.020 | 0.005  | 113.000   | 113.000   | 5198.000     | 113.000   |
| 27     | 0   | 27     | 0   | 0    | 0   | GET    | /api/isu/ffaf9503-0a42-4a6d-808c-3c94e9cea7a5/graph | 0.000 | 0.012 | 0.056   | 0.002 | 0.004 | 0.008 | 0.012 | 0.003  | 271.000   | 800.000   | 13310.000    | 492.963   |
| 37     | 0   | 37     | 0   | 0    | 0   | GET    | /api/isu/c43d504c-5a40-49bd-ab0b-e67c10bb1bcc       | 0.000 | 0.024 | 0.076   | 0.002 | 0.004 | 0.016 | 0.024 | 0.005  | 113.000   | 113.000   | 4181.000     | 113.000   |
| 28     | 0   | 28     | 0   | 0    | 0   | GET    | /api/isu/ce87074c-3c12-4a2f-b137-d96ff4f1623c       | 0.000 | 0.016 | 0.056   | 0.002 | 0.004 | 0.004 | 0.016 | 0.003  | 125.000   | 125.000   | 3500.000     | 125.000   |
| 2      | 0   | 2      | 0   | 0    | 0   | GET    | /api/isu/c9beb774-dbaa-434c-9e48-51b19558af08/graph | 0.000 | 0.004 | 0.004   | 0.002 | 0.004 | 0.004 | 0.004 | 0.002  | 270.000   | 441.000   | 711.000      | 355.500   |
| 2      | 0   | 2      | 0   | 0    | 0   | GET    | /api/isu/a074a0b6-ef06-49e4-89ff-06a675b83b70       | 0.000 | 0.004 | 0.004   | 0.002 | 0.004 | 0.004 | 0.004 | 0.002  | 126.000   | 126.000   | 252.000      | 126.000   |
| 4      | 0   | 4      | 0   | 0    | 0   | GET    | /api/isu/e7f98b64-2347-4732-98a6-f7bd9d945aeb       | 0.008 | 0.008 | 0.008   | 0.002 | 0.008 | 0.008 | 0.008 | 0.003  | 123.000   | 123.000   | 492.000      | 123.000   |
| 4      | 0   | 0      | 0   | 4    | 0   | GET    | /api/isu/c648b087-fe00-4ea2-a524-b2e80555893f/icon  | 0.004 | 0.004 | 0.008   | 0.002 | 0.004 | 0.004 | 0.004 | 0.002  | 14.000    | 21.000    | 70.000       | 17.500    |
| 2      | 0   | 2      | 0   | 0    | 0   | GET    | /api/isu/be58fb53-a497-437f-9fdf-98eb2e2efece/graph | 0.004 | 0.004 | 0.004   | 0.002 | 0.004 | 0.004 | 0.004 | 0.002  | 266.000   | 439.000   | 705.000      | 352.500   |
| 4      | 0   | 0      | 0   | 4    | 0   | GET    | /api/isu/c9add5fc-28ca-4eea-9b77-6cb90852508a/graph | 0.004 | 0.004 | 0.008   | 0.002 | 0.004 | 0.004 | 0.004 | 0.002  | 14.000    | 21.000    | 72.000       | 18.000    |
| 4      | 0   | 4      | 0   | 0    | 0   | GET    | /api/isu/c2651009-dd7f-4b3d-b381-1f8128236606       | 0.004 | 0.004 | 0.008   | 0.002 | 0.004 | 0.004 | 0.004 | 0.002  | 120.000   | 120.000   | 480.000      | 120.000   |
| 4      | 0   | 4      | 0   | 0    | 0   | GET    | /api/isu/b8e101b1-5a2a-4ac3-a9f9-3361e018addb       | 0.000 | 0.008 | 0.008   | 0.002 | 0.008 | 0.008 | 0.008 | 0.003  | 117.000   | 117.000   | 468.000      | 117.000   |
| 2      | 0   | 2      | 0   | 0    | 0   | GET    | /api/isu/b0f67799-a6da-4d33-bfc4-a39a7b2e6eed/graph | 0.000 | 0.004 | 0.004   | 0.002 | 0.004 | 0.004 | 0.004 | 0.002  | 434.000   | 593.000   | 1027.000     | 513.500   |
| 2      | 0   | 0      | 0   | 2    | 0   | GET    | /api/isu/beae6508-f265-4b3c-b6a5-cbe2b640ca4b/icon  | 0.000 | 0.004 | 0.004   | 0.002 | 0.004 | 0.004 | 0.004 | 0.002  | 14.000    | 21.000    | 35.000       | 17.500    |
| 2      | 0   | 2      | 0   | 0    | 0   | GET    | /api/isu/b8688280-fa44-48df-a9fc-0b75bd7f896b/graph | 0.000 | 0.004 | 0.004   | 0.002 | 0.004 | 0.004 | 0.004 | 0.002  | 531.000   | 697.000   | 1228.000     | 614.000   |
| 8      | 0   | 0      | 0   | 8    | 0   | GET    | /api/isu/c648b087-fe00-4ea2-a524-b2e80555893f/graph | 0.000 | 0.012 | 0.016   | 0.002 | 0.012 | 0.012 | 0.012 | 0.004  | 14.000    | 21.000    | 144.000      | 18.000    |
| 4      | 0   | 4      | 0   | 0    | 0   | GET    | /api/isu/adf070ae-87bb-4b77-a709-89356346d786       | 0.000 | 0.004 | 0.008   | 0.002 | 0.004 | 0.004 | 0.004 | 0.002  | 129.000   | 129.000   | 516.000      | 129.000   |
| 35     | 0   | 35     | 0   | 0    | 0   | GET    | /api/isu/bafb494a-d652-47a4-a432-b10f7f3d3a58       | 0.004 | 0.012 | 0.068   | 0.002 | 0.008 | 0.008 | 0.012 | 0.003  | 119.000   | 119.000   | 4165.000     | 119.000   |
| 44     | 0   | 43     | 0   | 1    | 0   | GET    | /api/isu/a575b14a-c2ef-4abf-9a45-b834058589f0       | 0.000 | 0.024 | 0.080   | 0.002 | 0.004 | 0.008 | 0.024 | 0.004  | 0.000     | 125.000   | 5375.000     | 122.159   |
| 7      | 0   | 7      | 0   | 0    | 0   | GET    | /api/isu/fc7583aa-726b-4b63-9f33-43a8ae33cc04       | 0.000 | 0.008 | 0.012   | 0.002 | 0.008 | 0.008 | 0.008 | 0.003  | 120.000   | 120.000   | 840.000      | 120.000   |
| 7      | 0   | 7      | 0   | 0    | 0   | GET    | /api/isu/f19183b3-f5dd-4f97-970b-80c8b9b6d9b5       | 0.000 | 0.008 | 0.012   | 0.002 | 0.008 | 0.008 | 0.008 | 0.003  | 120.000   | 120.000   | 840.000      | 120.000   |
| 7      | 0   | 7      | 0   | 0    | 0   | GET    | /api/isu/ef72dd48-eff2-4264-a6ac-8cd9e4b0d87d       | 0.000 | 0.004 | 0.012   | 0.002 | 0.004 | 0.004 | 0.004 | 0.002  | 138.000   | 138.000   | 966.000      | 138.000   |
| 10     | 0   | 10     | 0   | 0    | 0   | GET    | /api/isu/adea697b-edc8-42f7-a770-eeee19dcc234       | 0.000 | 0.004 | 0.016   | 0.002 | 0.004 | 0.004 | 0.004 | 0.002  | 117.000   | 117.000   | 1170.000     | 117.000   |
| 3      | 0   | 3      | 0   | 0    | 0   | GET    | /api/isu/f93745ec-d77b-4ee7-8ac6-e895a64de908/graph | 0.004 | 0.004 | 0.004   | 0.001 | 0.004 | 0.004 | 0.004 | 0.002  | 432.000   | 580.000   | 1485.000     | 495.000   |
| 6      | 0   | 0      | 0   | 6    | 0   | GET    | /api/isu/ef1c5a44-8686-4caf-8a28-73f8d0c7014b/icon  | 0.004 | 0.004 | 0.008   | 0.001 | 0.004 | 0.004 | 0.004 | 0.002  | 14.000    | 21.000    | 105.000      | 17.500    |
| 3      | 0   | 3      | 0   | 0    | 0   | GET    | /api/isu/fde7df2a-d32b-44e7-ba0e-7f43a3a57d4f/graph | 0.000 | 0.004 | 0.004   | 0.001 | 0.004 | 0.004 | 0.004 | 0.002  | 270.000   | 428.000   | 1079.000     | 359.667   |
| 16     | 0   | 16     | 0   | 0    | 0   | GET    | /api/isu/afb43ea3-9ded-44a3-b152-c555801ab611       | 0.000 | 0.012 | 0.020   | 0.001 | 0.004 | 0.012 | 0.012 | 0.003  | 110.000   | 110.000   | 1760.000     | 110.000   |
| 16     | 0   | 0      | 0   | 16   | 0   | GET    | /api/isu/cab99f63-bb3a-4648-b6df-376396f2c7ab/graph | 0.000 | 0.008 | 0.020   | 0.001 | 0.008 | 0.008 | 0.008 | 0.003  | 14.000    | 21.000    | 288.000      | 18.000    |
| 7      | 0   | 7      | 0   | 0    | 0   | GET    | /api/isu/b4713674-4174-417e-a4fb-2e61e3eb74d6       | 0.004 | 0.004 | 0.008   | 0.001 | 0.004 | 0.004 | 0.004 | 0.002  | 126.000   | 126.000   | 882.000      | 126.000   |
| 7      | 0   | 7      | 0   | 0    | 0   | GET    | /api/isu/e73accf6-12fa-4112-b8e8-457a696403c8       | 0.004 | 0.004 | 0.008   | 0.001 | 0.004 | 0.004 | 0.004 | 0.002  | 117.000   | 117.000   | 819.000      | 117.000   |
| 8      | 0   | 0      | 0   | 8    | 0   | GET    | /api/isu/cab99f63-bb3a-4648-b6df-376396f2c7ab/icon  | 0.004 | 0.004 | 0.008   | 0.001 | 0.004 | 0.004 | 0.004 | 0.002  | 14.000    | 21.000    | 140.000      | 17.500    |
| 4      | 0   | 4      | 0   | 0    | 0   | GET    | /api/isu/c2995afe-55d5-4916-b64e-73c4328597e2       | 0.000 | 0.004 | 0.004   | 0.001 | 0.004 | 0.004 | 0.004 | 0.002  | 126.000   | 126.000   | 504.000      | 126.000   |
| 4      | 0   | 3      | 0   | 1    | 0   | GET    | /api/isu/af79975e-2362-424c-b533-46798d1d04a8       | 0.000 | 0.004 | 0.004   | 0.001 | 0.004 | 0.004 | 0.004 | 0.002  | 0.000     | 126.000   | 378.000      | 94.500    |
| 37     | 0   | 37     | 0   | 0    | 0   | GET    | /api/isu/f838c725-1b5d-4e38-84e1-1102c0ae94fa       | 0.004 | 0.008 | 0.036   | 0.001 | 0.004 | 0.008 | 0.008 | 0.002  | 116.000   | 116.000   | 4292.000     | 116.000   |
| 6      | 0   | 2      | 0   | 4    | 0   | GET    | /api/isu/b82dcff4-8fae-4773-9956-22ab354adb7e/graph | 0.004 | 0.004 | 0.004   | 0.001 | 0.004 | 0.004 | 0.004 | 0.001  | 14.000    | 516.000   | 1103.000     | 183.833   |
| 7      | 0   | 7      | 0   | 0    | 0   | GET    | /api/isu/df6ca7e7-e04f-4674-9ca9-0739253ce8bd       | 0.000 | 0.004 | 0.004   | 0.001 | 0.004 | 0.004 | 0.004 | 0.001  | 120.000   | 120.000   | 840.000      | 120.000   |
| 7      | 0   | 7      | 0   | 0    | 0   | GET    | /api/isu/b096126a-715a-4559-aae9-186e57a207f9       | 0.000 | 0.004 | 0.004   | 0.001 | 0.004 | 0.004 | 0.004 | 0.001  | 114.000   | 114.000   | 798.000      | 114.000   |
| 8      | 0   | 0      | 0   | 8    | 0   | GET    | /api/isu/cab99f63-bb3a-4648-b6df-376396f2c7ab       | 0.000 | 0.004 | 0.004   | 0.001 | 0.004 | 0.004 | 0.004 | 0.001  | 14.000    | 21.000    | 140.000      | 17.500    |
| 1      | 0   | 1      | 0   | 0    | 0   | GET    | /api/isu/a8153ae8-ec49-4730-8250-d856f42d5047       | 0.000 | 0.000 | 0.000   | 0.000 | 0.000 | 0.000 | 0.000 | 0.000  | 138.000   | 138.000   | 138.000      | 138.000   |
| 1      | 0   | 1      | 0   | 0    | 0   | GET    | /api/isu/b742dfe7-54ec-4931-a9d0-671c83b973e1       | 0.000 | 0.000 | 0.000   | 0.000 | 0.000 | 0.000 | 0.000 | 0.000  | 117.000   | 117.000   | 117.000      | 117.000   |
| 1      | 0   | 1      | 0   | 0    | 0   | GET    | /api/isu/d8c3c200-a45e-4372-9403-b5663264fef8       | 0.000 | 0.000 | 0.000   | 0.000 | 0.000 | 0.000 | 0.000 | 0.000  | 129.000   | 129.000   | 129.000      | 129.000   |
| 1      | 0   | 1      | 0   | 0    | 0   | GET    | /api/isu/bd0440b6-468b-4f34-a48b-e6e4fc4a54a1       | 0.000 | 0.000 | 0.000   | 0.000 | 0.000 | 0.000 | 0.000 | 0.000  | 126.000   | 126.000   | 126.000      | 126.000   |
| 1      | 0   | 1      | 0   | 0    | 0   | GET    | /api/isu/b0908a8b-c7d2-4481-bc9a-e337fdade0ce       | 0.000 | 0.000 | 0.000   | 0.000 | 0.000 | 0.000 | 0.000 | 0.000  | 111.000   | 111.000   | 111.000      | 111.000   |
| 1      | 0   | 1      | 0   | 0    | 0   | GET    | /api/isu/eb8c1bac-eaa5-4391-85e3-e3218f1f981b       | 0.000 | 0.000 | 0.000   | 0.000 | 0.000 | 0.000 | 0.000 | 0.000  | 123.000   | 123.000   | 123.000      | 123.000   |
| 1      | 0   | 1      | 0   | 0    | 0   | GET    | /api/isu/c6726829-8c24-4c05-8032-480a21d23858       | 0.000 | 0.000 | 0.000   | 0.000 | 0.000 | 0.000 | 0.000 | 0.000  | 117.000   | 117.000   | 117.000      | 117.000   |
| 1      | 0   | 1      | 0   | 0    | 0   | GET    | /api/isu/ac559395-66b6-45c4-9e37-faa2d3c7429d       | 0.000 | 0.000 | 0.000   | 0.000 | 0.000 | 0.000 | 0.000 | 0.000  | 120.000   | 120.000   | 120.000      | 120.000   |
| 1      | 0   | 1      | 0   | 0    | 0   | GET    | /api/isu/ddb5d482-f4cd-4834-9ac5-e0b289f12dba       | 0.000 | 0.000 | 0.000   | 0.000 | 0.000 | 0.000 | 0.000 | 0.000  | 128.000   | 128.000   | 128.000      | 128.000   |
| 2      | 0   | 0      | 0   | 2    | 0   | GET    | /api/isu/f46ad522-d196-487e-b666-c9b000c3d458       | 0.000 | 0.000 | 0.000   | 0.000 | 0.000 | 0.000 | 0.000 | 0.000  | 14.000    | 21.000    | 35.000       | 17.500    |
| 1      | 0   | 1      | 0   | 0    | 0   | GET    | /api/isu/f15d26cd-a095-4572-8470-211733de6b3f       | 0.000 | 0.000 | 0.000   | 0.000 | 0.000 | 0.000 | 0.000 | 0.000  | 129.000   | 129.000   | 129.000      | 129.000   |
| 1      | 0   | 1      | 0   | 0    | 0   | GET    | /api/isu/a47cc1c6-caf6-417f-b89c-1312a29327d4       | 0.000 | 0.000 | 0.000   | 0.000 | 0.000 | 0.000 | 0.000 | 0.000  | 126.000   | 126.000   | 126.000      | 126.000   |
| 2      | 0   | 0      | 0   | 2    | 0   | GET    | /api/isu/b82dcff4-8fae-4773-9956-22ab354adb7e/icon  | 0.000 | 0.000 | 0.000   | 0.000 | 0.000 | 0.000 | 0.000 | 0.000  | 14.000    | 21.000    | 35.000       | 17.500    |
| 2      | 0   | 0      | 0   | 2    | 0   | GET    | /api/isu/ce87074c-3c12-4a2f-b137-d96ff4f1623c/icon  | 0.000 | 0.000 | 0.000   | 0.000 | 0.000 | 0.000 | 0.000 | 0.000  | 14.000    | 21.000    | 35.000       | 17.500    |
| 1      | 0   | 1      | 0   | 0    | 0   | GET    | /api/isu/d8be8c8e-606d-448c-8cf9-7c5e82f4bfcc       | 0.000 | 0.000 | 0.000   | 0.000 | 0.000 | 0.000 | 0.000 | 0.000  | 123.000   | 123.000   | 123.000      | 123.000   |
| 2      | 0   | 2      | 0   | 0    | 0   | GET    | /api/isu/eb104b95-3532-4828-8550-89da717b9667/graph | 0.000 | 0.000 | 0.000   | 0.000 | 0.000 | 0.000 | 0.000 | 0.000  | 474.000   | 550.000   | 1024.000     | 512.000   |
| 3      | 0   | 1      | 0   | 2    | 0   | GET    | /api/isu/eb104b95-3532-4828-8550-89da717b9667       | 0.000 | 0.000 | 0.000   | 0.000 | 0.000 | 0.000 | 0.000 | 0.000  | 14.000    | 121.000   | 156.000      | 52.000    |
| 1      | 0   | 1      | 0   | 0    | 0   | GET    | /api/isu/c812e40f-fd96-478a-b84a-6b8b2485abaa       | 0.000 | 0.000 | 0.000   | 0.000 | 0.000 | 0.000 | 0.000 | 0.000  | 138.000   | 138.000   | 138.000      | 138.000   |
| 2      | 0   | 0      | 0   | 2    | 0   | GET    | /api/isu/d5226f7b-3c7b-477e-ba8b-3cc7a4012e9d       | 0.000 | 0.000 | 0.000   | 0.000 | 0.000 | 0.000 | 0.000 | 0.000  | 14.000    | 21.000    | 35.000       | 17.500    |
| 1      | 0   | 1      | 0   | 0    | 0   | GET    | /api/isu/a7b50ae5-032b-4b30-bb56-0e999be405f8       | 0.000 | 0.000 | 0.000   | 0.000 | 0.000 | 0.000 | 0.000 | 0.000  | 123.000   | 123.000   | 123.000      | 123.000   |
| 2      | 0   | 0      | 0   | 2    | 0   | GET    | /api/isu/c39e23ec-1681-4251-bd08-d082b882a74b/icon  | 0.000 | 0.000 | 0.000   | 0.000 | 0.000 | 0.000 | 0.000 | 0.000  | 14.000    | 21.000    | 35.000       | 17.500    |
| 2      | 0   | 2      | 0   | 0    | 0   | GET    | /api/isu/b8e101b1-5a2a-4ac3-a9f9-3361e018addb/graph | 0.000 | 0.000 | 0.000   | 0.000 | 0.000 | 0.000 | 0.000 | 0.000  | 267.000   | 709.000   | 976.000      | 488.000   |
| 1      | 0   | 0      | 0   | 1    | 0   | GET    | /api/isu/c0f3db86-660f-445e-9bf9-94da47953f9d/icon  | 0.000 | 0.000 | 0.000   | 0.000 | 0.000 | 0.000 | 0.000 | 0.000  | 0.000     | 0.000     | 0.000        | 0.000     |
| 1      | 0   | 0      | 0   | 1    | 0   | GET    | /api/isu/c2651009-dd7f-4b3d-b381-1f8128236606/icon  | 0.000 | 0.000 | 0.000   | 0.000 | 0.000 | 0.000 | 0.000 | 0.000  | 0.000     | 0.000     | 0.000        | 0.000     |
| 1      | 0   | 0      | 0   | 1    | 0   | GET    | /api/isu/ebf66dce-2329-4485-bc26-3441182acc0c/icon  | 0.000 | 0.000 | 0.000   | 0.000 | 0.000 | 0.000 | 0.000 | 0.000  | 0.000     | 0.000     | 0.000        | 0.000     |
+--------+-----+--------+-----+------+-----+--------+-----------------------------------------------------+-------+-------+---------+-------+-------+-------+-------+--------+-----------+-----------+--------------+-----------+
