+--------+-----+--------+-----+------+-----+--------+-----------------------------------------------------+-------+-------+---------+-------+-------+-------+-------+--------+-----------+-----------+---------------+-----------+
| COUNT  | 1XX |  2XX   | 3XX | 4XX  | 5XX | METHOD |                         URI                         |  MIN  |  MAX  |   SUM   |  AVG  |  P90  |  P95  |  P99  | STDDEV | MIN(BODY) | MAX(BODY) |   SUM(BODY)   | AVG(BODY) |
+--------+-----+--------+-----+------+-----+--------+-----------------------------------------------------+-------+-------+---------+-------+-------+-------+-------+--------+-----------+-----------+---------------+-----------+
| 457    | 0   | 451    | 0   | 6    | 0   | POST   | /api/isu                                            | 0.040 | 0.572 | 70.272  | 0.154 | 0.280 | 0.332 | 0.484 | 0.094  | 0.000     | 147.000   | 55064.000     | 120.490   |
| 1      | 0   | 1      | 0   | 0    | 0   | POST   | /initialize                                         | 0.148 | 0.148 | 0.148   | 0.148 | 0.148 | 0.148 | 0.148 | 0.000  | 18.000    | 18.000    | 18.000        | 18.000    |
| 1      | 0   | 1      | 0   | 0    | 0   | GET    | /api/isu/d5734520-b7af-411c-8788-3da05efabc9f       | 0.056 | 0.056 | 0.056   | 0.056 | 0.056 | 0.056 | 0.056 | 0.000  | 123.000   | 123.000   | 123.000       | 123.000   |
| 1      | 0   | 1      | 0   | 0    | 0   | GET    | /api/isu/edc089e4-13c2-4c99-8954-4b3f638a6ad7       | 0.044 | 0.044 | 0.044   | 0.044 | 0.044 | 0.044 | 0.044 | 0.000  | 123.000   | 123.000   | 123.000       | 123.000   |
| 4      | 0   | 4      | 0   | 0    | 0   | GET    | /api/isu/a795c3c0-f000-46fd-a086-668bca84b236/graph | 0.004 | 0.088 | 0.160   | 0.040 | 0.088 | 0.088 | 0.088 | 0.034  | 2246.000  | 3187.000  | 10807.000     | 2701.750  |
| 4      | 0   | 4      | 0   | 0    | 0   | GET    | /api/isu/b741432a-d837-4a60-9e16-63af55a5c746       | 0.004 | 0.064 | 0.144   | 0.036 | 0.064 | 0.064 | 0.064 | 0.021  | 115.000   | 115.000   | 460.000       | 115.000   |
| 1      | 0   | 1      | 0   | 0    | 0   | GET    | /api/isu/d7b1fc13-f1ee-4e50-a57f-806c79ff6800       | 0.036 | 0.036 | 0.036   | 0.036 | 0.036 | 0.036 | 0.036 | 0.000  | 120.000   | 120.000   | 120.000       | 120.000   |
| 3      | 0   | 3      | 0   | 0    | 0   | GET    | /api/isu/a96f0276-4fcc-4c42-91fa-de038fadc4f5/graph | 0.004 | 0.088 | 0.104   | 0.035 | 0.088 | 0.088 | 0.088 | 0.038  | 1970.000  | 2633.000  | 6573.000      | 2191.000  |
| 3      | 0   | 3      | 0   | 0    | 0   | GET    | /api/isu/fa5fc336-2ec8-47a0-b5c9-f12a6482bc6b       | 0.080 | 0.080 | 0.096   | 0.032 | 0.080 | 0.080 | 0.080 | 0.035  | 126.000   | 126.000   | 378.000       | 126.000   |
| 3      | 0   | 3      | 0   | 0    | 0   | GET    | /api/isu/b3d9641e-061c-477b-8ea0-a663578c37bf/graph | 0.008 | 0.048 | 0.088   | 0.029 | 0.048 | 0.048 | 0.048 | 0.016  | 2160.000  | 2466.000  | 6988.000      | 2329.333  |
| 1      | 0   | 1      | 0   | 0    | 0   | GET    | /api/isu/ce84a4c9-51bc-4fd5-95de-0fd6541269fb       | 0.028 | 0.028 | 0.028   | 0.028 | 0.028 | 0.028 | 0.028 | 0.000  | 117.000   | 117.000   | 117.000       | 117.000   |
| 4      | 0   | 4      | 0   | 0    | 0   | GET    | /api/isu/d188fc16-d1ed-4f0e-a5d3-3fd9e1cad4a2       | 0.004 | 0.056 | 0.104   | 0.026 | 0.056 | 0.056 | 0.056 | 0.019  | 117.000   | 117.000   | 468.000       | 117.000   |
| 3      | 0   | 3      | 0   | 0    | 0   | GET    | /api/isu/f38bc988-f7c2-4bc8-bcf6-b5d65fbbad17/graph | 0.000 | 0.076 | 0.076   | 0.025 | 0.076 | 0.076 | 0.076 | 0.036  | 1970.000  | 2734.000  | 6867.000      | 2289.000  |
| 1      | 0   | 1      | 0   | 0    | 0   | GET    | /api/isu/a7216054-0c37-4320-81fe-c6465ed7c306       | 0.024 | 0.024 | 0.024   | 0.024 | 0.024 | 0.024 | 0.024 | 0.000  | 120.000   | 120.000   | 120.000       | 120.000   |
| 2      | 0   | 2      | 0   | 0    | 0   | GET    | /api/isu/d72c0da4-6bee-4838-857b-9fc17f893674/graph | 0.044 | 0.044 | 0.044   | 0.022 | 0.044 | 0.044 | 0.044 | 0.022  | 2935.000  | 3850.000  | 6785.000      | 3392.500  |
| 2      | 0   | 2      | 0   | 0    | 0   | GET    | /api/isu/b1b4d9a1-41a7-44dc-8802-503e13ed3fec/graph | 0.004 | 0.040 | 0.044   | 0.022 | 0.040 | 0.040 | 0.040 | 0.018  | 2162.000  | 2932.000  | 5094.000      | 2547.000  |
| 2      | 0   | 2      | 0   | 0    | 0   | GET    | /api/isu/d50a4403-3325-4ab2-abed-eb473398eaba/graph | 0.008 | 0.032 | 0.040   | 0.020 | 0.032 | 0.032 | 0.032 | 0.012  | 2360.000  | 2522.000  | 4882.000      | 2441.000  |
| 4      | 0   | 4      | 0   | 0    | 0   | GET    | /api/isu/ba2099f4-bc7e-4a67-8ea2-35dbe2a874a8/graph | 0.000 | 0.064 | 0.080   | 0.020 | 0.064 | 0.064 | 0.064 | 0.026  | 2162.000  | 2940.000  | 10670.000     | 2667.500  |
| 2      | 0   | 2      | 0   | 0    | 0   | GET    | /api/isu/bf660b35-4f15-4159-87b5-913e92d89100/graph | 0.040 | 0.040 | 0.040   | 0.020 | 0.040 | 0.040 | 0.040 | 0.020  | 2161.000  | 2705.000  | 4866.000      | 2433.000  |
| 1      | 0   | 1      | 0   | 0    | 0   | GET    | /api/isu/e3e2ea52-b327-4a5b-8da6-cfcb1794ed3a       | 0.020 | 0.020 | 0.020   | 0.020 | 0.020 | 0.020 | 0.020 | 0.000  | 108.000   | 108.000   | 108.000       | 108.000   |
| 4      | 0   | 4      | 0   | 0    | 0   | GET    | /api/isu/ce6cd951-f52d-458c-9225-d6e6791f78af       | 0.008 | 0.056 | 0.072   | 0.018 | 0.056 | 0.056 | 0.056 | 0.022  | 126.000   | 126.000   | 504.000       | 126.000   |
| 2      | 0   | 2      | 0   | 0    | 0   | GET    | /api/isu/bf75b239-44d9-48a1-97a4-4a014e608f68       | 0.000 | 0.036 | 0.036   | 0.018 | 0.036 | 0.036 | 0.036 | 0.018  | 117.000   | 117.000   | 234.000       | 117.000   |
| 10     | 0   | 10     | 0   | 0    | 0   | GET    | /api/isu/e10a129a-9a52-4320-9fcd-5aca7891959d/graph | 0.004 | 0.056 | 0.176   | 0.018 | 0.032 | 0.056 | 0.056 | 0.016  | 1970.000  | 3703.000  | 27636.000     | 2763.600  |
| 3      | 0   | 3      | 0   | 0    | 0   | GET    | /api/isu/b5d7486c-74fa-43ff-adae-d660caa209db/graph | 0.004 | 0.044 | 0.052   | 0.017 | 0.044 | 0.044 | 0.044 | 0.019  | 2491.000  | 3239.000  | 8701.000      | 2900.333  |
| 4      | 0   | 4      | 0   | 0    | 0   | GET    | /api/isu/eea64b90-49bf-4c56-a736-670cec9d86f0       | 0.004 | 0.044 | 0.068   | 0.017 | 0.044 | 0.044 | 0.044 | 0.017  | 114.000   | 114.000   | 456.000       | 114.000   |
| 4      | 0   | 4      | 0   | 0    | 0   | GET    | /api/isu/e59b61db-b8ea-48fd-8fcd-5c5aa2b664c4/graph | 0.012 | 0.044 | 0.068   | 0.017 | 0.044 | 0.044 | 0.044 | 0.016  | 2352.000  | 2902.000  | 10550.000     | 2637.500  |
| 8      | 0   | 4      | 0   | 4    | 0   | GET    | /api/isu/ce6cd951-f52d-458c-9225-d6e6791f78af/graph | 0.004 | 0.044 | 0.132   | 0.017 | 0.044 | 0.044 | 0.044 | 0.014  | 14.000    | 2942.000  | 9971.000      | 1246.375  |
| 3      | 0   | 3      | 0   | 0    | 0   | GET    | /api/isu/b537fbcf-4da8-46f2-b071-afc7f183878a/graph | 0.000 | 0.048 | 0.048   | 0.016 | 0.048 | 0.048 | 0.048 | 0.023  | 1970.000  | 2352.000  | 6673.000      | 2224.333  |
| 2      | 0   | 2      | 0   | 0    | 0   | GET    | /api/isu/ea13839d-2078-4a9a-b1c0-02d3a1afb47c/graph | 0.004 | 0.028 | 0.032   | 0.016 | 0.028 | 0.028 | 0.028 | 0.012  | 1970.000  | 2243.000  | 4213.000      | 2106.500  |
| 5      | 0   | 5      | 0   | 0    | 0   | GET    | /api/isu/a7aac452-d1e8-44d2-88f0-446f2fbcfb78/graph | 0.004 | 0.052 | 0.080   | 0.016 | 0.052 | 0.052 | 0.052 | 0.018  | 1970.000  | 3148.000  | 12161.000     | 2432.200  |
| 1      | 0   | 1      | 0   | 0    | 0   | GET    | /api/isu/bf78f71d-1438-4993-bb26-ec061d44b1a2       | 0.016 | 0.016 | 0.016   | 0.016 | 0.016 | 0.016 | 0.016 | 0.000  | 114.000   | 114.000   | 114.000       | 114.000   |
| 2      | 0   | 2      | 0   | 0    | 0   | GET    | /api/isu/eedc07f9-eecf-406e-957d-7c398bd35893/graph | 0.000 | 0.032 | 0.032   | 0.016 | 0.032 | 0.032 | 0.032 | 0.016  | 2542.000  | 2543.000  | 5085.000      | 2542.500  |
| 5      | 0   | 5      | 0   | 0    | 0   | GET    | /api/isu/d188fc16-d1ed-4f0e-a5d3-3fd9e1cad4a2/graph | 0.008 | 0.028 | 0.076   | 0.015 | 0.028 | 0.028 | 0.028 | 0.011  | 1970.000  | 2835.000  | 11872.000     | 2374.400  |
| 4      | 0   | 4      | 0   | 0    | 0   | GET    | /api/isu/fea27d6e-3e59-4045-ac87-2fe47839c12c/graph | 0.004 | 0.052 | 0.060   | 0.015 | 0.052 | 0.052 | 0.052 | 0.021  | 2543.000  | 2950.000  | 10686.000     | 2671.500  |
| 4      | 0   | 4      | 0   | 0    | 0   | GET    | /api/isu/f38bc988-f7c2-4bc8-bcf6-b5d65fbbad17       | 0.020 | 0.040 | 0.060   | 0.015 | 0.040 | 0.040 | 0.040 | 0.017  | 129.000   | 129.000   | 516.000       | 129.000   |
| 4      | 0   | 4      | 0   | 0    | 0   | GET    | /api/isu/bc41de23-9658-4773-b07c-5f9aaaaa8f1f       | 0.044 | 0.044 | 0.060   | 0.015 | 0.044 | 0.044 | 0.044 | 0.017  | 120.000   | 120.000   | 480.000       | 120.000   |
| 7      | 0   | 7      | 0   | 0    | 0   | GET    | /api/isu/ef3330b0-85e6-4323-af52-07e20859a4a6/graph | 0.008 | 0.028 | 0.100   | 0.014 | 0.028 | 0.028 | 0.028 | 0.008  | 1970.000  | 3011.000  | 17347.000     | 2478.143  |
| 6      | 0   | 6      | 0   | 0    | 0   | GET    | /api/isu/a1527d97-e8f0-4ffb-a6c8-ef4e33dcee27/graph | 0.000 | 0.040 | 0.084   | 0.014 | 0.040 | 0.040 | 0.040 | 0.014  | 2165.000  | 3212.000  | 16346.000     | 2724.333  |
| 7      | 0   | 7      | 0   | 0    | 0   | GET    | /api/isu/a359db31-fe76-4449-a33a-4f60472ad3ba/graph | 0.004 | 0.044 | 0.092   | 0.013 | 0.044 | 0.044 | 0.044 | 0.015  | 1970.000  | 2758.000  | 16115.000     | 2302.143  |
| 4      | 0   | 4      | 0   | 0    | 0   | GET    | /api/isu/fa7f8475-d3bd-4616-871f-d3a3a366d5a1       | 0.024 | 0.028 | 0.052   | 0.013 | 0.028 | 0.028 | 0.028 | 0.013  | 120.000   | 120.000   | 480.000       | 120.000   |
| 6      | 0   | 6      | 0   | 0    | 0   | GET    | /api/isu/e33a6cb9-7ac6-4ac3-b5e0-d17b2f969d2c/graph | 0.004 | 0.048 | 0.076   | 0.013 | 0.048 | 0.048 | 0.048 | 0.016  | 2552.000  | 3022.000  | 16999.000     | 2833.167  |
| 15     | 0   | 15     | 0   | 0    | 0   | GET    | /api/isu/c5ff15e4-d6ec-4db1-8f71-35d9712fa8c3/graph | 0.004 | 0.064 | 0.184   | 0.012 | 0.048 | 0.064 | 0.064 | 0.018  | 1970.000  | 3808.000  | 42369.000     | 2824.600  |
| 3      | 0   | 3      | 0   | 0    | 0   | GET    | /api/isu/c2aa7d2e-06ba-4f69-b193-6606151c3cd2/graph | 0.004 | 0.028 | 0.036   | 0.012 | 0.028 | 0.028 | 0.028 | 0.011  | 2140.000  | 2921.000  | 7956.000      | 2652.000  |
| 9      | 0   | 9      | 0   | 0    | 0   | GET    | /api/isu/ab6773d4-7414-45cc-8131-33600f14e5de/graph | 0.008 | 0.032 | 0.108   | 0.012 | 0.032 | 0.032 | 0.032 | 0.010  | 1970.000  | 3310.000  | 23213.000     | 2579.222  |
| 2      | 0   | 0      | 0   | 2    | 0   | GET    | /api/isu/e59b61db-b8ea-48fd-8fcd-5c5aa2b664c4/icon  | 0.024 | 0.024 | 0.024   | 0.012 | 0.024 | 0.024 | 0.024 | 0.012  | 14.000    | 21.000    | 35.000        | 17.500    |
| 2      | 0   | 2      | 0   | 0    | 0   | GET    | /api/isu/af5ffbf3-fa66-4166-afb5-a2885bb61a81       | 0.004 | 0.020 | 0.024   | 0.012 | 0.020 | 0.020 | 0.020 | 0.008  | 114.000   | 114.000   | 228.000       | 114.000   |
| 2      | 0   | 2      | 0   | 0    | 0   | GET    | /api/isu/a68ea3df-6d90-4da2-b4cb-514b0dea2c3d/graph | 0.000 | 0.024 | 0.024   | 0.012 | 0.024 | 0.024 | 0.024 | 0.012  | 1970.000  | 3088.000  | 5058.000      | 2529.000  |
| 1      | 0   | 1      | 0   | 0    | 0   | GET    | /api/isu/ec611c8a-cef5-4bc8-a81c-9f2e8b523d6a       | 0.012 | 0.012 | 0.012   | 0.012 | 0.012 | 0.012 | 0.012 | 0.000  | 120.000   | 120.000   | 120.000       | 120.000   |
| 1      | 0   | 1      | 0   | 0    | 0   | GET    | /api/isu/f66fe057-5413-463c-ac92-125ad033a381       | 0.012 | 0.012 | 0.012   | 0.012 | 0.012 | 0.012 | 0.012 | 0.000  | 120.000   | 120.000   | 120.000       | 120.000   |
| 4      | 0   | 4      | 0   | 0    | 0   | GET    | /api/isu/afb9309c-6ef1-43c5-ad8a-ae69a6b99ba8       | 0.008 | 0.028 | 0.048   | 0.012 | 0.028 | 0.028 | 0.028 | 0.010  | 123.000   | 123.000   | 492.000       | 123.000   |
| 1      | 0   | 1      | 0   | 0    | 0   | GET    | /api/isu/a39b6da9-52e2-4b7e-9a73-6c3c4b65a003       | 0.012 | 0.012 | 0.012   | 0.012 | 0.012 | 0.012 | 0.012 | 0.000  | 115.000   | 115.000   | 115.000       | 115.000   |
| 2      | 0   | 2      | 0   | 0    | 0   | GET    | /api/isu/fa7f8475-d3bd-4616-871f-d3a3a366d5a1/graph | 0.004 | 0.020 | 0.024   | 0.012 | 0.020 | 0.020 | 0.020 | 0.008  | 1970.000  | 2734.000  | 4704.000      | 2352.000  |
| 11     | 0   | 11     | 0   | 0    | 0   | GET    | /api/isu/ac664570-e5f4-4a25-b11a-fefd6a89d453/graph | 0.000 | 0.028 | 0.128   | 0.012 | 0.024 | 0.028 | 0.028 | 0.010  | 1970.000  | 3501.000  | 29407.000     | 2673.364  |
| 10     | 0   | 10     | 0   | 0    | 0   | GET    | /api/isu/c3ed19b5-454c-41c6-9787-b6cdbc14be92       | 0.000 | 0.068 | 0.116   | 0.012 | 0.024 | 0.068 | 0.068 | 0.020  | 135.000   | 135.000   | 1350.000      | 135.000   |
| 8      | 0   | 8      | 0   | 0    | 0   | GET    | /api/isu/afb9309c-6ef1-43c5-ad8a-ae69a6b99ba8/graph | 0.016 | 0.032 | 0.092   | 0.012 | 0.032 | 0.032 | 0.032 | 0.011  | 1970.000  | 3042.000  | 21074.000     | 2634.250  |
| 8      | 0   | 8      | 0   | 0    | 0   | GET    | /api/isu/ad416c44-abe8-471f-b868-388d6ee2f164/graph | 0.004 | 0.036 | 0.092   | 0.011 | 0.036 | 0.036 | 0.036 | 0.011  | 1970.000  | 2736.000  | 19459.000     | 2432.375  |
| 7      | 0   | 7      | 0   | 0    | 0   | GET    | /api/isu/fb72f08f-25e9-46df-9cc4-29c2881be5ed       | 0.000 | 0.036 | 0.080   | 0.011 | 0.036 | 0.036 | 0.036 | 0.016  | 123.000   | 123.000   | 861.000       | 123.000   |
| 19     | 0   | 19     | 0   | 0    | 0   | GET    | /api/isu/ab855a65-f6e1-496e-b94e-a9e49fd1fa8c/graph | 0.004 | 0.056 | 0.216   | 0.011 | 0.036 | 0.056 | 0.056 | 0.015  | 1970.000  | 4116.000  | 54390.000     | 2862.632  |
| 8      | 0   | 8      | 0   | 0    | 0   | GET    | /api/isu/a7aac452-d1e8-44d2-88f0-446f2fbcfb78       | 0.036 | 0.048 | 0.088   | 0.011 | 0.048 | 0.048 | 0.048 | 0.018  | 117.000   | 117.000   | 936.000       | 117.000   |
| 4      | 0   | 4      | 0   | 0    | 0   | GET    | /api/isu/ac57ddb1-ca3c-44f0-b480-6e9b7713083e       | 0.000 | 0.020 | 0.044   | 0.011 | 0.020 | 0.020 | 0.020 | 0.007  | 123.000   | 123.000   | 492.000       | 123.000   |
| 8      | 0   | 8      | 0   | 0    | 0   | GET    | /api/isu/a214cda3-4b71-496b-9b48-f05238670ba8/graph | 0.040 | 0.040 | 0.088   | 0.011 | 0.040 | 0.040 | 0.040 | 0.013  | 2445.000  | 2939.000  | 21066.000     | 2633.250  |
| 3      | 0   | 3      | 0   | 0    | 0   | GET    | /api/isu/e4251b2a-9063-4408-806a-ab4318e7b570/graph | 0.012 | 0.020 | 0.032   | 0.011 | 0.020 | 0.020 | 0.020 | 0.008  | 2358.000  | 3021.000  | 7815.000      | 2605.000  |
| 3      | 0   | 3      | 0   | 0    | 0   | GET    | /api/isu/a1ace7a5-6e31-4f83-a747-52a645716320/graph | 0.004 | 0.020 | 0.032   | 0.011 | 0.020 | 0.020 | 0.020 | 0.007  | 2161.000  | 3188.000  | 8054.000      | 2684.667  |
| 10     | 0   | 10     | 0   | 0    | 0   | GET    | /api/isu/de36a31d-ced5-43df-8517-07763be49395/graph | 0.012 | 0.036 | 0.104   | 0.010 | 0.028 | 0.036 | 0.036 | 0.011  | 1970.000  | 3538.000  | 25792.000     | 2579.200  |
| 26     | 0   | 22     | 0   | 4    | 0   | GET    | /api/isu/ff1a1fcb-69b5-46d1-986a-5ca2b5290b0a/graph | 0.004 | 0.056 | 0.268   | 0.010 | 0.036 | 0.052 | 0.056 | 0.015  | 14.000    | 3532.000  | 60906.000     | 2342.538  |
| 9      | 0   | 9      | 0   | 0    | 0   | GET    | /api/isu/c3ed19b5-454c-41c6-9787-b6cdbc14be92/graph | 0.008 | 0.048 | 0.092   | 0.010 | 0.048 | 0.048 | 0.048 | 0.014  | 2164.000  | 3026.000  | 23084.000     | 2564.889  |
| 4      | 0   | 4      | 0   | 0    | 0   | GET    | /api/isu/f3830fd6-8851-41e3-bdee-071313a5ee65       | 0.004 | 0.024 | 0.040   | 0.010 | 0.024 | 0.024 | 0.024 | 0.008  | 114.000   | 114.000   | 456.000       | 114.000   |
| 2      | 0   | 2      | 0   | 0    | 0   | GET    | /api/isu/a7467839-9b7d-4cc5-94ef-9e63f8fc9eff/graph | 0.000 | 0.020 | 0.020   | 0.010 | 0.020 | 0.020 | 0.020 | 0.010  | 2739.000  | 3312.000  | 6051.000      | 3025.500  |
| 2      | 0   | 2      | 0   | 0    | 0   | GET    | /api/isu/fcb05f0a-5e8c-490a-9092-6e648beff411/graph | 0.004 | 0.016 | 0.020   | 0.010 | 0.016 | 0.016 | 0.016 | 0.006  | 2544.000  | 2624.000  | 5168.000      | 2584.000  |
| 4      | 0   | 4      | 0   | 0    | 0   | GET    | /api/isu/ea45ccf4-e2e5-4a46-9954-8cdd61633e5d       | 0.004 | 0.028 | 0.040   | 0.010 | 0.028 | 0.028 | 0.028 | 0.011  | 120.000   | 120.000   | 480.000       | 120.000   |
| 6      | 0   | 2      | 0   | 4    | 0   | GET    | /api/isu/a7c4e08d-adbb-4685-86b7-c3ed3ed053f5/graph | 0.000 | 0.028 | 0.060   | 0.010 | 0.028 | 0.028 | 0.028 | 0.013  | 14.000    | 2622.000  | 4664.000      | 777.333   |
| 2      | 0   | 0      | 0   | 2    | 0   | GET    | /api/isu/b537fbcf-4da8-46f2-b071-afc7f183878a/icon  | 0.020 | 0.020 | 0.020   | 0.010 | 0.020 | 0.020 | 0.020 | 0.010  | 14.000    | 21.000    | 35.000        | 17.500    |
| 2      | 0   | 2      | 0   | 0    | 0   | GET    | /api/isu/ac57ddb1-ca3c-44f0-b480-6e9b7713083e/graph | 0.020 | 0.020 | 0.020   | 0.010 | 0.020 | 0.020 | 0.020 | 0.010  | 2543.000  | 2925.000  | 5468.000      | 2734.000  |
| 7      | 0   | 7      | 0   | 0    | 0   | GET    | /api/isu/d7ec80c3-f15f-4785-8d7e-9e2cf8e19753       | 0.012 | 0.028 | 0.068   | 0.010 | 0.028 | 0.028 | 0.028 | 0.011  | 135.000   | 135.000   | 945.000       | 135.000   |
| 7      | 0   | 7      | 0   | 0    | 0   | GET    | /api/isu/cdb51426-a1f3-4442-afc9-9fe58119bce9/graph | 0.004 | 0.032 | 0.068   | 0.010 | 0.032 | 0.032 | 0.032 | 0.011  | 1970.000  | 3403.000  | 19707.000     | 2815.286  |
| 5      | 0   | 5      | 0   | 0    | 0   | GET    | /api/isu/e33094a5-83c7-4588-8210-dc40e7dcf148/graph | 0.004 | 0.012 | 0.048   | 0.010 | 0.012 | 0.012 | 0.012 | 0.003  | 2161.000  | 3530.000  | 13927.000     | 2785.400  |
| 14     | 0   | 14     | 0   | 0    | 0   | GET    | /api/isu/d1b59570-3427-4dfc-8796-cf382297ea31/graph | 0.056 | 0.056 | 0.132   | 0.009 | 0.036 | 0.056 | 0.056 | 0.016  | 1970.000  | 3839.000  | 39298.000     | 2807.000  |
| 3      | 0   | 3      | 0   | 0    | 0   | GET    | /api/isu/d520c5e3-8fbc-4b2b-968b-94f8f3bce96e       | 0.004 | 0.016 | 0.028   | 0.009 | 0.016 | 0.016 | 0.016 | 0.005  | 123.000   | 123.000   | 369.000       | 123.000   |
| 24     | 0   | 20     | 0   | 4    | 0   | GET    | /api/isu/b159c3d6-9c8c-4e33-bc42-28a088f65b44/graph | 0.000 | 0.064 | 0.224   | 0.009 | 0.016 | 0.020 | 0.064 | 0.013  | 14.000    | 3727.000  | 55353.000     | 2306.375  |
| 6      | 0   | 6      | 0   | 0    | 0   | GET    | /api/isu/af66b277-df84-45ed-b3a9-3e35f6559ba8/graph | 0.008 | 0.028 | 0.056   | 0.009 | 0.028 | 0.028 | 0.028 | 0.010  | 1970.000  | 3592.000  | 15074.000     | 2512.333  |
| 7      | 0   | 7      | 0   | 0    | 0   | GET    | /api/isu/ad43e6fc-5a74-4272-98ef-626c2504ce5e       | 0.012 | 0.024 | 0.064   | 0.009 | 0.024 | 0.024 | 0.024 | 0.008  | 115.000   | 115.000   | 805.000       | 115.000   |
| 4      | 0   | 4      | 0   | 0    | 0   | GET    | /api/isu/e3b4abff-09df-453a-a618-023099245f84       | 0.000 | 0.032 | 0.036   | 0.009 | 0.032 | 0.032 | 0.032 | 0.013  | 132.000   | 132.000   | 528.000       | 132.000   |
| 20     | 0   | 20     | 0   | 0    | 0   | GET    | /api/isu/d3250cbb-5c65-4bb5-b108-5026a3424d65/graph | 0.008 | 0.036 | 0.180   | 0.009 | 0.020 | 0.024 | 0.036 | 0.010  | 1970.000  | 4424.000  | 55285.000     | 2764.250  |
| 9      | 0   | 9      | 0   | 0    | 0   | GET    | /api/isu/e80d1083-04c1-4736-8e39-06a1ae675543/graph | 0.004 | 0.036 | 0.080   | 0.009 | 0.036 | 0.036 | 0.036 | 0.011  | 2160.000  | 3654.000  | 26030.000     | 2892.222  |
| 5      | 0   | 5      | 0   | 0    | 0   | GET    | /api/isu/d9865788-ae3c-45e1-8e00-b89baada693f/graph | 0.012 | 0.032 | 0.044   | 0.009 | 0.032 | 0.032 | 0.032 | 0.012  | 1970.000  | 2834.000  | 12724.000     | 2544.800  |
| 5      | 0   | 5      | 0   | 0    | 0   | GET    | /api/isu/e1d2eb08-9ff0-47fb-9101-155dbab2375f/graph | 0.036 | 0.036 | 0.044   | 0.009 | 0.036 | 0.036 | 0.036 | 0.014  | 1970.000  | 3140.000  | 11769.000     | 2353.800  |
| 7      | 0   | 7      | 0   | 0    | 0   | GET    | /api/isu/d9865788-ae3c-45e1-8e00-b89baada693f       | 0.004 | 0.024 | 0.060   | 0.009 | 0.024 | 0.024 | 0.024 | 0.009  | 126.000   | 126.000   | 882.000       | 126.000   |
| 7      | 0   | 7      | 0   | 0    | 0   | GET    | /api/isu/ef3330b0-85e6-4323-af52-07e20859a4a6       | 0.000 | 0.040 | 0.060   | 0.009 | 0.040 | 0.040 | 0.040 | 0.013  | 123.000   | 123.000   | 861.000       | 123.000   |
| 7      | 0   | 7      | 0   | 0    | 0   | GET    | /api/isu/a43d4715-f829-4578-8cfa-fe47f4c86dfc       | 0.004 | 0.028 | 0.060   | 0.009 | 0.028 | 0.028 | 0.028 | 0.008  | 123.000   | 123.000   | 861.000       | 123.000   |
| 16     | 0   | 16     | 0   | 0    | 0   | GET    | /api/isu/ab6773d4-7414-45cc-8131-33600f14e5de       | 0.056 | 0.056 | 0.136   | 0.009 | 0.024 | 0.056 | 0.056 | 0.014  | 120.000   | 120.000   | 1920.000      | 120.000   |
| 7      | 0   | 7      | 0   | 0    | 0   | GET    | /api/isu/a06a5dea-149f-463c-a996-805e2c53dfd5/graph | 0.004 | 0.024 | 0.056   | 0.008 | 0.024 | 0.024 | 0.024 | 0.008  | 2110.000  | 2970.000  | 18695.000     | 2670.714  |
| 4      | 0   | 4      | 0   | 0    | 0   | GET    | /api/isu/a7467839-9b7d-4cc5-94ef-9e63f8fc9eff       | 0.024 | 0.024 | 0.032   | 0.008 | 0.024 | 0.024 | 0.024 | 0.010  | 123.000   | 123.000   | 492.000       | 123.000   |
| 1      | 0   | 1      | 0   | 0    | 0   | GET    | /api/isu/c155c38e-4d2d-4e1b-9176-52bd6c811524       | 0.008 | 0.008 | 0.008   | 0.008 | 0.008 | 0.008 | 0.008 | 0.000  | 114.000   | 114.000   | 114.000       | 114.000   |
| 1      | 0   | 1      | 0   | 0    | 0   | GET    | /api/isu/e0b721ac-3433-41b2-8f6e-42890839a2f8       | 0.008 | 0.008 | 0.008   | 0.008 | 0.008 | 0.008 | 0.008 | 0.000  | 114.000   | 114.000   | 114.000       | 114.000   |
| 1      | 0   | 1      | 0   | 0    | 0   | GET    | /api/isu/bea7be8d-77f5-428c-85a0-5c7c428a03b9       | 0.008 | 0.008 | 0.008   | 0.008 | 0.008 | 0.008 | 0.008 | 0.000  | 123.000   | 123.000   | 123.000       | 123.000   |
| 11     | 0   | 11     | 0   | 0    | 0   | GET    | /api/isu/f844d0d4-ba9c-4199-8826-822754470a88/graph | 0.012 | 0.020 | 0.088   | 0.008 | 0.016 | 0.020 | 0.020 | 0.007  | 1970.000  | 3936.000  | 29015.000     | 2637.727  |
| 4      | 0   | 4      | 0   | 0    | 0   | GET    | /api/isu/a214cda3-4b71-496b-9b48-f05238670ba8       | 0.000 | 0.020 | 0.032   | 0.008 | 0.020 | 0.020 | 0.020 | 0.007  | 132.000   | 132.000   | 528.000       | 132.000   |
| 1      | 0   | 1      | 0   | 0    | 0   | GET    | /api/isu/b5671656-1d73-401a-bd52-1416f62d5729       | 0.008 | 0.008 | 0.008   | 0.008 | 0.008 | 0.008 | 0.008 | 0.000  | 129.000   | 129.000   | 129.000       | 129.000   |
| 13     | 0   | 13     | 0   | 0    | 0   | GET    | /api/isu/f844d0d4-ba9c-4199-8826-822754470a88       | 0.004 | 0.068 | 0.104   | 0.008 | 0.008 | 0.068 | 0.068 | 0.018  | 120.000   | 120.000   | 1560.000      | 120.000   |
| 1      | 0   | 1      | 0   | 0    | 0   | GET    | /api/isu/bf1285f4-1316-4898-89d5-9d0147b58531       | 0.008 | 0.008 | 0.008   | 0.008 | 0.008 | 0.008 | 0.008 | 0.000  | 123.000   | 123.000   | 123.000       | 123.000   |
| 7      | 0   | 7      | 0   | 0    | 0   | GET    | /api/isu/c5a9782d-a0f0-413b-add9-1bb1af50e02e       | 0.004 | 0.036 | 0.056   | 0.008 | 0.036 | 0.036 | 0.036 | 0.012  | 114.000   | 114.000   | 798.000       | 114.000   |
| 7      | 0   | 7      | 0   | 0    | 0   | GET    | /api/isu/c5a9782d-a0f0-413b-add9-1bb1af50e02e/graph | 0.000 | 0.020 | 0.056   | 0.008 | 0.020 | 0.020 | 0.020 | 0.007  | 1970.000  | 3010.000  | 17708.000     | 2529.714  |
| 9      | 0   | 9      | 0   | 0    | 0   | GET    | /api/isu/fb709142-abeb-48aa-87d3-2c10141baf21       | 0.004 | 0.024 | 0.068   | 0.008 | 0.024 | 0.024 | 0.024 | 0.008  | 120.000   | 120.000   | 1080.000      | 120.000   |
| 16     | 0   | 15     | 0   | 1    | 0   | GET    | /api/isu/ad416c44-abe8-471f-b868-388d6ee2f164       | 0.000 | 0.040 | 0.120   | 0.008 | 0.020 | 0.040 | 0.040 | 0.010  | 0.000     | 120.000   | 1800.000      | 112.500   |
| 14     | 0   | 14     | 0   | 0    | 0   | GET    | /api/isu/b881483f-1428-41f2-a236-3c1be5d4ea2e/graph | 0.004 | 0.044 | 0.104   | 0.007 | 0.012 | 0.044 | 0.044 | 0.011  | 1970.000  | 3348.000  | 37173.000     | 2655.214  |
| 7      | 0   | 7      | 0   | 0    | 0   | GET    | /api/isu/d0d8e847-a46f-42bb-a00e-658801a277cf/graph | 0.004 | 0.012 | 0.052   | 0.007 | 0.012 | 0.012 | 0.012 | 0.004  | 1970.000  | 3438.000  | 18004.000     | 2572.000  |
| 7      | 0   | 7      | 0   | 0    | 0   | GET    | /api/isu/a43d4715-f829-4578-8cfa-fe47f4c86dfc/graph | 0.008 | 0.016 | 0.052   | 0.007 | 0.016 | 0.016 | 0.016 | 0.005  | 1970.000  | 3483.000  | 18717.000     | 2673.857  |
| 5      | 0   | 5      | 0   | 0    | 0   | GET    | /api/isu/ea13839d-2078-4a9a-b1c0-02d3a1afb47c       | 0.004 | 0.012 | 0.036   | 0.007 | 0.012 | 0.012 | 0.012 | 0.005  | 120.000   | 120.000   | 600.000       | 120.000   |
| 9      | 0   | 9      | 0   | 0    | 0   | GET    | /api/isu/beb19813-547f-4323-920b-2090b5289c70/graph | 0.012 | 0.024 | 0.064   | 0.007 | 0.024 | 0.024 | 0.024 | 0.007  | 1970.000  | 3503.000  | 25207.000     | 2800.778  |
| 4      | 0   | 4      | 0   | 0    | 0   | GET    | /api/isu/b1b4d9a1-41a7-44dc-8802-503e13ed3fec       | 0.000 | 0.024 | 0.028   | 0.007 | 0.024 | 0.024 | 0.024 | 0.010  | 117.000   | 117.000   | 468.000       | 117.000   |
| 4      | 0   | 4      | 0   | 0    | 0   | GET    | /api/isu/a68ea3df-6d90-4da2-b4cb-514b0dea2c3d       | 0.004 | 0.012 | 0.028   | 0.007 | 0.012 | 0.012 | 0.012 | 0.003  | 117.000   | 117.000   | 468.000       | 117.000   |
| 4      | 0   | 4      | 0   | 0    | 0   | GET    | /api/isu/f206e12b-2f38-4664-b7d7-b8c89af9526c       | 0.000 | 0.024 | 0.028   | 0.007 | 0.024 | 0.024 | 0.024 | 0.010  | 123.000   | 123.000   | 492.000       | 123.000   |
| 22     | 0   | 22     | 0   | 0    | 0   | GET    | /api/isu/b159c3d6-9c8c-4e33-bc42-28a088f65b44       | 0.004 | 0.044 | 0.152   | 0.007 | 0.020 | 0.024 | 0.044 | 0.011  | 129.000   | 129.000   | 2838.000      | 129.000   |
| 7      | 0   | 7      | 0   | 0    | 0   | GET    | /api/isu/c5c02c50-c620-4410-b3a0-401e3fe34ce5       | 0.008 | 0.036 | 0.048   | 0.007 | 0.036 | 0.036 | 0.036 | 0.012  | 132.000   | 132.000   | 924.000       | 132.000   |
| 29760  | 0   | 29733  | 0   | 27   | 0   | GET    | /api/trend                                          | 0.000 | 0.156 | 200.606 | 0.007 | 0.016 | 0.032 | 0.068 | 0.014  | 0.000     | 18850.000 | 320339718.000 | 10764.103 |
| 3      | 0   | 3      | 0   | 0    | 0   | GET    | /api/isu/dd22348e-9297-49ce-b0f8-a3a82ecc256d/graph | 0.004 | 0.016 | 0.020   | 0.007 | 0.016 | 0.016 | 0.016 | 0.007  | 2161.000  | 3133.000  | 7734.000      | 2578.000  |
| 3      | 0   | 3      | 0   | 0    | 0   | GET    | /api/isu/aafbc27d-6cb0-416a-abe7-f5513f19f6ad/graph | 0.000 | 0.016 | 0.020   | 0.007 | 0.016 | 0.016 | 0.016 | 0.007  | 2160.000  | 3006.000  | 7521.000      | 2507.000  |
| 5      | 0   | 5      | 0   | 0    | 0   | GET    | /api/isu/a18cdc23-4280-4dc0-be94-6b7cc998526c       | 0.008 | 0.024 | 0.032   | 0.006 | 0.024 | 0.024 | 0.024 | 0.009  | 123.000   | 123.000   | 615.000       | 123.000   |
| 17     | 0   | 17     | 0   | 0    | 0   | GET    | /api/isu/e7509118-a6cf-4c81-842b-0ce26ab37541/graph | 0.004 | 0.024 | 0.108   | 0.006 | 0.024 | 0.024 | 0.024 | 0.008  | 1970.000  | 3882.000  | 45596.000     | 2682.118  |
| 7      | 0   | 7      | 0   | 0    | 0   | GET    | /api/isu/c77c292b-8cff-4f21-8174-e5a281fc48a8       | 0.000 | 0.028 | 0.044   | 0.006 | 0.028 | 0.028 | 0.028 | 0.009  | 132.000   | 132.000   | 924.000       | 132.000   |
| 106    | 0   | 106    | 0   | 0    | 0   | GET    | /api/isu/e7baa958-ef68-4637-a52c-5b762aa6ef7b/graph | 0.004 | 0.052 | 0.656   | 0.006 | 0.016 | 0.020 | 0.044 | 0.008  | 1970.000  | 3612.000  | 306504.000    | 2891.547  |
| 4      | 0   | 4      | 0   | 0    | 0   | GET    | /api/isu/fcb05f0a-5e8c-490a-9092-6e648beff411       | 0.000 | 0.012 | 0.024   | 0.006 | 0.012 | 0.012 | 0.012 | 0.006  | 114.000   | 114.000   | 456.000       | 114.000   |
| 4      | 0   | 4      | 0   | 0    | 0   | GET    | /api/isu/a795c3c0-f000-46fd-a086-668bca84b236       | 0.004 | 0.012 | 0.024   | 0.006 | 0.012 | 0.012 | 0.012 | 0.003  | 117.000   | 117.000   | 468.000       | 117.000   |
| 4      | 0   | 4      | 0   | 0    | 0   | GET    | /api/isu/f3830fd6-8851-41e3-bdee-071313a5ee65/graph | 0.004 | 0.008 | 0.024   | 0.006 | 0.008 | 0.008 | 0.008 | 0.002  | 1970.000  | 3233.000  | 10015.000     | 2503.750  |
| 8      | 0   | 8      | 0   | 0    | 0   | GET    | /api/isu/bacc9f76-2f66-4fad-b4e4-f46a0bf302d7/graph | 0.000 | 0.036 | 0.048   | 0.006 | 0.036 | 0.036 | 0.036 | 0.011  | 1970.000  | 3537.000  | 22305.000     | 2788.125  |
| 2      | 0   | 2      | 0   | 0    | 0   | GET    | /api/isu/efc58b8d-d001-461b-900b-2d8f8e91ddaf       | 0.004 | 0.008 | 0.012   | 0.006 | 0.008 | 0.008 | 0.008 | 0.002  | 120.000   | 120.000   | 240.000       | 120.000   |
| 4      | 0   | 4      | 0   | 0    | 0   | GET    | /api/isu/d3308096-a600-46e8-99cc-75610d672fcb       | 0.004 | 0.012 | 0.024   | 0.006 | 0.012 | 0.012 | 0.012 | 0.003  | 120.000   | 120.000   | 480.000       | 120.000   |
| 22     | 0   | 20     | 0   | 2    | 0   | GET    | /api/isu/b44c34a9-84dd-421d-8177-d887f04607ff       | 0.004 | 0.032 | 0.132   | 0.006 | 0.016 | 0.028 | 0.032 | 0.009  | 14.000    | 126.000   | 2555.000      | 116.136   |
| 4      | 0   | 4      | 0   | 0    | 0   | GET    | /api/isu/e2fe12fc-a7d3-4709-b42d-1453a357297a       | 0.000 | 0.016 | 0.024   | 0.006 | 0.016 | 0.016 | 0.016 | 0.006  | 118.000   | 118.000   | 472.000       | 118.000   |
| 4      | 0   | 4      | 0   | 0    | 0   | GET    | /api/isu/f10d0bb0-af70-42fc-b304-ecd152ce549c       | 0.000 | 0.016 | 0.024   | 0.006 | 0.016 | 0.016 | 0.016 | 0.006  | 126.000   | 126.000   | 504.000       | 126.000   |
| 2      | 0   | 2      | 0   | 0    | 0   | GET    | /api/isu/b741432a-d837-4a60-9e16-63af55a5c746/graph | 0.004 | 0.008 | 0.012   | 0.006 | 0.008 | 0.008 | 0.008 | 0.002  | 1970.000  | 2355.000  | 4325.000      | 2162.500  |
| 4      | 0   | 4      | 0   | 0    | 0   | GET    | /api/isu/e6535e35-b77f-4d26-87f2-91cb096bcf44       | 0.004 | 0.012 | 0.024   | 0.006 | 0.012 | 0.012 | 0.012 | 0.004  | 117.000   | 117.000   | 468.000       | 117.000   |
| 13     | 0   | 13     | 0   | 0    | 0   | GET    | /api/isu/f124f800-ca22-4b94-b34d-597380e984d3       | 0.008 | 0.032 | 0.076   | 0.006 | 0.016 | 0.032 | 0.032 | 0.009  | 129.000   | 129.000   | 1677.000      | 129.000   |
| 9      | 0   | 7      | 0   | 2    | 0   | GET    | /api/isu/de36a31d-ced5-43df-8517-07763be49395       | 0.004 | 0.024 | 0.052   | 0.006 | 0.024 | 0.024 | 0.024 | 0.008  | 14.000    | 117.000   | 854.000       | 94.889    |
| 9      | 0   | 9      | 0   | 0    | 0   | GET    | /api/isu/a8ea7c5d-102e-42be-a333-0bf171923d79/graph | 0.004 | 0.024 | 0.052   | 0.006 | 0.024 | 0.024 | 0.024 | 0.007  | 1970.000  | 3689.000  | 25575.000     | 2841.667  |
| 7      | 0   | 7      | 0   | 0    | 0   | GET    | /api/isu/d7101f8c-83ce-4830-890a-5fb5b4167d16       | 0.004 | 0.028 | 0.040   | 0.006 | 0.028 | 0.028 | 0.028 | 0.009  | 126.000   | 126.000   | 882.000       | 126.000   |
| 7      | 0   | 7      | 0   | 0    | 0   | GET    | /api/isu/e1d2eb08-9ff0-47fb-9101-155dbab2375f       | 0.000 | 0.016 | 0.040   | 0.006 | 0.016 | 0.016 | 0.016 | 0.007  | 121.000   | 121.000   | 847.000       | 121.000   |
| 10     | 0   | 10     | 0   | 0    | 0   | GET    | /api/isu/bacc9f76-2f66-4fad-b4e4-f46a0bf302d7       | 0.000 | 0.020 | 0.056   | 0.006 | 0.016 | 0.020 | 0.020 | 0.007  | 123.000   | 123.000   | 1230.000      | 123.000   |
| 15     | 0   | 15     | 0   | 0    | 0   | GET    | /api/isu/f4c0548f-a42a-468d-92fa-3a1b8c5d8e7b/graph | 0.004 | 0.028 | 0.084   | 0.006 | 0.012 | 0.028 | 0.028 | 0.007  | 1970.000  | 3790.000  | 38897.000     | 2593.133  |
| 11830  | 0   | 11570  | 0   | 260  | 0   | GET    | /api/condition/[a-z0-9-]+                           | 0.012 | 0.152 | 64.437  | 0.005 | 0.016 | 0.024 | 0.052 | 0.011  | 5573.000  | 6462.000  | 45653685.000  | 3859.145  |
| 3      | 0   | 3      | 0   | 0    | 0   | GET    | /api/isu/f206e12b-2f38-4664-b7d7-b8c89af9526c/graph | 0.000 | 0.012 | 0.016   | 0.005 | 0.012 | 0.012 | 0.012 | 0.005  | 2737.000  | 3115.000  | 8699.000      | 2899.667  |
| 3      | 0   | 3      | 0   | 0    | 0   | GET    | /api/isu/c5c02c50-c620-4410-b3a0-401e3fe34ce5/graph | 0.004 | 0.008 | 0.016   | 0.005 | 0.008 | 0.008 | 0.008 | 0.002  | 2242.000  | 2621.000  | 7301.000      | 2433.667  |
| 3      | 0   | 3      | 0   | 0    | 0   | GET    | /api/isu/fb72f08f-25e9-46df-9cc4-29c2881be5ed/graph | 0.000 | 0.012 | 0.016   | 0.005 | 0.012 | 0.012 | 0.012 | 0.005  | 1970.000  | 2739.000  | 7252.000      | 2417.333  |
| 6      | 0   | 6      | 0   | 0    | 0   | GET    | /api/isu/d50a4403-3325-4ab2-abed-eb473398eaba       | 0.000 | 0.008 | 0.032   | 0.005 | 0.008 | 0.008 | 0.008 | 0.003  | 126.000   | 126.000   | 756.000       | 126.000   |
| 10     | 0   | 10     | 0   | 0    | 0   | GET    | /api/isu/f124f800-ca22-4b94-b34d-597380e984d3/graph | 0.004 | 0.032 | 0.052   | 0.005 | 0.004 | 0.032 | 0.032 | 0.009  | 1970.000  | 2939.000  | 23822.000     | 2382.200  |
| 112    | 0   | 112    | 0   | 0    | 0   | GET    | /api/isu/e7baa958-ef68-4637-a52c-5b762aa6ef7b       | 0.004 | 0.064 | 0.576   | 0.005 | 0.012 | 0.028 | 0.052 | 0.011  | 128.000   | 128.000   | 14336.000     | 128.000   |
| 7      | 0   | 7      | 0   | 0    | 0   | GET    | /api/isu/e8e5549b-9d72-4c83-a170-b9550bd28b32       | 0.004 | 0.012 | 0.036   | 0.005 | 0.012 | 0.012 | 0.012 | 0.004  | 126.000   | 126.000   | 882.000       | 126.000   |
| 11     | 0   | 11     | 0   | 0    | 0   | GET    | /api/isu/d25a4b69-0379-488d-8c8d-dac6122d034e/graph | 0.004 | 0.016 | 0.056   | 0.005 | 0.012 | 0.016 | 0.016 | 0.005  | 1970.000  | 4344.000  | 31032.000     | 2821.091  |
| 34     | 0   | 34     | 0   | 0    | 0   | GET    | /api/isu/ff1a1fcb-69b5-46d1-986a-5ca2b5290b0a       | 0.020 | 0.028 | 0.172   | 0.005 | 0.020 | 0.028 | 0.028 | 0.008  | 120.000   | 120.000   | 4080.000      | 120.000   |
| 4      | 0   | 4      | 0   | 0    | 0   | GET    | /api/isu/d0b8afec-b0da-4a4b-8d46-8cba20be810a       | 0.004 | 0.008 | 0.020   | 0.005 | 0.008 | 0.008 | 0.008 | 0.002  | 123.000   | 123.000   | 492.000       | 123.000   |
| 4      | 0   | 4      | 0   | 0    | 0   | GET    | /api/isu/b3d9641e-061c-477b-8ea0-a663578c37bf       | 0.004 | 0.008 | 0.020   | 0.005 | 0.008 | 0.008 | 0.008 | 0.003  | 120.000   | 120.000   | 480.000       | 120.000   |
| 4      | 0   | 4      | 0   | 0    | 0   | GET    | /api/isu/a96f0276-4fcc-4c42-91fa-de038fadc4f5       | 0.008 | 0.008 | 0.020   | 0.005 | 0.008 | 0.008 | 0.008 | 0.003  | 120.000   | 120.000   | 480.000       | 120.000   |
| 4      | 0   | 4      | 0   | 0    | 0   | GET    | /api/isu/ba2099f4-bc7e-4a67-8ea2-35dbe2a874a8       | 0.004 | 0.012 | 0.020   | 0.005 | 0.012 | 0.012 | 0.012 | 0.004  | 120.000   | 120.000   | 480.000       | 120.000   |
| 13     | 0   | 13     | 0   | 0    | 0   | GET    | /api/isu/d3b4bcab-dc44-4183-85d0-bf95a174b851       | 0.004 | 0.028 | 0.064   | 0.005 | 0.008 | 0.028 | 0.028 | 0.007  | 129.000   | 129.000   | 1677.000      | 129.000   |
| 10     | 0   | 10     | 0   | 0    | 0   | GET    | /api/isu/fd65b23f-d25a-401a-9a65-8963776ccbc2/graph | 0.020 | 0.020 | 0.048   | 0.005 | 0.008 | 0.020 | 0.020 | 0.006  | 1970.000  | 3699.000  | 25852.000     | 2585.200  |
| 5      | 0   | 5      | 0   | 0    | 0   | GET    | /api/isu/f6ce9e41-0691-4553-ab67-b4d48a6b864c/graph | 0.004 | 0.016 | 0.024   | 0.005 | 0.016 | 0.016 | 0.016 | 0.006  | 2163.000  | 2955.000  | 12608.000     | 2521.600  |
| 6      | 0   | 6      | 0   | 0    | 0   | GET    | /api/isu/b18e460c-d786-4b93-b660-0798b965b1da/graph | 0.004 | 0.016 | 0.028   | 0.005 | 0.016 | 0.016 | 0.016 | 0.005  | 1970.000  | 3794.000  | 15961.000     | 2660.167  |
| 6      | 0   | 6      | 0   | 0    | 0   | GET    | /api/isu/c77c292b-8cff-4f21-8174-e5a281fc48a8/graph | 0.000 | 0.020 | 0.028   | 0.005 | 0.020 | 0.020 | 0.020 | 0.007  | 2906.000  | 3277.000  | 18683.000     | 3113.833  |
| 12     | 0   | 12     | 0   | 0    | 0   | GET    | /api/isu/a2d9bc69-f587-432d-9a11-18214dec9285/graph | 0.024 | 0.024 | 0.056   | 0.005 | 0.008 | 0.024 | 0.024 | 0.007  | 1970.000  | 3920.000  | 34585.000     | 2882.083  |
| 6      | 0   | 4      | 0   | 2    | 0   | GET    | /api/isu/b537fbcf-4da8-46f2-b071-afc7f183878a       | 0.004 | 0.016 | 0.028   | 0.005 | 0.016 | 0.016 | 0.016 | 0.005  | 14.000    | 120.000   | 515.000       | 85.833    |
| 13     | 0   | 13     | 0   | 0    | 0   | GET    | /api/isu/b44c34a9-84dd-421d-8177-d887f04607ff/graph | 0.004 | 0.020 | 0.060   | 0.005 | 0.008 | 0.020 | 0.020 | 0.005  | 1970.000  | 4166.000  | 37133.000     | 2856.385  |
| 13     | 0   | 13     | 0   | 0    | 0   | GET    | /api/isu/beb19813-547f-4323-920b-2090b5289c70       | 0.004 | 0.044 | 0.060   | 0.005 | 0.004 | 0.044 | 0.044 | 0.012  | 114.000   | 114.000   | 1482.000      | 114.000   |
| 14     | 0   | 14     | 0   | 0    | 0   | GET    | /api/isu/a8ea7c5d-102e-42be-a333-0bf171923d79       | 0.028 | 0.028 | 0.064   | 0.005 | 0.012 | 0.028 | 0.028 | 0.007  | 120.000   | 120.000   | 1680.000      | 120.000   |
| 7      | 0   | 5      | 0   | 2    | 0   | GET    | /api/isu/c741fae6-5742-4b92-9ac6-0580bb8b87bb       | 0.004 | 0.020 | 0.032   | 0.005 | 0.020 | 0.020 | 0.020 | 0.007  | 14.000    | 123.000   | 650.000       | 92.857    |
| 7      | 0   | 7      | 0   | 0    | 0   | GET    | /api/isu/d0d8e847-a46f-42bb-a00e-658801a277cf       | 0.004 | 0.016 | 0.032   | 0.005 | 0.016 | 0.016 | 0.016 | 0.005  | 114.000   | 114.000   | 798.000       | 114.000   |
| 10     | 0   | 10     | 0   | 0    | 0   | GET    | /api/isu/fd65b23f-d25a-401a-9a65-8963776ccbc2       | 0.000 | 0.016 | 0.044   | 0.004 | 0.008 | 0.016 | 0.016 | 0.005  | 126.000   | 126.000   | 1260.000      | 126.000   |
| 10     | 0   | 10     | 0   | 0    | 0   | GET    | /api/isu/ac664570-e5f4-4a25-b11a-fefd6a89d453       | 0.004 | 0.028 | 0.044   | 0.004 | 0.004 | 0.028 | 0.028 | 0.008  | 123.000   | 123.000   | 1230.000      | 123.000   |
| 98     | 0   | 98     | 0   | 0    | 0   | GET    | /api/isu/b4615a4c-9079-4a44-8258-d789758b3e85/graph | 0.004 | 0.024 | 0.428   | 0.004 | 0.012 | 0.020 | 0.024 | 0.006  | 1970.000  | 4655.000  | 290464.000    | 2963.918  |
| 16     | 0   | 16     | 0   | 0    | 0   | GET    | /api/isu/d25a4b69-0379-488d-8c8d-dac6122d034e       | 0.044 | 0.044 | 0.068   | 0.004 | 0.008 | 0.044 | 0.044 | 0.011  | 120.000   | 120.000   | 1920.000      | 120.000   |
| 19     | 0   | 19     | 0   | 0    | 0   | GET    | /api/isu/ab855a65-f6e1-496e-b94e-a9e49fd1fa8c       | 0.000 | 0.036 | 0.080   | 0.004 | 0.008 | 0.036 | 0.036 | 0.008  | 126.000   | 126.000   | 2394.000      | 126.000   |
| 19     | 0   | 19     | 0   | 0    | 0   | GET    | /api/isu/d1b59570-3427-4dfc-8796-cf382297ea31       | 0.028 | 0.032 | 0.080   | 0.004 | 0.028 | 0.032 | 0.032 | 0.009  | 119.000   | 119.000   | 2261.000      | 119.000   |
| 20     | 0   | 20     | 0   | 0    | 0   | GET    | /api/isu/e9a7ff2a-5d7d-44c1-9578-9b01681f373d/graph | 0.004 | 0.012 | 0.084   | 0.004 | 0.012 | 0.012 | 0.012 | 0.004  | 1970.000  | 3724.000  | 53366.000     | 2668.300  |
| 22     | 0   | 22     | 0   | 0    | 0   | GET    | /api/isu/b881483f-1428-41f2-a236-3c1be5d4ea2e       | 0.004 | 0.032 | 0.092   | 0.004 | 0.008 | 0.008 | 0.032 | 0.007  | 122.000   | 122.000   | 2684.000      | 122.000   |
| 183482 | 0   | 183126 | 0   | 348  | 8   | POST   | /api/condition/[a-z0-9-]+                           | 0.004 | 0.418 | 755.203 | 0.004 | 0.012 | 0.016 | 0.036 | 0.011  | 0.000     | 0.000     | 0.000         | 0.000     |
| 56     | 0   | 56     | 0   | 0    | 0   | GET    | /api/isu/ac4845e4-0736-4a7b-8b4e-5ce475f48c73/graph | 0.008 | 0.072 | 0.228   | 0.004 | 0.008 | 0.012 | 0.072 | 0.010  | 1970.000  | 3605.000  | 157108.000    | 2805.500  |
| 66     | 0   | 66     | 0   | 0    | 0   | GET    | /api/isu/bb6330c5-fcb4-4ddd-ac02-452bee0a7073/graph | 0.000 | 0.068 | 0.268   | 0.004 | 0.008 | 0.012 | 0.068 | 0.009  | 1970.000  | 4151.000  | 188443.000    | 2855.197  |
| 4      | 0   | 4      | 0   | 0    | 0   | GET    | /api/isu/e4251b2a-9063-4408-806a-ab4318e7b570       | 0.000 | 0.012 | 0.016   | 0.004 | 0.012 | 0.012 | 0.012 | 0.005  | 120.000   | 120.000   | 480.000       | 120.000   |
| 1      | 0   | 1      | 0   | 0    | 0   | GET    | /api/isu/aa5a0827-92bb-478d-889f-13681b58c8ce       | 0.004 | 0.004 | 0.004   | 0.004 | 0.004 | 0.004 | 0.004 | 0.000  | 117.000   | 117.000   | 117.000       | 117.000   |
| 2      | 0   | 0      | 0   | 2    | 0   | GET    | /api/isu/dbaacb71-33fc-4b76-b242-ce0ed899fba3/icon  | 0.004 | 0.004 | 0.008   | 0.004 | 0.004 | 0.004 | 0.004 | 0.000  | 14.000    | 21.000    | 35.000        | 17.500    |
| 3      | 0   | 3      | 0   | 0    | 0   | GET    | /api/isu/d0b8afec-b0da-4a4b-8d46-8cba20be810a/graph | 0.004 | 0.008 | 0.012   | 0.004 | 0.008 | 0.008 | 0.008 | 0.003  | 1970.000  | 2824.000  | 7386.000      | 2462.000  |
| 1      | 0   | 1      | 0   | 0    | 0   | GET    | /api/isu/b4e14a92-4c75-4f62-9050-8734e0193200       | 0.004 | 0.004 | 0.004   | 0.004 | 0.004 | 0.004 | 0.004 | 0.000  | 126.000   | 126.000   | 126.000       | 126.000   |
| 1      | 0   | 1      | 0   | 0    | 0   | GET    | /api/isu/cfaa4acc-9cc6-4bbe-a231-eba4736cd085       | 0.004 | 0.004 | 0.004   | 0.004 | 0.004 | 0.004 | 0.004 | 0.000  | 129.000   | 129.000   | 129.000       | 129.000   |
| 3      | 0   | 3      | 0   | 0    | 0   | GET    | /api/isu/c741fae6-5742-4b92-9ac6-0580bb8b87bb/graph | 0.004 | 0.008 | 0.012   | 0.004 | 0.008 | 0.008 | 0.008 | 0.003  | 2161.000  | 2734.000  | 7439.000      | 2479.667  |
| 1      | 0   | 1      | 0   | 0    | 0   | GET    | /api/isu/e42915ce-ac81-4e99-af9c-e5bc88a7bc74       | 0.004 | 0.004 | 0.004   | 0.004 | 0.004 | 0.004 | 0.004 | 0.000  | 123.000   | 123.000   | 123.000       | 123.000   |
| 2      | 0   | 2      | 0   | 0    | 0   | GET    | /api/isu/e6535e35-b77f-4d26-87f2-91cb096bcf44/graph | 0.004 | 0.004 | 0.008   | 0.004 | 0.004 | 0.004 | 0.004 | 0.000  | 1970.000  | 2435.000  | 4405.000      | 2202.500  |
| 1      | 0   | 1      | 0   | 0    | 0   | GET    | /api/isu/cd945359-761a-4a8c-b614-d057e9f96ac3       | 0.004 | 0.004 | 0.004   | 0.004 | 0.004 | 0.004 | 0.004 | 0.000  | 120.000   | 120.000   | 120.000       | 120.000   |
| 2      | 0   | 2      | 0   | 0    | 0   | GET    | /api/isu/eea64b90-49bf-4c56-a736-670cec9d86f0/graph | 0.004 | 0.004 | 0.008   | 0.004 | 0.004 | 0.004 | 0.004 | 0.000  | 2434.000  | 3005.000  | 5439.000      | 2719.500  |
| 1      | 0   | 1      | 0   | 0    | 0   | GET    | /api/isu/d01a9628-a8cd-4bad-992f-2efc848bf2ad       | 0.004 | 0.004 | 0.004   | 0.004 | 0.004 | 0.004 | 0.004 | 0.000  | 112.000   | 112.000   | 112.000       | 112.000   |
| 2      | 0   | 2      | 0   | 0    | 0   | GET    | /api/isu/e3b4abff-09df-453a-a618-023099245f84/graph | 0.000 | 0.008 | 0.008   | 0.004 | 0.008 | 0.008 | 0.008 | 0.004  | 2162.000  | 2632.000  | 4794.000      | 2397.000  |
| 1      | 0   | 1      | 0   | 0    | 0   | GET    | /api/isu/c9f48ef0-81d5-44c3-b2ae-35221c1cf0a9       | 0.004 | 0.004 | 0.004   | 0.004 | 0.004 | 0.004 | 0.004 | 0.000  | 123.000   | 123.000   | 123.000       | 123.000   |
| 1      | 0   | 1      | 0   | 0    | 0   | GET    | /api/isu/fcac6ef0-dd94-4c13-bef4-0b35d772957d       | 0.004 | 0.004 | 0.004   | 0.004 | 0.004 | 0.004 | 0.004 | 0.000  | 114.000   | 114.000   | 114.000       | 114.000   |
| 3      | 0   | 3      | 0   | 0    | 0   | GET    | /api/isu/e2fe12fc-a7d3-4709-b42d-1453a357297a/graph | 0.004 | 0.004 | 0.012   | 0.004 | 0.004 | 0.004 | 0.004 | 0.000  | 1970.000  | 2702.000  | 6837.000      | 2279.000  |
| 3      | 0   | 3      | 0   | 0    | 0   | GET    | /api/isu/a18cdc23-4280-4dc0-be94-6b7cc998526c/graph | 0.004 | 0.004 | 0.012   | 0.004 | 0.004 | 0.004 | 0.004 | 0.000  | 2622.000  | 3142.000  | 8884.000      | 2961.333  |
| 1      | 0   | 1      | 0   | 0    | 0   | GET    | /api/isu/ecad3140-ad7b-4ffd-80dc-c81f0b6dd5dc       | 0.004 | 0.004 | 0.004   | 0.004 | 0.004 | 0.004 | 0.004 | 0.000  | 138.000   | 138.000   | 138.000       | 138.000   |
| 2      | 0   | 0      | 0   | 2    | 0   | GET    | /api/isu/c9add5fc-28ca-4eea-9b77-6cb90852508a/icon  | 0.004 | 0.004 | 0.008   | 0.004 | 0.004 | 0.004 | 0.004 | 0.000  | 14.000    | 21.000    | 35.000        | 17.500    |
| 4      | 0   | 4      | 0   | 0    | 0   | GET    | /api/isu/d9b7be2d-6af8-4c34-b6e3-f984843dc64d/graph | 0.004 | 0.012 | 0.016   | 0.004 | 0.012 | 0.012 | 0.012 | 0.005  | 2238.000  | 2933.000  | 10354.000     | 2588.500  |
| 1      | 0   | 1      | 0   | 0    | 0   | GET    | /api/isu/fa57d6c6-a9d6-4d38-bec3-91afe270927f       | 0.004 | 0.004 | 0.004   | 0.004 | 0.004 | 0.004 | 0.004 | 0.000  | 132.000   | 132.000   | 132.000       | 132.000   |
| 4      | 0   | 4      | 0   | 0    | 0   | GET    | /api/isu/bf660b35-4f15-4159-87b5-913e92d89100       | 0.004 | 0.008 | 0.016   | 0.004 | 0.008 | 0.008 | 0.008 | 0.003  | 123.000   | 123.000   | 492.000       | 123.000   |
| 1      | 0   | 1      | 0   | 0    | 0   | GET    | /api/isu/aa0ea168-65ed-4378-975f-0e2ed1b54326       | 0.004 | 0.004 | 0.004   | 0.004 | 0.004 | 0.004 | 0.004 | 0.000  | 114.000   | 114.000   | 114.000       | 114.000   |
| 8055   | 0   | 7734   | 0   | 321  | 0   | GET    | /api/isu/[0-9]+                                     | 0.000 | 0.116 | 31.411  | 0.004 | 0.008 | 0.016 | 0.040 | 0.008  | 14.000    | 4960.000  | 9870772.000   | 1225.422  |
| 35     | 0   | 35     | 0   | 0    | 0   | GET    | /api/isu/daee4e18-a118-458b-95d7-39491aa1ca46/graph | 0.004 | 0.024 | 0.136   | 0.004 | 0.008 | 0.024 | 0.024 | 0.006  | 1970.000  | 3691.000  | 91990.000     | 2628.286  |
| 1743   | 0   | 1439   | 0   | 304  | 0   | POST   | /api/auth                                           | 0.000 | 0.100 | 6.663   | 0.004 | 0.008 | 0.016 | 0.036 | 0.008  | 0.000     | 19.000    | 3496.000      | 2.006     |
| 17     | 0   | 13     | 0   | 4    | 0   | GET    | /api/isu/c2983e04-d081-4289-9c7f-0f40a9a81225/graph | 0.004 | 0.020 | 0.064   | 0.004 | 0.016 | 0.020 | 0.020 | 0.006  | 14.000    | 4351.000  | 38015.000     | 2236.176  |
| 46     | 0   | 46     | 0   | 0    | 0   | GET    | /api/isu/a9b130fc-a44f-406e-9c01-6d379e586b03/graph | 0.004 | 0.044 | 0.172   | 0.004 | 0.004 | 0.008 | 0.044 | 0.007  | 1970.000  | 4093.000  | 134780.000    | 2930.000  |
| 10     | 0   | 10     | 0   | 0    | 0   | GET    | /api/isu/d3b4bcab-dc44-4183-85d0-bf95a174b851/graph | 0.008 | 0.012 | 0.036   | 0.004 | 0.008 | 0.012 | 0.012 | 0.004  | 1970.000  | 3762.000  | 26283.000     | 2628.300  |
| 17     | 0   | 17     | 0   | 0    | 0   | GET    | /api/isu/d442624c-40c1-4eba-84a5-4b809b35dd5f/graph | 0.000 | 0.020 | 0.060   | 0.004 | 0.008 | 0.020 | 0.020 | 0.005  | 1970.000  | 3317.000  | 46276.000     | 2722.118  |
| 49     | 0   | 49     | 0   | 0    | 0   | GET    | /api/isu/f095831c-df1e-4e0b-b7dc-840ab8de3328/graph | 0.000 | 0.048 | 0.172   | 0.004 | 0.008 | 0.008 | 0.048 | 0.007  | 1970.000  | 4454.000  | 134534.000    | 2745.592  |
| 6      | 0   | 6      | 0   | 0    | 0   | GET    | /api/isu/d7101f8c-83ce-4830-890a-5fb5b4167d16/graph | 0.004 | 0.008 | 0.020   | 0.003 | 0.008 | 0.008 | 0.008 | 0.003  | 2433.000  | 3313.000  | 17743.000     | 2957.167  |
| 71     | 0   | 63     | 0   | 8    | 0   | GET    | /api/isu/f478c5ad-af25-4889-ad93-7d52ed1e1305/graph | 0.000 | 0.048 | 0.236   | 0.003 | 0.008 | 0.012 | 0.048 | 0.007  | 14.000    | 4729.000  | 177449.000    | 2499.282  |
| 28     | 0   | 28     | 0   | 0    | 0   | GET    | /api/isu/e9a7ff2a-5d7d-44c1-9578-9b01681f373d       | 0.004 | 0.012 | 0.092   | 0.003 | 0.008 | 0.008 | 0.012 | 0.004  | 123.000   | 123.000   | 3444.000      | 123.000   |
| 67     | 0   | 67     | 0   | 0    | 0   | GET    | /api/isu/d28fa812-5c87-4c1e-a94f-77751dd29c63/graph | 0.004 | 0.032 | 0.220   | 0.003 | 0.008 | 0.012 | 0.032 | 0.005  | 1970.000  | 3950.000  | 192355.000    | 2870.970  |
| 121    | 0   | 121    | 0   | 0    | 0   | GET    | /api/isu/b4615a4c-9079-4a44-8258-d789758b3e85       | 0.012 | 0.032 | 0.396   | 0.003 | 0.008 | 0.012 | 0.024 | 0.005  | 119.000   | 119.000   | 14399.000     | 119.000   |
| 27     | 0   | 27     | 0   | 0    | 0   | GET    | /api/isu/f4c0548f-a42a-468d-92fa-3a1b8c5d8e7b       | 0.000 | 0.020 | 0.084   | 0.003 | 0.008 | 0.012 | 0.020 | 0.005  | 128.000   | 128.000   | 3456.000      | 128.000   |
| 4      | 0   | 4      | 0   | 0    | 0   | GET    | /api/isu/aafbc27d-6cb0-416a-abe7-f5513f19f6ad       | 0.000 | 0.008 | 0.012   | 0.003 | 0.008 | 0.008 | 0.008 | 0.003  | 120.000   | 120.000   | 480.000       | 120.000   |
| 4      | 0   | 4      | 0   | 0    | 0   | GET    | /api/isu/efdda03c-594a-44a5-aa45-f27e130ec880       | 0.012 | 0.012 | 0.012   | 0.003 | 0.012 | 0.012 | 0.012 | 0.005  | 126.000   | 126.000   | 504.000       | 126.000   |
| 8729   | 0   | 8691   | 0   | 38   | 0   | GET    | /api/isu                                            | 0.004 | 0.100 | 26.060  | 0.003 | 0.008 | 0.012 | 0.032 | 0.006  | 3.000     | 8059.000  | 18435017.000  | 2111.928  |
| 55     | 0   | 55     | 0   | 0    | 0   | GET    | /api/isu/ac51f4c1-c797-4e86-984b-0d20c0dc764a/graph | 0.004 | 0.020 | 0.160   | 0.003 | 0.008 | 0.016 | 0.020 | 0.005  | 1970.000  | 3569.000  | 155096.000    | 2819.927  |
| 22     | 0   | 22     | 0   | 0    | 0   | GET    | /api/isu/e7509118-a6cf-4c81-842b-0ce26ab37541       | 0.032 | 0.032 | 0.064   | 0.003 | 0.008 | 0.008 | 0.032 | 0.007  | 138.000   | 138.000   | 3036.000      | 138.000   |
| 44     | 0   | 44     | 0   | 0    | 0   | GET    | /api/isu/caf5b7ba-1794-4fe9-882a-d2771609e73b/graph | 0.008 | 0.024 | 0.128   | 0.003 | 0.008 | 0.012 | 0.024 | 0.005  | 1970.000  | 4422.000  | 135125.000    | 3071.023  |
| 54     | 0   | 54     | 0   | 0    | 0   | GET    | /api/isu/c54c5946-bd02-4d6c-9236-526b8cb41edd/graph | 0.012 | 0.020 | 0.156   | 0.003 | 0.008 | 0.012 | 0.020 | 0.004  | 1970.000  | 3880.000  | 150090.000    | 2779.444  |
| 25     | 0   | 25     | 0   | 0    | 0   | GET    | /api/isu/d3250cbb-5c65-4bb5-b108-5026a3424d65       | 0.004 | 0.032 | 0.072   | 0.003 | 0.008 | 0.008 | 0.032 | 0.006  | 129.000   | 129.000   | 3225.000      | 129.000   |
| 7      | 0   | 7      | 0   | 0    | 0   | GET    | /api/isu/e10a129a-9a52-4320-9fcd-5aca7891959d       | 0.004 | 0.008 | 0.020   | 0.003 | 0.008 | 0.008 | 0.008 | 0.003  | 123.000   | 123.000   | 861.000       | 123.000   |
| 7      | 0   | 7      | 0   | 0    | 0   | GET    | /api/isu/b18e460c-d786-4b93-b660-0798b965b1da       | 0.000 | 0.008 | 0.020   | 0.003 | 0.008 | 0.008 | 0.008 | 0.003  | 123.000   | 123.000   | 861.000       | 123.000   |
| 53     | 0   | 53     | 0   | 0    | 0   | GET    | /api/isu/b65c0076-0238-459f-9f8d-aee73f286b3a/graph | 0.004 | 0.028 | 0.148   | 0.003 | 0.008 | 0.012 | 0.028 | 0.005  | 1970.000  | 3808.000  | 142151.000    | 2682.094  |
| 58     | 0   | 58     | 0   | 0    | 0   | GET    | /api/isu/b7c51d73-9dfe-498e-9ed6-d90594a3fe82/graph | 0.004 | 0.020 | 0.156   | 0.003 | 0.008 | 0.012 | 0.020 | 0.004  | 1970.000  | 4728.000  | 166324.000    | 2867.655  |
| 6      | 0   | 6      | 0   | 0    | 0   | GET    | /api/isu/e8e5549b-9d72-4c83-a170-b9550bd28b32/graph | 0.004 | 0.012 | 0.016   | 0.003 | 0.012 | 0.012 | 0.012 | 0.004  | 1970.000  | 3497.000  | 15804.000     | 2634.000  |
| 6      | 0   | 4      | 0   | 2    | 0   | GET    | /api/isu/a404f58c-032b-430b-9d79-22e2eb8e8163       | 0.000 | 0.008 | 0.016   | 0.003 | 0.008 | 0.008 | 0.008 | 0.003  | 14.000    | 114.000   | 491.000       | 81.833    |
| 52     | 0   | 52     | 0   | 0    | 0   | GET    | /api/isu/df237b5f-5abc-48a9-a5f2-80ab3beac8ea/graph | 0.000 | 0.024 | 0.136   | 0.003 | 0.008 | 0.008 | 0.024 | 0.004  | 1970.000  | 4251.000  | 152474.000    | 2932.192  |
| 25     | 0   | 25     | 0   | 0    | 0   | GET    | /api/isu/d442624c-40c1-4eba-84a5-4b809b35dd5f       | 0.004 | 0.020 | 0.064   | 0.003 | 0.008 | 0.012 | 0.020 | 0.005  | 120.000   | 120.000   | 3000.000      | 120.000   |
| 37     | 0   | 37     | 0   | 0    | 0   | GET    | /api/isu/f54cc058-c516-4879-9dde-36196fb13b12/graph | 0.000 | 0.008 | 0.092   | 0.002 | 0.008 | 0.008 | 0.008 | 0.003  | 1970.000  | 3803.000  | 99142.000     | 2679.514  |
| 62     | 0   | 62     | 0   | 0    | 0   | GET    | /api/isu/ac812bf6-c9cf-4527-be5d-b6a9f6a91ad4/graph | 0.004 | 0.016 | 0.152   | 0.002 | 0.008 | 0.008 | 0.016 | 0.003  | 1970.000  | 4979.000  | 178704.000    | 2882.323  |
| 5      | 0   | 5      | 0   | 0    | 0   | GET    | /api/isu/d7ec80c3-f15f-4785-8d7e-9e2cf8e19753/graph | 0.000 | 0.004 | 0.012   | 0.002 | 0.004 | 0.004 | 0.004 | 0.002  | 1970.000  | 2733.000  | 11925.000     | 2385.000  |
| 76     | 0   | 76     | 0   | 0    | 0   | GET    | /api/isu/ac4845e4-0736-4a7b-8b4e-5ce475f48c73       | 0.008 | 0.016 | 0.180   | 0.002 | 0.008 | 0.012 | 0.016 | 0.003  | 122.000   | 122.000   | 9272.000      | 122.000   |
| 17     | 0   | 17     | 0   | 0    | 0   | GET    | /api/isu/d16601d5-0db6-4531-9f4a-844831cddde0       | 0.000 | 0.020 | 0.040   | 0.002 | 0.004 | 0.020 | 0.020 | 0.005  | 108.000   | 108.000   | 1836.000      | 108.000   |
| 7      | 0   | 7      | 0   | 0    | 0   | GET    | /api/isu/a1527d97-e8f0-4ffb-a6c8-ef4e33dcee27       | 0.004 | 0.004 | 0.016   | 0.002 | 0.004 | 0.004 | 0.004 | 0.002  | 120.000   | 120.000   | 840.000       | 120.000   |
| 7      | 0   | 7      | 0   | 0    | 0   | GET    | /api/isu/af66b277-df84-45ed-b3a9-3e35f6559ba8       | 0.000 | 0.012 | 0.016   | 0.002 | 0.012 | 0.012 | 0.012 | 0.004  | 123.000   | 123.000   | 861.000       | 123.000   |
| 46     | 0   | 46     | 0   | 0    | 0   | GET    | /api/isu/daee4e18-a118-458b-95d7-39491aa1ca46       | 0.000 | 0.012 | 0.104   | 0.002 | 0.004 | 0.008 | 0.012 | 0.003  | 125.000   | 125.000   | 5750.000      | 125.000   |
| 2599   | 0   | 1325   | 0   | 1274 | 0   | GET    | /api/user/me                                        | 0.000 | 0.068 | 5.828   | 0.002 | 0.004 | 0.008 | 0.024 | 0.005  | 21.000    | 41.000    | 71371.000     | 27.461    |
| 45     | 0   | 45     | 0   | 0    | 0   | GET    | /api/isu/f436811e-291f-4a91-8d48-9a6f6110196f/graph | 0.004 | 0.016 | 0.100   | 0.002 | 0.004 | 0.008 | 0.016 | 0.003  | 1970.000  | 3884.000  | 129203.000    | 2871.178  |
| 13     | 0   | 9      | 0   | 4    | 0   | GET    | /api/isu/d16601d5-0db6-4531-9f4a-844831cddde0/graph | 0.004 | 0.012 | 0.028   | 0.002 | 0.004 | 0.012 | 0.012 | 0.003  | 14.000    | 4049.000  | 25786.000     | 1983.538  |
| 45     | 0   | 41     | 0   | 4    | 0   | GET    | /api/isu/dbaacb71-33fc-4b76-b242-ce0ed899fba3/graph | 0.004 | 0.012 | 0.096   | 0.002 | 0.004 | 0.008 | 0.012 | 0.003  | 14.000    | 4195.000  | 120628.000    | 2680.622  |
| 94     | 0   | 94     | 0   | 0    | 0   | GET    | /api/isu/d28fa812-5c87-4c1e-a94f-77751dd29c63       | 0.008 | 0.056 | 0.200   | 0.002 | 0.004 | 0.008 | 0.056 | 0.006  | 137.000   | 137.000   | 12878.000     | 137.000   |
| 19     | 0   | 19     | 0   | 0    | 0   | GET    | /api/isu/c5ff15e4-d6ec-4db1-8f71-35d9712fa8c3       | 0.000 | 0.016 | 0.040   | 0.002 | 0.004 | 0.016 | 0.016 | 0.004  | 118.000   | 118.000   | 2242.000      | 118.000   |
| 1280   | 0   | 1240   | 0   | 40   | 0   | POST   | /api/signout                                        | 0.004 | 0.056 | 2.692   | 0.002 | 0.004 | 0.008 | 0.024 | 0.005  | 0.000     | 21.000    | 840.000       | 0.656     |
| 4      | 0   | 4      | 0   | 0    | 0   | GET    | /api/isu/fb709142-abeb-48aa-87d3-2c10141baf21/graph | 0.000 | 0.008 | 0.008   | 0.002 | 0.008 | 0.008 | 0.008 | 0.003  | 2162.000  | 2818.000  | 9687.000      | 2421.750  |
| 4      | 0   | 4      | 0   | 0    | 0   | GET    | /api/isu/c2aa7d2e-06ba-4f69-b193-6606151c3cd2       | 0.000 | 0.008 | 0.008   | 0.002 | 0.008 | 0.008 | 0.008 | 0.003  | 117.000   | 117.000   | 468.000       | 117.000   |
| 2      | 0   | 2      | 0   | 0    | 0   | GET    | /api/isu/f10d0bb0-af70-42fc-b304-ecd152ce549c/graph | 0.004 | 0.004 | 0.004   | 0.002 | 0.004 | 0.004 | 0.004 | 0.002  | 1970.000  | 2351.000  | 4321.000      | 2160.500  |
| 2      | 0   | 0      | 0   | 2    | 0   | GET    | /api/isu/b14b8bad-6b89-4997-95de-27e85ed058f8       | 0.004 | 0.004 | 0.004   | 0.002 | 0.004 | 0.004 | 0.004 | 0.002  | 14.000    | 21.000    | 35.000        | 17.500    |
| 2      | 0   | 2      | 0   | 0    | 0   | GET    | /api/isu/ea45ccf4-e2e5-4a46-9954-8cdd61633e5d/graph | 0.004 | 0.004 | 0.004   | 0.002 | 0.004 | 0.004 | 0.004 | 0.002  | 2369.000  | 2817.000  | 5186.000      | 2593.000  |
| 2      | 0   | 2      | 0   | 0    | 0   | GET    | /api/isu/bc41de23-9658-4773-b07c-5f9aaaaa8f1f/graph | 0.000 | 0.004 | 0.004   | 0.002 | 0.004 | 0.004 | 0.004 | 0.002  | 2769.000  | 3406.000  | 6175.000      | 3087.500  |
| 10     | 0   | 10     | 0   | 0    | 0   | GET    | /api/isu/a359db31-fe76-4449-a33a-4f60472ad3ba       | 0.000 | 0.004 | 0.020   | 0.002 | 0.004 | 0.004 | 0.004 | 0.002  | 141.000   | 141.000   | 1410.000      | 141.000   |
| 2      | 0   | 0      | 0   | 2    | 0   | GET    | /api/isu/ff1a1fcb-69b5-46d1-986a-5ca2b5290b0a/icon  | 0.004 | 0.004 | 0.004   | 0.002 | 0.004 | 0.004 | 0.004 | 0.002  | 14.000    | 21.000    | 35.000        | 17.500    |
| 6      | 0   | 4      | 0   | 2    | 0   | GET    | /api/isu/d9b7be2d-6af8-4c34-b6e3-f984843dc64d       | 0.000 | 0.004 | 0.012   | 0.002 | 0.004 | 0.004 | 0.004 | 0.002  | 14.000    | 123.000   | 527.000       | 87.833    |
| 4      | 0   | 4      | 0   | 0    | 0   | GET    | /api/isu/a7c4e08d-adbb-4685-86b7-c3ed3ed053f5       | 0.000 | 0.004 | 0.008   | 0.002 | 0.004 | 0.004 | 0.004 | 0.002  | 135.000   | 135.000   | 540.000       | 135.000   |
| 2      | 0   | 0      | 0   | 2    | 0   | GET    | /api/isu/cab99f63-bb3a-4648-b6df-376396f2c7ab       | 0.000 | 0.004 | 0.004   | 0.002 | 0.004 | 0.004 | 0.004 | 0.002  | 14.000    | 21.000    | 35.000        | 17.500    |
| 4      | 0   | 4      | 0   | 0    | 0   | GET    | /api/isu/dd22348e-9297-49ce-b0f8-a3a82ecc256d       | 0.000 | 0.008 | 0.008   | 0.002 | 0.008 | 0.008 | 0.008 | 0.003  | 120.000   | 120.000   | 480.000       | 120.000   |
| 6      | 0   | 6      | 0   | 0    | 0   | GET    | /api/isu/ad43e6fc-5a74-4272-98ef-626c2504ce5e/graph | 0.008 | 0.008 | 0.012   | 0.002 | 0.008 | 0.008 | 0.008 | 0.003  | 1970.000  | 3224.000  | 15614.000     | 2602.333  |
| 4      | 0   | 4      | 0   | 0    | 0   | GET    | /api/isu/d72c0da4-6bee-4838-857b-9fc17f893674       | 0.004 | 0.004 | 0.008   | 0.002 | 0.004 | 0.004 | 0.004 | 0.002  | 120.000   | 120.000   | 480.000       | 120.000   |
| 4      | 0   | 4      | 0   | 0    | 0   | GET    | /api/isu/a404f58c-032b-430b-9d79-22e2eb8e8163/graph | 0.008 | 0.008 | 0.008   | 0.002 | 0.008 | 0.008 | 0.008 | 0.003  | 2352.000  | 3211.000  | 11537.000     | 2884.250  |
| 4      | 0   | 4      | 0   | 0    | 0   | GET    | /api/isu/e33a6cb9-7ac6-4ac3-b5e0-d17b2f969d2c       | 0.004 | 0.004 | 0.008   | 0.002 | 0.004 | 0.004 | 0.004 | 0.002  | 120.000   | 120.000   | 480.000       | 120.000   |
| 4      | 0   | 4      | 0   | 0    | 0   | GET    | /api/isu/f6ce9e41-0691-4553-ab67-b4d48a6b864c       | 0.004 | 0.004 | 0.008   | 0.002 | 0.004 | 0.004 | 0.004 | 0.002  | 120.000   | 120.000   | 480.000       | 120.000   |
| 37     | 0   | 37     | 0   | 0    | 0   | GET    | /api/isu/f1784d46-5821-40da-bb09-84ee8d0f4356/graph | 0.000 | 0.012 | 0.068   | 0.002 | 0.004 | 0.008 | 0.012 | 0.003  | 1970.000  | 4369.000  | 108413.000    | 2930.081  |
| 48     | 0   | 48     | 0   | 0    | 0   | GET    | /api/isu/dff32fc1-6019-4e5b-9d82-4aeb7377e974/graph | 0.000 | 0.016 | 0.088   | 0.002 | 0.008 | 0.008 | 0.016 | 0.003  | 1970.000  | 4593.000  | 141942.000    | 2957.125  |
| 70     | 0   | 70     | 0   | 0    | 0   | GET    | /api/isu/ac51f4c1-c797-4e86-984b-0d20c0dc764a       | 0.000 | 0.012 | 0.128   | 0.002 | 0.004 | 0.008 | 0.012 | 0.003  | 128.000   | 128.000   | 8960.000      | 128.000   |
| 36     | 0   | 36     | 0   | 0    | 0   | GET    | /api/isu/f7d0304d-7d2e-4344-9128-aa9d9e358292/graph | 0.004 | 0.016 | 0.064   | 0.002 | 0.004 | 0.004 | 0.016 | 0.003  | 1970.000  | 4290.000  | 98785.000     | 2744.028  |
| 70     | 0   | 70     | 0   | 0    | 0   | GET    | /api/isu/c54c5946-bd02-4d6c-9236-526b8cb41edd       | 0.000 | 0.012 | 0.116   | 0.002 | 0.004 | 0.008 | 0.012 | 0.003  | 107.000   | 107.000   | 7490.000      | 107.000   |
| 71     | 0   | 67     | 0   | 4    | 0   | GET    | /api/isu/caf5b7ba-1794-4fe9-882a-d2771609e73b       | 0.016 | 0.028 | 0.116   | 0.002 | 0.004 | 0.004 | 0.028 | 0.004  | 14.000    | 111.000   | 7507.000      | 105.732   |
| 79     | 0   | 79     | 0   | 0    | 0   | GET    | /api/isu/bb6330c5-fcb4-4ddd-ac02-452bee0a7073       | 0.004 | 0.008 | 0.128   | 0.002 | 0.004 | 0.008 | 0.008 | 0.002  | 140.000   | 140.000   | 11060.000     | 140.000   |
| 58     | 0   | 58     | 0   | 0    | 0   | GET    | /api/isu/dbaacb71-33fc-4b76-b242-ce0ed899fba3       | 0.036 | 0.036 | 0.092   | 0.002 | 0.004 | 0.004 | 0.036 | 0.005  | 119.000   | 119.000   | 6902.000      | 119.000   |
| 75     | 0   | 73     | 0   | 2    | 0   | GET    | /api/isu/df237b5f-5abc-48a9-a5f2-80ab3beac8ea       | 0.008 | 0.020 | 0.116   | 0.002 | 0.004 | 0.008 | 0.020 | 0.003  | 14.000    | 119.000   | 8722.000      | 116.293   |
| 74     | 0   | 70     | 0   | 4    | 0   | GET    | /api/isu/f095831c-df1e-4e0b-b7dc-840ab8de3328       | 0.000 | 0.012 | 0.112   | 0.002 | 0.004 | 0.004 | 0.012 | 0.002  | 14.000    | 110.000   | 7770.000      | 105.000   |
| 73     | 0   | 73     | 0   | 0    | 0   | GET    | /api/isu/b7c51d73-9dfe-498e-9ed6-d90594a3fe82       | 0.000 | 0.008 | 0.108   | 0.001 | 0.004 | 0.004 | 0.008 | 0.002  | 119.000   | 119.000   | 8687.000      | 119.000   |
| 46     | 0   | 46     | 0   | 0    | 0   | GET    | /api/isu/f54cc058-c516-4879-9dde-36196fb13b12       | 0.000 | 0.008 | 0.068   | 0.001 | 0.004 | 0.004 | 0.008 | 0.002  | 119.000   | 119.000   | 5474.000      | 119.000   |
| 3      | 0   | 3      | 0   | 0    | 0   | GET    | /api/isu/d249b5ca-2257-4067-b4c8-2f1c1fd2bee0       | 0.000 | 0.004 | 0.004   | 0.001 | 0.004 | 0.004 | 0.004 | 0.002  | 123.000   | 123.000   | 369.000       | 123.000   |
| 3      | 0   | 3      | 0   | 0    | 0   | GET    | /api/isu/efdda03c-594a-44a5-aa45-f27e130ec880/graph | 0.004 | 0.004 | 0.004   | 0.001 | 0.004 | 0.004 | 0.004 | 0.002  | 2544.000  | 2813.000  | 8094.000      | 2698.000  |
| 3      | 0   | 3      | 0   | 0    | 0   | GET    | /api/isu/adf8a048-4aa8-4a3f-8d12-6dcc64f882ee/graph | 0.004 | 0.004 | 0.004   | 0.001 | 0.004 | 0.004 | 0.004 | 0.002  | 2167.000  | 3083.000  | 8323.000      | 2774.333  |
| 77     | 0   | 77     | 0   | 0    | 0   | GET    | /api/isu/ac812bf6-c9cf-4527-be5d-b6a9f6a91ad4       | 0.004 | 0.020 | 0.100   | 0.001 | 0.004 | 0.004 | 0.020 | 0.003  | 128.000   | 128.000   | 9856.000      | 128.000   |
| 63     | 0   | 61     | 0   | 2    | 0   | GET    | /api/isu/f1784d46-5821-40da-bb09-84ee8d0f4356       | 0.004 | 0.016 | 0.080   | 0.001 | 0.004 | 0.004 | 0.016 | 0.003  | 14.000    | 122.000   | 7477.000      | 118.683   |
| 19     | 0   | 19     | 0   | 0    | 0   | GET    | /api/isu/a2d9bc69-f587-432d-9a11-18214dec9285       | 0.000 | 0.008 | 0.024   | 0.001 | 0.004 | 0.008 | 0.008 | 0.002  | 123.000   | 123.000   | 2337.000      | 123.000   |
| 70     | 0   | 70     | 0   | 0    | 0   | GET    | /api/isu/b65c0076-0238-459f-9f8d-aee73f286b3a       | 0.036 | 0.036 | 0.088   | 0.001 | 0.004 | 0.004 | 0.036 | 0.005  | 119.000   | 119.000   | 8330.000      | 119.000   |
| 64     | 0   | 64     | 0   | 0    | 0   | GET    | /api/isu/f436811e-291f-4a91-8d48-9a6f6110196f       | 0.004 | 0.008 | 0.080   | 0.001 | 0.004 | 0.004 | 0.008 | 0.002  | 122.000   | 122.000   | 7808.000      | 122.000   |
| 49     | 0   | 49     | 0   | 0    | 0   | GET    | /api/isu/f7d0304d-7d2e-4344-9128-aa9d9e358292       | 0.016 | 0.016 | 0.060   | 0.001 | 0.004 | 0.008 | 0.016 | 0.003  | 119.000   | 119.000   | 5831.000      | 119.000   |
| 64     | 0   | 64     | 0   | 0    | 0   | GET    | /api/isu/a9b130fc-a44f-406e-9c01-6d379e586b03       | 0.000 | 0.008 | 0.076   | 0.001 | 0.004 | 0.004 | 0.008 | 0.002  | 122.000   | 122.000   | 7808.000      | 122.000   |
| 7      | 0   | 7      | 0   | 0    | 0   | GET    | /api/isu/cdb51426-a1f3-4442-afc9-9fe58119bce9       | 0.000 | 0.008 | 0.008   | 0.001 | 0.008 | 0.008 | 0.008 | 0.003  | 126.000   | 126.000   | 882.000       | 126.000   |
| 7      | 0   | 7      | 0   | 0    | 0   | GET    | /api/isu/e80d1083-04c1-4736-8e39-06a1ae675543       | 0.004 | 0.004 | 0.008   | 0.001 | 0.004 | 0.004 | 0.004 | 0.002  | 114.000   | 114.000   | 798.000       | 114.000   |
| 19     | 0   | 19     | 0   | 0    | 0   | GET    | /api/isu/c2983e04-d081-4289-9c7f-0f40a9a81225       | 0.000 | 0.008 | 0.020   | 0.001 | 0.004 | 0.008 | 0.008 | 0.002  | 129.000   | 129.000   | 2451.000      | 129.000   |
| 88     | 0   | 86     | 0   | 2    | 0   | GET    | /api/isu/f478c5ad-af25-4889-ad93-7d52ed1e1305       | 0.004 | 0.016 | 0.088   | 0.001 | 0.004 | 0.004 | 0.016 | 0.002  | 14.000    | 117.000   | 10097.000     | 114.739   |
| 4      | 0   | 4      | 0   | 0    | 0   | GET    | /api/isu/e33094a5-83c7-4588-8210-dc40e7dcf148       | 0.000 | 0.004 | 0.004   | 0.001 | 0.004 | 0.004 | 0.004 | 0.002  | 120.000   | 120.000   | 480.000       | 120.000   |
| 4      | 0   | 4      | 0   | 0    | 0   | GET    | /api/isu/a06a5dea-149f-463c-a996-805e2c53dfd5       | 0.000 | 0.004 | 0.004   | 0.001 | 0.004 | 0.004 | 0.004 | 0.002  | 120.000   | 120.000   | 480.000       | 120.000   |
| 4      | 0   | 4      | 0   | 0    | 0   | GET    | /api/isu/fea27d6e-3e59-4045-ac87-2fe47839c12c       | 0.000 | 0.004 | 0.004   | 0.001 | 0.004 | 0.004 | 0.004 | 0.002  | 120.000   | 120.000   | 480.000       | 120.000   |
| 4      | 0   | 4      | 0   | 0    | 0   | GET    | /api/isu/a1ace7a5-6e31-4f83-a747-52a645716320       | 0.000 | 0.004 | 0.004   | 0.001 | 0.004 | 0.004 | 0.004 | 0.002  | 129.000   | 129.000   | 516.000       | 129.000   |
| 4      | 0   | 4      | 0   | 0    | 0   | GET    | /api/isu/adf8a048-4aa8-4a3f-8d12-6dcc64f882ee       | 0.000 | 0.004 | 0.004   | 0.001 | 0.004 | 0.004 | 0.004 | 0.002  | 120.000   | 120.000   | 480.000       | 120.000   |
| 4      | 0   | 4      | 0   | 0    | 0   | GET    | /api/isu/e59b61db-b8ea-48fd-8fcd-5c5aa2b664c4       | 0.000 | 0.004 | 0.004   | 0.001 | 0.004 | 0.004 | 0.004 | 0.002  | 126.000   | 126.000   | 504.000       | 126.000   |
| 69     | 0   | 67     | 0   | 2    | 0   | GET    | /api/isu/dff32fc1-6019-4e5b-9d82-4aeb7377e974       | 0.000 | 0.004 | 0.064   | 0.001 | 0.004 | 0.004 | 0.004 | 0.002  | 14.000    | 114.000   | 7673.000      | 111.203   |
| 4      | 0   | 4      | 0   | 0    | 0   | GET    | /api/isu/eedc07f9-eecf-406e-957d-7c398bd35893       | 0.000 | 0.000 | 0.000   | 0.000 | 0.000 | 0.000 | 0.000 | 0.000  | 120.000   | 120.000   | 480.000       | 120.000   |
| 4      | 0   | 4      | 0   | 0    | 0   | GET    | /api/isu/d3308096-a600-46e8-99cc-75610d672fcb/graph | 0.000 | 0.000 | 0.000   | 0.000 | 0.000 | 0.000 | 0.000 | 0.000  | 2165.000  | 3030.000  | 10516.000     | 2629.000  |
| 1      | 0   | 1      | 0   | 0    | 0   | GET    | /api/isu/d6c5ddbc-ecfd-4e22-8f2f-78da3a0e0e2b       | 0.000 | 0.000 | 0.000   | 0.000 | 0.000 | 0.000 | 0.000 | 0.000  | 123.000   | 123.000   | 123.000       | 123.000   |
| 2      | 0   | 0      | 0   | 2    | 0   | GET    | /api/isu/c741fae6-5742-4b92-9ac6-0580bb8b87bb/icon  | 0.000 | 0.000 | 0.000   | 0.000 | 0.000 | 0.000 | 0.000 | 0.000  | 14.000    | 21.000    | 35.000        | 17.500    |
| 4      | 0   | 0      | 0   | 4    | 0   | GET    | /api/isu/cab99f63-bb3a-4648-b6df-376396f2c7ab/graph | 0.000 | 0.000 | 0.000   | 0.000 | 0.000 | 0.000 | 0.000 | 0.000  | 14.000    | 21.000    | 72.000        | 18.000    |
| 1      | 0   | 1      | 0   | 0    | 0   | GET    | /api/isu/a4f37bde-f4c1-453e-a0cc-f4ea3d688c26       | 0.000 | 0.000 | 0.000   | 0.000 | 0.000 | 0.000 | 0.000 | 0.000  | 123.000   | 123.000   | 123.000       | 123.000   |
| 1      | 0   | 1      | 0   | 0    | 0   | GET    | /api/isu/c9922aea-a541-47fb-87dc-8fd8e1cadbe2       | 0.000 | 0.000 | 0.000   | 0.000 | 0.000 | 0.000 | 0.000 | 0.000  | 114.000   | 114.000   | 114.000       | 114.000   |
| 1      | 0   | 1      | 0   | 0    | 0   | GET    | /api/isu/cbcc1f0f-e59a-464f-a454-b244b5b10c2f       | 0.000 | 0.000 | 0.000   | 0.000 | 0.000 | 0.000 | 0.000 | 0.000  | 129.000   | 129.000   | 129.000       | 129.000   |
| 1      | 0   | 1      | 0   | 0    | 0   | GET    | /api/isu/a0a1dffe-7c06-4d4f-8fa1-2c708b054c93       | 0.000 | 0.000 | 0.000   | 0.000 | 0.000 | 0.000 | 0.000 | 0.000  | 119.000   | 119.000   | 119.000       | 119.000   |
| 2      | 0   | 2      | 0   | 0    | 0   | GET    | /api/isu/ab27d2d4-0e56-4c2b-925e-ac71671c4c95       | 0.000 | 0.000 | 0.000   | 0.000 | 0.000 | 0.000 | 0.000 | 0.000  | 116.000   | 116.000   | 232.000       | 116.000   |
| 2      | 0   | 2      | 0   | 0    | 0   | GET    | /api/isu/e4ed1cdf-9f09-4b24-becf-db588a1d3771       | 0.000 | 0.000 | 0.000   | 0.000 | 0.000 | 0.000 | 0.000 | 0.000  | 128.000   | 128.000   | 256.000       | 128.000   |
| 2      | 0   | 0      | 0   | 2    | 0   | GET    | /api/isu/b82dcff4-8fae-4773-9956-22ab354adb7e/icon  | 0.000 | 0.000 | 0.000   | 0.000 | 0.000 | 0.000 | 0.000 | 0.000  | 14.000    | 21.000    | 35.000        | 17.500    |
| 2      | 0   | 2      | 0   | 0    | 0   | GET    | /api/isu/eeeb4a80-d111-4bba-8519-36ddb43ac144       | 0.000 | 0.000 | 0.000   | 0.000 | 0.000 | 0.000 | 0.000 | 0.000  | 126.000   | 126.000   | 252.000       | 126.000   |
| 1      | 0   | 1      | 0   | 0    | 0   | GET    | /api/isu/c6d4e97d-452e-4eaf-9b82-815737b923db       | 0.000 | 0.000 | 0.000   | 0.000 | 0.000 | 0.000 | 0.000 | 0.000  | 117.000   | 117.000   | 117.000       | 117.000   |
| 2      | 0   | 2      | 0   | 0    | 0   | GET    | /api/isu/c9add5fc-28ca-4eea-9b77-6cb90852508a/graph | 0.000 | 0.000 | 0.000   | 0.000 | 0.000 | 0.000 | 0.000 | 0.000  | 2178.000  | 2391.000  | 4569.000      | 2284.500  |
| 1      | 0   | 1      | 0   | 0    | 0   | GET    | /api/isu/c9add5fc-28ca-4eea-9b77-6cb90852508a       | 0.000 | 0.000 | 0.000   | 0.000 | 0.000 | 0.000 | 0.000 | 0.000  | 113.000   | 113.000   | 113.000       | 113.000   |
| 4      | 0   | 4      | 0   | 0    | 0   | GET    | /api/isu/b5d7486c-74fa-43ff-adae-d660caa209db       | 0.000 | 0.000 | 0.000   | 0.000 | 0.000 | 0.000 | 0.000 | 0.000  | 126.000   | 126.000   | 504.000       | 126.000   |
| 2      | 0   | 2      | 0   | 0    | 0   | GET    | /api/isu/eb104b95-3532-4828-8550-89da717b9667/graph | 0.000 | 0.000 | 0.000   | 0.000 | 0.000 | 0.000 | 0.000 | 0.000  | 3374.000  | 4200.000  | 7574.000      | 3787.000  |
| 1      | 0   | 1      | 0   | 0    | 0   | GET    | /api/isu/eb104b95-3532-4828-8550-89da717b9667       | 0.000 | 0.000 | 0.000   | 0.000 | 0.000 | 0.000 | 0.000 | 0.000  | 121.000   | 121.000   | 121.000       | 121.000   |
| 2      | 0   | 2      | 0   | 0    | 0   | GET    | /api/isu/b82dcff4-8fae-4773-9956-22ab354adb7e/graph | 0.000 | 0.000 | 0.000   | 0.000 | 0.000 | 0.000 | 0.000 | 0.000  | 3376.000  | 4234.000  | 7610.000      | 3805.000  |
| 2      | 0   | 0      | 0   | 2    | 0   | GET    | /api/isu/caf5b7ba-1794-4fe9-882a-d2771609e73b/icon  | 0.000 | 0.000 | 0.000   | 0.000 | 0.000 | 0.000 | 0.000 | 0.000  | 14.000    | 21.000    | 35.000        | 17.500    |
| 1      | 0   | 1      | 0   | 0    | 0   | GET    | /api/isu/d196a621-9911-4962-9ae0-08638e949f22       | 0.000 | 0.000 | 0.000   | 0.000 | 0.000 | 0.000 | 0.000 | 0.000  | 120.000   | 120.000   | 120.000       | 120.000   |
| 1      | 0   | 1      | 0   | 0    | 0   | GET    | /api/isu/b82dcff4-8fae-4773-9956-22ab354adb7e       | 0.000 | 0.000 | 0.000   | 0.000 | 0.000 | 0.000 | 0.000 | 0.000  | 119.000   | 119.000   | 119.000       | 119.000   |
| 1      | 0   | 1      | 0   | 0    | 0   | GET    | /api/isu/c493e876-5b9d-49f7-8a08-d3ded7f61998       | 0.000 | 0.000 | 0.000   | 0.000 | 0.000 | 0.000 | 0.000 | 0.000  | 120.000   | 120.000   | 120.000       | 120.000   |
| 1      | 0   | 1      | 0   | 0    | 0   | GET    | /api/isu/ce4531dd-3919-4f23-92ba-13546d7f33b7       | 0.000 | 0.000 | 0.000   | 0.000 | 0.000 | 0.000 | 0.000 | 0.000  | 126.000   | 126.000   | 126.000       | 126.000   |
| 1      | 0   | 1      | 0   | 0    | 0   | GET    | /api/isu/a951967c-a723-4702-836d-bd233d4f5805       | 0.000 | 0.000 | 0.000   | 0.000 | 0.000 | 0.000 | 0.000 | 0.000  | 120.000   | 120.000   | 120.000       | 120.000   |
| 2      | 0   | 0      | 0   | 2    | 0   | GET    | /api/isu/f478c5ad-af25-4889-ad93-7d52ed1e1305/icon  | 0.000 | 0.000 | 0.000   | 0.000 | 0.000 | 0.000 | 0.000 | 0.000  | 14.000    | 21.000    | 35.000        | 17.500    |
| 1      | 0   | 1      | 0   | 0    | 0   | GET    | /api/isu/d684aa45-b66d-4882-8652-9ae1cf613467       | 0.000 | 0.000 | 0.000   | 0.000 | 0.000 | 0.000 | 0.000 | 0.000  | 123.000   | 123.000   | 123.000       | 123.000   |
| 2      | 0   | 0      | 0   | 2    | 0   | GET    | /api/isu/b881483f-1428-41f2-a236-3c1be5d4ea2e/icon  | 0.000 | 0.000 | 0.000   | 0.000 | 0.000 | 0.000 | 0.000 | 0.000  | 14.000    | 21.000    | 35.000        | 17.500    |
| 2      | 0   | 0      | 0   | 2    | 0   | GET    | /api/isu/c5ff15e4-d6ec-4db1-8f71-35d9712fa8c3/icon  | 0.000 | 0.000 | 0.000   | 0.000 | 0.000 | 0.000 | 0.000 | 0.000  | 14.000    | 21.000    | 35.000        | 17.500    |
| 1      | 0   | 1      | 0   | 0    | 0   | GET    | /api/isu/ba9b1441-80bc-49b5-8b64-26e6f43f9756       | 0.000 | 0.000 | 0.000   | 0.000 | 0.000 | 0.000 | 0.000 | 0.000  | 126.000   | 126.000   | 126.000       | 126.000   |
| 2      | 0   | 0      | 0   | 2    | 0   | GET    | /api/isu/cab99f63-bb3a-4648-b6df-376396f2c7ab/icon  | 0.000 | 0.000 | 0.000   | 0.000 | 0.000 | 0.000 | 0.000 | 0.000  | 14.000    | 21.000    | 35.000        | 17.500    |
+--------+-----+--------+-----+------+-----+--------+-----------------------------------------------------+-------+-------+---------+-------+-------+-------+-------+--------+-----------+-----------+---------------+-----------+
