+--------+-----+--------+-----+------+-----+--------+-----------------------------------------------------+-------+-------+---------+-------+-------+-------+-------+--------+-----------+-----------+--------------+-----------+
| COUNT  | 1XX |  2XX   | 3XX | 4XX  | 5XX | METHOD |                         URI                         |  MIN  |  MAX  |   SUM   |  AVG  |  P90  |  P95  |  P99  | STDDEV | MIN(BODY) | MAX(BODY) |  SUM(BODY)   | AVG(BODY) |
+--------+-----+--------+-----+------+-----+--------+-----------------------------------------------------+-------+-------+---------+-------+-------+-------+-------+--------+-----------+-----------+--------------+-----------+
| 1      | 0   | 1      | 0   | 0    | 0   | GET    | /api/isu/f1f51fc1-8f61-40de-b0ce-db7cb792f843       | 0.160 | 0.160 | 0.160   | 0.160 | 0.160 | 0.160 | 0.160 | 0.000  | 126.000   | 126.000   | 126.000      | 126.000   |
| 1      | 0   | 1      | 0   | 0    | 0   | POST   | /initialize                                         | 0.156 | 0.156 | 0.156   | 0.156 | 0.156 | 0.156 | 0.156 | 0.000  | 18.000    | 18.000    | 18.000       | 18.000    |
| 420    | 0   | 416    | 0   | 4    | 0   | POST   | /api/isu                                            | 0.048 | 0.524 | 60.740  | 0.145 | 0.252 | 0.300 | 0.396 | 0.084  | 15.000    | 141.000   | 50678.000    | 120.662   |
| 2      | 0   | 2      | 0   | 0    | 0   | GET    | /api/isu/aae26bce-8779-4d84-b2b5-732cc863983d       | 0.004 | 0.144 | 0.148   | 0.074 | 0.144 | 0.144 | 0.144 | 0.070  | 123.000   | 123.000   | 246.000      | 123.000   |
| 4      | 0   | 4      | 0   | 0    | 0   | GET    | /api/isu/da171617-6da9-4d69-a9ef-d1ca8b1f2286       | 0.004 | 0.252 | 0.272   | 0.068 | 0.252 | 0.252 | 0.252 | 0.106  | 126.000   | 126.000   | 504.000      | 126.000   |
| 4      | 0   | 4      | 0   | 0    | 0   | GET    | /api/isu/c1e9491a-48e4-4a3c-a9bc-98da2359c48f       | 0.000 | 0.252 | 0.252   | 0.063 | 0.252 | 0.252 | 0.252 | 0.109  | 120.000   | 120.000   | 480.000      | 120.000   |
| 2      | 0   | 0      | 0   | 2    | 0   | GET    | /api/isu/c77dd72f-f037-4948-98b5-323cd55079c7/icon  | 0.004 | 0.100 | 0.104   | 0.052 | 0.100 | 0.100 | 0.100 | 0.048  | 14.000    | 21.000    | 35.000       | 17.500    |
| 1      | 0   | 1      | 0   | 0    | 0   | GET    | /api/isu/b6d6c4ac-e124-4265-8e21-f1e0644293ab       | 0.040 | 0.040 | 0.040   | 0.040 | 0.040 | 0.040 | 0.040 | 0.000  | 120.000   | 120.000   | 120.000      | 120.000   |
| 1      | 0   | 1      | 0   | 0    | 0   | GET    | /api/isu/f3e87bff-b4c1-43bc-9e38-eddc64d22120       | 0.036 | 0.036 | 0.036   | 0.036 | 0.036 | 0.036 | 0.036 | 0.000  | 120.000   | 120.000   | 120.000      | 120.000   |
| 1      | 0   | 1      | 0   | 0    | 0   | GET    | /api/isu/a554e404-01f7-4ace-9278-217b801dfbcb       | 0.036 | 0.036 | 0.036   | 0.036 | 0.036 | 0.036 | 0.036 | 0.000  | 123.000   | 123.000   | 123.000      | 123.000   |
| 7      | 0   | 7      | 0   | 0    | 0   | GET    | /api/isu/d2d46602-a23a-41d5-a4fd-f54043d9dfaa       | 0.004 | 0.116 | 0.244   | 0.035 | 0.116 | 0.116 | 0.116 | 0.049  | 129.000   | 129.000   | 903.000      | 129.000   |
| 2      | 0   | 2      | 0   | 0    | 0   | GET    | /api/isu/e7f181ac-3a0c-481a-9b27-1afbe1a4dafe/graph | 0.000 | 0.060 | 0.060   | 0.030 | 0.060 | 0.060 | 0.060 | 0.030  | 270.000   | 605.000   | 875.000      | 437.500   |
| 11     | 0   | 11     | 0   | 0    | 0   | GET    | /api/isu/e6d57706-a8aa-4212-a448-e96e0e2ff01f       | 0.004 | 0.252 | 0.324   | 0.029 | 0.036 | 0.252 | 0.252 | 0.071  | 117.000   | 117.000   | 1287.000     | 117.000   |
| 2      | 0   | 2      | 0   | 0    | 0   | GET    | /api/isu/c64d4b7a-5f1d-41b0-b2f7-45e38583575b/graph | 0.004 | 0.052 | 0.056   | 0.028 | 0.052 | 0.052 | 0.052 | 0.024  | 426.000   | 479.000   | 905.000      | 452.500   |
| 9      | 0   | 9      | 0   | 0    | 0   | GET    | /api/isu/efd1eb3c-3e44-453e-afaf-023977ea7153/graph | 0.012 | 0.192 | 0.248   | 0.028 | 0.192 | 0.192 | 0.192 | 0.058  | 267.000   | 723.000   | 4196.000     | 466.222   |
| 4      | 0   | 4      | 0   | 0    | 0   | GET    | /api/isu/cf9fcd54-d2f3-4fa3-a4de-4466a1797b25       | 0.008 | 0.036 | 0.104   | 0.026 | 0.036 | 0.036 | 0.036 | 0.011  | 123.000   | 123.000   | 492.000      | 123.000   |
| 7      | 0   | 7      | 0   | 0    | 0   | GET    | /api/isu/cad2ceb6-6103-49f5-af82-b347ba4414f9/graph | 0.008 | 0.144 | 0.180   | 0.026 | 0.144 | 0.144 | 0.144 | 0.049  | 420.000   | 595.000   | 3402.000     | 486.000   |
| 7      | 0   | 7      | 0   | 0    | 0   | GET    | /api/isu/a3a21819-440e-4f52-917e-c2bf011cbedc       | 0.004 | 0.144 | 0.172   | 0.025 | 0.144 | 0.144 | 0.144 | 0.049  | 117.000   | 117.000   | 819.000      | 117.000   |
| 2      | 0   | 0      | 0   | 2    | 0   | GET    | /api/isu/e39d0b76-44e1-4e80-bc25-f58db46e113b/icon  | 0.004 | 0.044 | 0.048   | 0.024 | 0.044 | 0.044 | 0.044 | 0.020  | 14.000    | 21.000    | 35.000       | 17.500    |
| 15     | 0   | 11     | 0   | 4    | 0   | GET    | /api/isu/e39d0b76-44e1-4e80-bc25-f58db46e113b/graph | 0.004 | 0.252 | 0.336   | 0.022 | 0.028 | 0.252 | 0.252 | 0.062  | 14.000    | 646.000   | 4912.000     | 327.467   |
| 4      | 0   | 4      | 0   | 0    | 0   | GET    | /api/isu/c719e195-ee3e-414a-970a-4444a4636cc0/graph | 0.004 | 0.084 | 0.088   | 0.022 | 0.084 | 0.084 | 0.084 | 0.036  | 539.000   | 645.000   | 2333.000     | 583.250   |
| 7      | 0   | 7      | 0   | 0    | 0   | GET    | /api/isu/e45676ea-2b40-433c-8150-48fad42f8a94       | 0.004 | 0.108 | 0.148   | 0.021 | 0.108 | 0.108 | 0.108 | 0.036  | 129.000   | 129.000   | 903.000      | 129.000   |
| 9      | 0   | 9      | 0   | 0    | 0   | GET    | /api/isu/c9d9a1d9-91c3-44ed-a4c1-00b586dd60bb/graph | 0.000 | 0.104 | 0.168   | 0.019 | 0.104 | 0.104 | 0.104 | 0.032  | 380.000   | 572.000   | 4317.000     | 479.667   |
| 2      | 0   | 2      | 0   | 0    | 0   | GET    | /api/isu/f18cdffb-7de0-49be-9f09-91be9e4998bc/graph | 0.012 | 0.024 | 0.036   | 0.018 | 0.024 | 0.024 | 0.024 | 0.006  | 382.000   | 539.000   | 921.000      | 460.500   |
| 10     | 0   | 10     | 0   | 0    | 0   | GET    | /api/isu/aca65c4b-b60b-4e33-8e59-57a16cd280f1/graph | 0.000 | 0.080 | 0.176   | 0.018 | 0.040 | 0.080 | 0.080 | 0.025  | 377.000   | 618.000   | 4664.000     | 466.400   |
| 7      | 0   | 7      | 0   | 0    | 0   | GET    | /api/isu/ddbef0bc-f392-49b6-87ce-3625079d1726       | 0.004 | 0.044 | 0.116   | 0.017 | 0.044 | 0.044 | 0.044 | 0.015  | 127.000   | 127.000   | 889.000      | 127.000   |
| 2      | 0   | 2      | 0   | 0    | 0   | GET    | /api/isu/a7cb6596-2e08-4ea3-a351-9709ec91bfc5/graph | 0.012 | 0.020 | 0.032   | 0.016 | 0.020 | 0.020 | 0.020 | 0.004  | 378.000   | 488.000   | 866.000      | 433.000   |
| 1      | 0   | 1      | 0   | 0    | 0   | GET    | /api/isu/aa08991e-be3f-4d1c-8206-9078cc117f6f       | 0.016 | 0.016 | 0.016   | 0.016 | 0.016 | 0.016 | 0.016 | 0.000  | 120.000   | 120.000   | 120.000      | 120.000   |
| 4      | 0   | 4      | 0   | 0    | 0   | GET    | /api/isu/b34ced2f-8387-4c82-8e92-2b8f50ff6b44       | 0.000 | 0.036 | 0.060   | 0.015 | 0.036 | 0.036 | 0.036 | 0.014  | 117.000   | 117.000   | 468.000      | 117.000   |
| 4      | 0   | 4      | 0   | 0    | 0   | GET    | /api/isu/cd29882a-2e82-43b7-89a8-989497f23139       | 0.000 | 0.048 | 0.060   | 0.015 | 0.048 | 0.048 | 0.048 | 0.020  | 129.000   | 129.000   | 516.000      | 129.000   |
| 3      | 0   | 3      | 0   | 0    | 0   | GET    | /api/isu/b795a976-f224-4d4c-834a-8774e34981d6/graph | 0.004 | 0.032 | 0.044   | 0.015 | 0.032 | 0.032 | 0.032 | 0.012  | 386.000   | 661.000   | 1599.000     | 533.000   |
| 6      | 0   | 6      | 0   | 0    | 0   | GET    | /api/isu/f177a782-64f3-4cfc-8127-45ca474ffbf6/graph | 0.004 | 0.064 | 0.084   | 0.014 | 0.064 | 0.064 | 0.064 | 0.022  | 267.000   | 583.000   | 2431.000     | 405.167   |
| 8      | 0   | 8      | 0   | 0    | 0   | GET    | /api/isu/a3a21819-440e-4f52-917e-c2bf011cbedc/graph | 0.004 | 0.052 | 0.108   | 0.014 | 0.052 | 0.052 | 0.052 | 0.016  | 269.000   | 595.000   | 3450.000     | 431.250   |
| 3      | 0   | 3      | 0   | 0    | 0   | GET    | /api/isu/cb138b09-d833-4b79-8842-e9d23f798c25/graph | 0.004 | 0.028 | 0.040   | 0.013 | 0.028 | 0.028 | 0.028 | 0.010  | 420.000   | 588.000   | 1442.000     | 480.667   |
| 3      | 0   | 3      | 0   | 0    | 0   | GET    | /api/isu/cd29882a-2e82-43b7-89a8-989497f23139/graph | 0.004 | 0.024 | 0.040   | 0.013 | 0.024 | 0.024 | 0.024 | 0.008  | 455.000   | 578.000   | 1515.000     | 505.000   |
| 11     | 0   | 7      | 0   | 4    | 0   | GET    | /api/isu/ad809214-5226-494c-91ae-6417e9fbc8b7/graph | 0.000 | 0.064 | 0.140   | 0.013 | 0.024 | 0.064 | 0.064 | 0.019  | 14.000    | 658.000   | 3252.000     | 295.636   |
| 6      | 0   | 6      | 0   | 0    | 0   | GET    | /api/isu/ddbef0bc-f392-49b6-87ce-3625079d1726/graph | 0.016 | 0.036 | 0.076   | 0.013 | 0.036 | 0.036 | 0.036 | 0.012  | 270.000   | 658.000   | 2948.000     | 491.333   |
| 7      | 0   | 7      | 0   | 0    | 0   | GET    | /api/isu/ff0825d8-a43a-4192-8e3d-2d07eeb109a1/graph | 0.004 | 0.052 | 0.088   | 0.013 | 0.052 | 0.052 | 0.052 | 0.016  | 267.000   | 598.000   | 3531.000     | 504.429   |
| 9      | 0   | 9      | 0   | 0    | 0   | GET    | /api/isu/e99216fd-5032-42de-88ae-1425a76e2b62/graph | 0.004 | 0.064 | 0.108   | 0.012 | 0.064 | 0.064 | 0.064 | 0.020  | 265.000   | 864.000   | 5453.000     | 605.889   |
| 13     | 0   | 13     | 0   | 0    | 0   | GET    | /api/isu/e241fbc5-e745-4af3-8294-ba1112e54f95       | 0.000 | 0.032 | 0.156   | 0.012 | 0.024 | 0.032 | 0.032 | 0.010  | 123.000   | 123.000   | 1599.000     | 123.000   |
| 4      | 0   | 4      | 0   | 0    | 0   | GET    | /api/isu/a92dfec4-65af-4471-80b4-37048e1f026d       | 0.004 | 0.028 | 0.048   | 0.012 | 0.028 | 0.028 | 0.028 | 0.009  | 126.000   | 126.000   | 504.000      | 126.000   |
| 7      | 0   | 7      | 0   | 0    | 0   | GET    | /api/isu/eb2f1d4c-dd30-4a65-8b50-ae83c1f07c81/graph | 0.004 | 0.024 | 0.084   | 0.012 | 0.024 | 0.024 | 0.024 | 0.008  | 380.000   | 604.000   | 3547.000     | 506.714   |
| 2      | 0   | 2      | 0   | 0    | 0   | GET    | /api/isu/bf917b81-b8c2-432c-93fd-d0a2ab466350/graph | 0.008 | 0.016 | 0.024   | 0.012 | 0.016 | 0.016 | 0.016 | 0.004  | 373.000   | 379.000   | 752.000      | 376.000   |
| 1      | 0   | 1      | 0   | 0    | 0   | GET    | /api/isu/e8c15dd7-2348-42ff-803b-02b6924cba75       | 0.012 | 0.012 | 0.012   | 0.012 | 0.012 | 0.012 | 0.012 | 0.000  | 129.000   | 129.000   | 129.000      | 129.000   |
| 1      | 0   | 1      | 0   | 0    | 0   | GET    | /api/isu/e1069cc9-f520-4d90-aac1-7972d60a123b       | 0.012 | 0.012 | 0.012   | 0.012 | 0.012 | 0.012 | 0.012 | 0.000  | 115.000   | 115.000   | 115.000      | 115.000   |
| 4      | 0   | 4      | 0   | 0    | 0   | GET    | /api/isu/fe97a333-854d-42cd-b4e7-fc4843954fff       | 0.000 | 0.036 | 0.048   | 0.012 | 0.036 | 0.036 | 0.036 | 0.014  | 117.000   | 117.000   | 468.000      | 117.000   |
| 7      | 0   | 7      | 0   | 0    | 0   | GET    | /api/isu/e241fbc5-e745-4af3-8294-ba1112e54f95/graph | 0.008 | 0.036 | 0.080   | 0.011 | 0.036 | 0.036 | 0.036 | 0.013  | 272.000   | 593.000   | 3149.000     | 449.857   |
| 13     | 0   | 13     | 0   | 0    | 0   | GET    | /api/isu/ffd5615d-a4cd-4526-bf96-7f751f36e244       | 0.008 | 0.092 | 0.148   | 0.011 | 0.028 | 0.092 | 0.092 | 0.024  | 126.000   | 126.000   | 1638.000     | 126.000   |
| 6      | 0   | 6      | 0   | 0    | 0   | GET    | /api/isu/fe97a333-854d-42cd-b4e7-fc4843954fff/graph | 0.000 | 0.036 | 0.068   | 0.011 | 0.036 | 0.036 | 0.036 | 0.014  | 375.000   | 677.000   | 2860.000     | 476.667   |
| 4      | 0   | 4      | 0   | 0    | 0   | GET    | /api/isu/ddb762d1-50a3-4234-a4be-f64ea6dd06fd       | 0.004 | 0.032 | 0.044   | 0.011 | 0.032 | 0.032 | 0.032 | 0.012  | 132.000   | 132.000   | 528.000      | 132.000   |
| 14     | 0   | 14     | 0   | 0    | 0   | GET    | /api/isu/e99216fd-5032-42de-88ae-1425a76e2b62       | 0.004 | 0.044 | 0.152   | 0.011 | 0.032 | 0.044 | 0.044 | 0.014  | 117.000   | 117.000   | 1638.000     | 117.000   |
| 7      | 0   | 7      | 0   | 0    | 0   | GET    | /api/isu/a7d5a5c5-269e-4b7c-9a7c-9dc7c634a10b/graph | 0.000 | 0.044 | 0.076   | 0.011 | 0.044 | 0.044 | 0.044 | 0.014  | 375.000   | 704.000   | 3568.000     | 509.714   |
| 13     | 0   | 13     | 0   | 0    | 0   | GET    | /api/isu/cfac75f2-3626-4b51-9e7a-0ca1443b5bac       | 0.000 | 0.076 | 0.140   | 0.011 | 0.024 | 0.076 | 0.076 | 0.020  | 135.000   | 135.000   | 1755.000     | 135.000   |
| 3      | 0   | 3      | 0   | 0    | 0   | GET    | /api/isu/b9f6578b-8c4e-4a91-aecf-7ed6af02be7c/graph | 0.004 | 0.024 | 0.032   | 0.011 | 0.024 | 0.024 | 0.024 | 0.009  | 472.000   | 503.000   | 1466.000     | 488.667   |
| 6      | 0   | 6      | 0   | 0    | 0   | GET    | /api/isu/d2d46602-a23a-41d5-a4fd-f54043d9dfaa/graph | 0.004 | 0.028 | 0.064   | 0.011 | 0.028 | 0.028 | 0.028 | 0.008  | 267.000   | 631.000   | 2789.000     | 464.833   |
| 8      | 0   | 8      | 0   | 0    | 0   | GET    | /api/isu/df0100d4-51b9-4e8b-8b25-c2c29be93a64/graph | 0.040 | 0.040 | 0.084   | 0.011 | 0.040 | 0.040 | 0.040 | 0.012  | 270.000   | 580.000   | 3517.000     | 439.625   |
| 38     | 0   | 38     | 0   | 0    | 0   | GET    | /api/isu/edf13da7-ebe9-4107-b36e-1c1d87f2969c/graph | 0.016 | 0.252 | 0.388   | 0.010 | 0.016 | 0.028 | 0.252 | 0.040  | 271.000   | 837.000   | 20381.000    | 536.342   |
| 2      | 0   | 2      | 0   | 0    | 0   | GET    | /api/isu/eec25fcd-cf77-4c1e-86c0-4a24f3030bce/graph | 0.004 | 0.016 | 0.020   | 0.010 | 0.016 | 0.016 | 0.016 | 0.006  | 388.000   | 540.000   | 928.000      | 464.000   |
| 2      | 0   | 2      | 0   | 0    | 0   | GET    | /api/isu/be3e1181-7366-4e32-b55f-86da67e22bfa/graph | 0.000 | 0.020 | 0.020   | 0.010 | 0.020 | 0.020 | 0.020 | 0.010  | 541.000   | 606.000   | 1147.000     | 573.500   |
| 2      | 0   | 0      | 0   | 2    | 0   | GET    | /api/isu/c0a0b8b0-23da-4394-ac77-64685821ca38       | 0.004 | 0.016 | 0.020   | 0.010 | 0.016 | 0.016 | 0.016 | 0.006  | 14.000    | 21.000    | 35.000       | 17.500    |
| 6      | 0   | 6      | 0   | 0    | 0   | GET    | /api/isu/bd4b407c-b4bd-4c51-a12d-e7b798eaa2b7       | 0.004 | 0.048 | 0.060   | 0.010 | 0.048 | 0.048 | 0.048 | 0.017  | 117.000   | 117.000   | 702.000      | 117.000   |
| 4      | 0   | 4      | 0   | 0    | 0   | GET    | /api/isu/c9d9a1d9-91c3-44ed-a4c1-00b586dd60bb       | 0.000 | 0.024 | 0.040   | 0.010 | 0.024 | 0.024 | 0.024 | 0.009  | 120.000   | 120.000   | 480.000      | 120.000   |
| 7      | 0   | 7      | 0   | 0    | 0   | GET    | /api/isu/d15ea323-cbfb-4f28-a18d-e84d9e392f3b/graph | 0.008 | 0.024 | 0.068   | 0.010 | 0.024 | 0.024 | 0.024 | 0.010  | 271.000   | 594.000   | 3451.000     | 493.000   |
| 7      | 0   | 7      | 0   | 0    | 0   | GET    | /api/isu/c34e9dd7-57d5-4eb7-aa21-4bb5f270891d/graph | 0.000 | 0.032 | 0.068   | 0.010 | 0.032 | 0.032 | 0.032 | 0.012  | 272.000   | 718.000   | 3535.000     | 505.000   |
| 7      | 0   | 7      | 0   | 0    | 0   | GET    | /api/isu/a92dfec4-65af-4471-80b4-37048e1f026d/graph | 0.004 | 0.040 | 0.068   | 0.010 | 0.040 | 0.040 | 0.040 | 0.013  | 377.000   | 612.000   | 3302.000     | 471.714   |
| 5      | 0   | 5      | 0   | 0    | 0   | GET    | /api/isu/bb7a5c29-12a5-4bba-853d-39743899e36c/graph | 0.000 | 0.028 | 0.048   | 0.010 | 0.028 | 0.028 | 0.028 | 0.010  | 384.000   | 552.000   | 2365.000     | 473.000   |
| 10     | 0   | 10     | 0   | 0    | 0   | GET    | /api/isu/c5230c9e-8f2b-4398-8d95-d2dd3cfd2f1d/graph | 0.000 | 0.060 | 0.096   | 0.010 | 0.012 | 0.060 | 0.060 | 0.017  | 267.000   | 603.000   | 4660.000     | 466.000   |
| 7      | 0   | 7      | 0   | 0    | 0   | GET    | /api/isu/c26c76db-1c63-4c1d-9b33-948ece46a3c0       | 0.048 | 0.048 | 0.064   | 0.009 | 0.048 | 0.048 | 0.048 | 0.016  | 123.000   | 123.000   | 861.000      | 123.000   |
| 7      | 0   | 7      | 0   | 0    | 0   | GET    | /api/isu/ef80ad0e-4bfb-494c-887b-657564ac375c/graph | 0.004 | 0.024 | 0.064   | 0.009 | 0.024 | 0.024 | 0.024 | 0.008  | 268.000   | 694.000   | 3190.000     | 455.714   |
| 4      | 0   | 4      | 0   | 0    | 0   | GET    | /api/isu/cb138b09-d833-4b79-8842-e9d23f798c25       | 0.008 | 0.020 | 0.036   | 0.009 | 0.020 | 0.020 | 0.020 | 0.007  | 117.000   | 117.000   | 468.000      | 117.000   |
| 4      | 0   | 4      | 0   | 0    | 0   | GET    | /api/isu/f7a17e15-3d85-48bd-bb5f-60d08654e662       | 0.000 | 0.024 | 0.036   | 0.009 | 0.024 | 0.024 | 0.024 | 0.010  | 117.000   | 117.000   | 468.000      | 117.000   |
| 13     | 0   | 13     | 0   | 0    | 0   | GET    | /api/isu/efd1eb3c-3e44-453e-afaf-023977ea7153       | 0.000 | 0.044 | 0.116   | 0.009 | 0.040 | 0.044 | 0.044 | 0.015  | 117.000   | 117.000   | 1521.000     | 117.000   |
| 15     | 0   | 15     | 0   | 0    | 0   | GET    | /api/isu/a19f2644-3f68-4eef-8cc0-c02d136ecf15/graph | 0.004 | 0.020 | 0.132   | 0.009 | 0.020 | 0.020 | 0.020 | 0.006  | 265.000   | 843.000   | 7177.000     | 478.467   |
| 5      | 0   | 5      | 0   | 0    | 0   | GET    | /api/isu/f7a17e15-3d85-48bd-bb5f-60d08654e662/graph | 0.004 | 0.028 | 0.044   | 0.009 | 0.028 | 0.028 | 0.028 | 0.010  | 391.000   | 625.000   | 2526.000     | 505.200   |
| 5      | 0   | 5      | 0   | 0    | 0   | GET    | /api/isu/eb2f1d4c-dd30-4a65-8b50-ae83c1f07c81       | 0.004 | 0.020 | 0.044   | 0.009 | 0.020 | 0.020 | 0.020 | 0.006  | 123.000   | 123.000   | 615.000      | 123.000   |
| 10     | 0   | 8      | 0   | 2    | 0   | GET    | /api/isu/aa989437-8af2-4a7e-ba0a-86fb4f743cb6       | 0.004 | 0.044 | 0.088   | 0.009 | 0.024 | 0.044 | 0.044 | 0.014  | 14.000    | 120.000   | 995.000      | 99.500    |
| 5      | 0   | 5      | 0   | 0    | 0   | GET    | /api/isu/ebedf9f2-4edb-48f7-b93a-f30acf3aec88/graph | 0.004 | 0.016 | 0.044   | 0.009 | 0.016 | 0.016 | 0.016 | 0.006  | 429.000   | 799.000   | 3092.000     | 618.400   |
| 11     | 0   | 11     | 0   | 0    | 0   | GET    | /api/isu/cef7d131-21f8-405d-a18d-eee04f94e7bd/graph | 0.000 | 0.024 | 0.096   | 0.009 | 0.016 | 0.024 | 0.024 | 0.007  | 384.000   | 649.000   | 5780.000     | 525.455   |
| 12     | 0   | 10     | 0   | 2    | 0   | GET    | /api/isu/e39d0b76-44e1-4e80-bc25-f58db46e113b       | 0.004 | 0.060 | 0.104   | 0.009 | 0.012 | 0.060 | 0.060 | 0.016  | 14.000    | 114.000   | 1175.000     | 97.917    |
| 12     | 0   | 10     | 0   | 2    | 0   | GET    | /api/isu/f9641cec-701b-49a4-9981-eaf9800e9e9c       | 0.004 | 0.020 | 0.104   | 0.009 | 0.016 | 0.020 | 0.020 | 0.006  | 14.000    | 126.000   | 1295.000     | 107.917   |
| 8      | 0   | 8      | 0   | 0    | 0   | GET    | /api/isu/c1e9491a-48e4-4a3c-a9bc-98da2359c48f/graph | 0.004 | 0.020 | 0.068   | 0.009 | 0.020 | 0.020 | 0.020 | 0.007  | 379.000   | 719.000   | 4023.000     | 502.875   |
| 9      | 0   | 9      | 0   | 0    | 0   | GET    | /api/isu/cfac75f2-3626-4b51-9e7a-0ca1443b5bac/graph | 0.000 | 0.052 | 0.076   | 0.008 | 0.052 | 0.052 | 0.052 | 0.016  | 272.000   | 570.000   | 4019.000     | 446.556   |
| 20     | 0   | 20     | 0   | 0    | 0   | GET    | /api/isu/a7bd26ae-c6b8-4a60-a6ad-81f35d22be61/graph | 0.004 | 0.108 | 0.168   | 0.008 | 0.012 | 0.012 | 0.108 | 0.023  | 267.000   | 800.000   | 9947.000     | 497.350   |
| 10     | 0   | 10     | 0   | 0    | 0   | GET    | /api/isu/c13edab1-15b1-4dd6-b01f-6da24f955330/graph | 0.000 | 0.032 | 0.084   | 0.008 | 0.024 | 0.032 | 0.032 | 0.011  | 271.000   | 780.000   | 5630.000     | 563.000   |
| 12     | 0   | 12     | 0   | 0    | 0   | GET    | /api/isu/f076ac83-831d-42a3-b41b-cf4553b7d1d9/graph | 0.004 | 0.024 | 0.100   | 0.008 | 0.016 | 0.024 | 0.024 | 0.006  | 384.000   | 627.000   | 6186.000     | 515.500   |
| 1      | 0   | 1      | 0   | 0    | 0   | GET    | /api/isu/c8b6643c-9270-4f98-b3eb-ff49bfdc754e       | 0.008 | 0.008 | 0.008   | 0.008 | 0.008 | 0.008 | 0.008 | 0.000  | 123.000   | 123.000   | 123.000      | 123.000   |
| 4      | 0   | 4      | 0   | 0    | 0   | GET    | /api/isu/ddede135-b662-4427-82c9-0bcb3940ea85       | 0.004 | 0.016 | 0.032   | 0.008 | 0.016 | 0.016 | 0.016 | 0.005  | 120.000   | 120.000   | 480.000      | 120.000   |
| 4      | 0   | 4      | 0   | 0    | 0   | GET    | /api/isu/ba27b598-28bd-4ee7-b001-a062261a3234/graph | 0.004 | 0.012 | 0.032   | 0.008 | 0.012 | 0.012 | 0.012 | 0.004  | 268.000   | 507.000   | 1588.000     | 397.000   |
| 4      | 0   | 4      | 0   | 0    | 0   | GET    | /api/isu/a2b10a31-d372-4129-baf3-db95bea634b6/graph | 0.004 | 0.016 | 0.032   | 0.008 | 0.016 | 0.016 | 0.016 | 0.005  | 436.000   | 688.000   | 2206.000     | 551.500   |
| 2      | 0   | 2      | 0   | 0    | 0   | GET    | /api/isu/afc7026c-c53a-441e-913c-f547233bf476/graph | 0.004 | 0.012 | 0.016   | 0.008 | 0.012 | 0.012 | 0.012 | 0.004  | 267.000   | 595.000   | 862.000      | 431.000   |
| 22     | 0   | 18     | 0   | 4    | 0   | GET    | /api/isu/a8930ce6-57e3-4b1d-beee-e222beb85f88/graph | 0.000 | 0.076 | 0.176   | 0.008 | 0.016 | 0.020 | 0.076 | 0.016  | 14.000    | 785.000   | 8859.000     | 402.682   |
| 13     | 0   | 13     | 0   | 0    | 0   | GET    | /api/isu/b71fc3f8-239e-4e3f-96ea-a22ead732f53/graph | 0.012 | 0.032 | 0.104   | 0.008 | 0.020 | 0.032 | 0.032 | 0.009  | 381.000   | 692.000   | 7005.000     | 538.846   |
| 2      | 0   | 2      | 0   | 0    | 0   | GET    | /api/isu/ddede135-b662-4427-82c9-0bcb3940ea85/graph | 0.008 | 0.008 | 0.016   | 0.008 | 0.008 | 0.008 | 0.008 | 0.000  | 434.000   | 545.000   | 979.000      | 489.500   |
| 1      | 0   | 1      | 0   | 0    | 0   | GET    | /api/isu/df81e4b4-a59a-43df-876f-14c2133d5256       | 0.008 | 0.008 | 0.008   | 0.008 | 0.008 | 0.008 | 0.008 | 0.000  | 129.000   | 129.000   | 129.000      | 129.000   |
| 1      | 0   | 1      | 0   | 0    | 0   | GET    | /api/isu/c6d4271f-be36-4e72-be26-16b57e638c26       | 0.008 | 0.008 | 0.008   | 0.008 | 0.008 | 0.008 | 0.008 | 0.000  | 126.000   | 126.000   | 126.000      | 126.000   |
| 4      | 0   | 4      | 0   | 0    | 0   | GET    | /api/isu/ab2647fd-899e-4368-a6b6-04851ac34079/graph | 0.008 | 0.012 | 0.032   | 0.008 | 0.012 | 0.012 | 0.012 | 0.005  | 434.000   | 670.000   | 2269.000     | 567.250   |
| 4      | 0   | 4      | 0   | 0    | 0   | GET    | /api/isu/a2b10a31-d372-4129-baf3-db95bea634b6       | 0.008 | 0.024 | 0.032   | 0.008 | 0.024 | 0.024 | 0.024 | 0.010  | 117.000   | 117.000   | 468.000      | 117.000   |
| 13     | 0   | 13     | 0   | 0    | 0   | GET    | /api/isu/c5230c9e-8f2b-4398-8d95-d2dd3cfd2f1d       | 0.000 | 0.032 | 0.104   | 0.008 | 0.024 | 0.032 | 0.032 | 0.010  | 123.000   | 123.000   | 1599.000     | 123.000   |
| 4      | 0   | 4      | 0   | 0    | 0   | GET    | /api/isu/cf9fcd54-d2f3-4fa3-a4de-4466a1797b25/graph | 0.004 | 0.024 | 0.032   | 0.008 | 0.024 | 0.024 | 0.024 | 0.009  | 484.000   | 689.000   | 2191.000     | 547.750   |
| 4      | 0   | 4      | 0   | 0    | 0   | GET    | /api/isu/b7137e4c-cc5c-4c2b-afcd-ba23b97dff91       | 0.008 | 0.020 | 0.032   | 0.008 | 0.020 | 0.020 | 0.020 | 0.007  | 123.000   | 123.000   | 492.000      | 123.000   |
| 1      | 0   | 1      | 0   | 0    | 0   | GET    | /api/isu/bd1b253f-f8e7-49b2-93e2-c1ba30b9a65c       | 0.008 | 0.008 | 0.008   | 0.008 | 0.008 | 0.008 | 0.008 | 0.000  | 132.000   | 132.000   | 132.000      | 132.000   |
| 1      | 0   | 1      | 0   | 0    | 0   | GET    | /api/isu/d3c1497b-eba7-4089-a421-bce0dcf980f3       | 0.008 | 0.008 | 0.008   | 0.008 | 0.008 | 0.008 | 0.008 | 0.000  | 117.000   | 117.000   | 117.000      | 117.000   |
| 1      | 0   | 1      | 0   | 0    | 0   | GET    | /api/isu/a01cd1fa-9617-4e1a-9b90-1de132ac8a8f       | 0.008 | 0.008 | 0.008   | 0.008 | 0.008 | 0.008 | 0.008 | 0.000  | 114.000   | 114.000   | 114.000      | 114.000   |
| 2      | 0   | 2      | 0   | 0    | 0   | GET    | /api/isu/bd4b407c-b4bd-4c51-a12d-e7b798eaa2b7/graph | 0.008 | 0.008 | 0.016   | 0.008 | 0.008 | 0.008 | 0.008 | 0.000  | 270.000   | 649.000   | 919.000      | 459.500   |
| 9      | 0   | 5      | 0   | 4    | 0   | GET    | /api/isu/e45676ea-2b40-433c-8150-48fad42f8a94/graph | 0.012 | 0.028 | 0.072   | 0.008 | 0.028 | 0.028 | 0.028 | 0.008  | 14.000    | 603.000   | 2498.000     | 277.556   |
| 7      | 0   | 7      | 0   | 0    | 0   | GET    | /api/isu/b71fc3f8-239e-4e3f-96ea-a22ead732f53       | 0.000 | 0.036 | 0.056   | 0.008 | 0.036 | 0.036 | 0.036 | 0.012  | 114.000   | 114.000   | 798.000      | 114.000   |
| 27331  | 0   | 27306  | 0   | 12   | 13  | GET    | /api/trend                                          | 0.000 | 0.428 | 207.325 | 0.008 | 0.016 | 0.028 | 0.088 | 0.018  | 0.000     | 3844.000  | 59235558.000 | 2167.340  |
| 26     | 0   | 26     | 0   | 0    | 0   | GET    | /api/isu/b7dedf2e-787b-421a-844c-cf8aa80faaa0/graph | 0.004 | 0.028 | 0.196   | 0.008 | 0.020 | 0.020 | 0.028 | 0.008  | 270.000   | 671.000   | 11782.000    | 453.154   |
| 15     | 0   | 15     | 0   | 0    | 0   | GET    | /api/isu/f9641cec-701b-49a4-9981-eaf9800e9e9c/graph | 0.004 | 0.040 | 0.112   | 0.007 | 0.016 | 0.040 | 0.040 | 0.009  | 272.000   | 771.000   | 8090.000     | 539.333   |
| 31     | 0   | 31     | 0   | 0    | 0   | GET    | /api/isu/c77856f3-bc0c-43ad-b775-7435b890b2d7       | 0.004 | 0.160 | 0.228   | 0.007 | 0.004 | 0.016 | 0.160 | 0.028  | 125.000   | 125.000   | 3875.000     | 125.000   |
| 56     | 0   | 56     | 0   | 0    | 0   | GET    | /api/isu/dbc34aa1-96d1-4620-ac70-4955ae40341c       | 0.008 | 0.132 | 0.400   | 0.007 | 0.020 | 0.036 | 0.132 | 0.019  | 113.000   | 113.000   | 6328.000     | 113.000   |
| 4      | 0   | 4      | 0   | 0    | 0   | GET    | /api/isu/da171617-6da9-4d69-a9ef-d1ca8b1f2286/graph | 0.004 | 0.016 | 0.028   | 0.007 | 0.016 | 0.016 | 0.016 | 0.006  | 442.000   | 553.000   | 1986.000     | 496.500   |
| 4      | 0   | 4      | 0   | 0    | 0   | GET    | /api/isu/e6d57706-a8aa-4212-a448-e96e0e2ff01f/graph | 0.012 | 0.016 | 0.028   | 0.007 | 0.016 | 0.016 | 0.016 | 0.007  | 270.000   | 379.000   | 1404.000     | 351.000   |
| 8      | 0   | 8      | 0   | 0    | 0   | GET    | /api/isu/b0ca7084-b3d1-4bd8-95eb-3ddb94b8975c/graph | 0.004 | 0.024 | 0.056   | 0.007 | 0.024 | 0.024 | 0.024 | 0.007  | 383.000   | 724.000   | 4357.000     | 544.625   |
| 4      | 0   | 4      | 0   | 0    | 0   | GET    | /api/isu/bf917b81-b8c2-432c-93fd-d0a2ab466350       | 0.000 | 0.012 | 0.028   | 0.007 | 0.012 | 0.012 | 0.012 | 0.005  | 135.000   | 135.000   | 540.000      | 135.000   |
| 4      | 0   | 4      | 0   | 0    | 0   | GET    | /api/isu/c64d4b7a-5f1d-41b0-b2f7-45e38583575b       | 0.000 | 0.020 | 0.028   | 0.007 | 0.020 | 0.020 | 0.020 | 0.008  | 117.000   | 117.000   | 468.000      | 117.000   |
| 4      | 0   | 4      | 0   | 0    | 0   | GET    | /api/isu/f71a0766-e3bd-4480-acf3-3a4755fa4f22/graph | 0.008 | 0.016 | 0.028   | 0.007 | 0.016 | 0.016 | 0.016 | 0.006  | 266.000   | 533.000   | 1606.000     | 401.500   |
| 4      | 0   | 4      | 0   | 0    | 0   | GET    | /api/isu/a1702dea-182a-4cfd-ad1b-a6d1aafd33ad       | 0.004 | 0.016 | 0.028   | 0.007 | 0.016 | 0.016 | 0.016 | 0.006  | 129.000   | 129.000   | 516.000      | 129.000   |
| 43     | 0   | 43     | 0   | 0    | 0   | GET    | /api/isu/e6d7c083-94aa-4a8b-8702-c3146412cb71       | 0.016 | 0.144 | 0.300   | 0.007 | 0.012 | 0.016 | 0.144 | 0.022  | 131.000   | 131.000   | 5633.000     | 131.000   |
| 19     | 0   | 19     | 0   | 0    | 0   | GET    | /api/isu/baecc316-6ffa-495d-92fe-d81d27aabb1e/graph | 0.012 | 0.044 | 0.132   | 0.007 | 0.016 | 0.044 | 0.044 | 0.010  | 271.000   | 839.000   | 10221.000    | 537.947   |
| 7      | 0   | 7      | 0   | 0    | 0   | GET    | /api/isu/aca65c4b-b60b-4e33-8e59-57a16cd280f1       | 0.004 | 0.016 | 0.048   | 0.007 | 0.016 | 0.016 | 0.016 | 0.005  | 123.000   | 123.000   | 861.000      | 123.000   |
| 7      | 0   | 7      | 0   | 0    | 0   | GET    | /api/isu/c13edab1-15b1-4dd6-b01f-6da24f955330       | 0.004 | 0.024 | 0.048   | 0.007 | 0.024 | 0.024 | 0.024 | 0.007  | 123.000   | 123.000   | 861.000      | 123.000   |
| 7      | 0   | 7      | 0   | 0    | 0   | GET    | /api/isu/f076ac83-831d-42a3-b41b-cf4553b7d1d9       | 0.008 | 0.016 | 0.048   | 0.007 | 0.016 | 0.016 | 0.016 | 0.006  | 117.000   | 117.000   | 819.000      | 117.000   |
| 7      | 0   | 7      | 0   | 0    | 0   | GET    | /api/isu/ff0825d8-a43a-4192-8e3d-2d07eeb109a1       | 0.004 | 0.024 | 0.048   | 0.007 | 0.024 | 0.024 | 0.024 | 0.010  | 117.000   | 117.000   | 819.000      | 117.000   |
| 13     | 0   | 13     | 0   | 0    | 0   | GET    | /api/isu/c65489d6-bbd7-462b-81ee-8528db82dce1/graph | 0.004 | 0.012 | 0.088   | 0.007 | 0.012 | 0.012 | 0.012 | 0.004  | 272.000   | 701.000   | 6690.000     | 514.615   |
| 16     | 0   | 16     | 0   | 0    | 0   | GET    | /api/isu/cb1fb285-45cf-480e-a72f-6fad16d9be13       | 0.020 | 0.036 | 0.108   | 0.007 | 0.020 | 0.036 | 0.036 | 0.009  | 138.000   | 138.000   | 2208.000     | 138.000   |
| 11     | 0   | 11     | 0   | 0    | 0   | GET    | /api/isu/ebae758b-e30f-4911-bdee-5bf8507b214c/graph | 0.012 | 0.020 | 0.072   | 0.007 | 0.016 | 0.020 | 0.020 | 0.006  | 264.000   | 680.000   | 5356.000     | 486.909   |
| 19     | 0   | 19     | 0   | 0    | 0   | GET    | /api/isu/ac6c7108-32a2-4cff-985b-332cefbc3faa       | 0.004 | 0.036 | 0.124   | 0.007 | 0.028 | 0.036 | 0.036 | 0.010  | 120.000   | 120.000   | 2280.000     | 120.000   |
| 9664   | 0   | 9422   | 0   | 238  | 4   | GET    | /api/condition/[a-z0-9-]+                           | 0.000 | 0.280 | 59.120  | 0.006 | 0.012 | 0.024 | 0.064 | 0.016  | 3.000     | 1018.000  | 2878079.000  | 297.814   |
| 27     | 0   | 27     | 0   | 0    | 0   | GET    | /api/isu/f4bbbaf6-ba2e-46a2-b7ac-838dc8921edc/graph | 0.004 | 0.036 | 0.164   | 0.006 | 0.012 | 0.032 | 0.036 | 0.009  | 270.000   | 825.000   | 13764.000    | 509.778   |
| 6      | 0   | 6      | 0   | 0    | 0   | GET    | /api/isu/c26c76db-1c63-4c1d-9b33-948ece46a3c0/graph | 0.004 | 0.020 | 0.036   | 0.006 | 0.020 | 0.020 | 0.020 | 0.006  | 267.000   | 589.000   | 2679.000     | 446.500   |
| 28     | 0   | 28     | 0   | 0    | 0   | GET    | /api/isu/d323dbea-ba74-4eae-af84-3198859688d8/graph | 0.016 | 0.092 | 0.168   | 0.006 | 0.016 | 0.020 | 0.092 | 0.017  | 271.000   | 700.000   | 13941.000    | 497.893   |
| 12     | 0   | 10     | 0   | 2    | 0   | GET    | /api/isu/ebae758b-e30f-4911-bdee-5bf8507b214c       | 0.000 | 0.024 | 0.072   | 0.006 | 0.012 | 0.024 | 0.024 | 0.007  | 14.000    | 117.000   | 1205.000     | 100.417   |
| 2      | 0   | 2      | 0   | 0    | 0   | GET    | /api/isu/ac686c68-f49a-465e-a5df-cedde1194e50       | 0.004 | 0.008 | 0.012   | 0.006 | 0.008 | 0.008 | 0.008 | 0.002  | 117.000   | 117.000   | 234.000      | 117.000   |
| 4      | 0   | 4      | 0   | 0    | 0   | GET    | /api/isu/be3e1181-7366-4e32-b55f-86da67e22bfa       | 0.004 | 0.012 | 0.024   | 0.006 | 0.012 | 0.012 | 0.012 | 0.003  | 111.000   | 111.000   | 444.000      | 111.000   |
| 4      | 0   | 4      | 0   | 0    | 0   | GET    | /api/isu/b795a976-f224-4d4c-834a-8774e34981d6       | 0.000 | 0.012 | 0.024   | 0.006 | 0.012 | 0.012 | 0.012 | 0.004  | 120.000   | 120.000   | 480.000      | 120.000   |
| 2      | 0   | 0      | 0   | 2    | 0   | GET    | /api/isu/e45676ea-2b40-433c-8150-48fad42f8a94/icon  | 0.000 | 0.012 | 0.012   | 0.006 | 0.012 | 0.012 | 0.012 | 0.006  | 14.000    | 21.000    | 35.000       | 17.500    |
| 2      | 0   | 0      | 0   | 2    | 0   | GET    | /api/isu/eb460207-6d1a-4ccd-8502-4f3f98de044d/icon  | 0.004 | 0.008 | 0.012   | 0.006 | 0.008 | 0.008 | 0.008 | 0.002  | 14.000    | 21.000    | 35.000       | 17.500    |
| 2      | 0   | 2      | 0   | 0    | 0   | GET    | /api/isu/d1d5a272-a7a6-47c0-a9d4-4cf74bba5cda       | 0.004 | 0.008 | 0.012   | 0.006 | 0.008 | 0.008 | 0.008 | 0.002  | 120.000   | 120.000   | 240.000      | 120.000   |
| 5688   | 0   | 5430   | 0   | 257  | 1   | GET    | /api/isu/[0-9]+                                     | 0.000 | 0.280 | 33.892  | 0.006 | 0.012 | 0.024 | 0.060 | 0.015  | 0.000     | 1094.000  | 1574726.000  | 276.851   |
| 166739 | 0   | 165181 | 0   | 1496 | 62  | POST   | /api/condition/[a-z0-9-]+                           | 0.000 | 0.428 | 987.114 | 0.006 | 0.012 | 0.020 | 0.072 | 0.018  | 0.000     | 186.000   | 11416.000    | 0.068     |
| 47     | 0   | 47     | 0   | 0    | 0   | GET    | /api/isu/dde83288-19a2-4fa7-ae7c-d268ef97f0b1/graph | 0.020 | 0.032 | 0.272   | 0.006 | 0.016 | 0.020 | 0.032 | 0.007  | 270.000   | 903.000   | 26246.000    | 558.426   |
| 7      | 0   | 7      | 0   | 0    | 0   | GET    | /api/isu/d15ea323-cbfb-4f28-a18d-e84d9e392f3b       | 0.000 | 0.028 | 0.040   | 0.006 | 0.028 | 0.028 | 0.028 | 0.009  | 117.000   | 117.000   | 819.000      | 117.000   |
| 7      | 0   | 7      | 0   | 0    | 0   | GET    | /api/isu/d0a7318a-dcd1-425c-91e0-0db7acee52df       | 0.008 | 0.024 | 0.040   | 0.006 | 0.024 | 0.024 | 0.024 | 0.008  | 126.000   | 126.000   | 882.000      | 126.000   |
| 12     | 0   | 12     | 0   | 0    | 0   | GET    | /api/isu/ffd5615d-a4cd-4526-bf96-7f751f36e244/graph | 0.004 | 0.016 | 0.068   | 0.006 | 0.012 | 0.016 | 0.016 | 0.004  | 272.000   | 780.000   | 5921.000     | 493.417   |
| 5      | 0   | 5      | 0   | 0    | 0   | GET    | /api/isu/b34ced2f-8387-4c82-8e92-2b8f50ff6b44/graph | 0.004 | 0.016 | 0.028   | 0.006 | 0.016 | 0.016 | 0.016 | 0.005  | 266.000   | 585.000   | 2447.000     | 489.400   |
| 5      | 0   | 5      | 0   | 0    | 0   | GET    | /api/isu/aa989437-8af2-4a7e-ba0a-86fb4f743cb6/graph | 0.000 | 0.012 | 0.028   | 0.006 | 0.012 | 0.012 | 0.012 | 0.005  | 272.000   | 560.000   | 2135.000     | 427.000   |
| 13     | 0   | 13     | 0   | 0    | 0   | GET    | /api/isu/f98dd44d-fc7c-49c3-88bf-450a762d1cab/graph | 0.008 | 0.024 | 0.072   | 0.006 | 0.016 | 0.024 | 0.024 | 0.007  | 270.000   | 873.000   | 6774.000     | 521.077   |
| 22     | 0   | 22     | 0   | 0    | 0   | GET    | /api/isu/a4ee64a5-91b1-459b-934e-49fbc8882c34/graph | 0.004 | 0.032 | 0.120   | 0.005 | 0.012 | 0.020 | 0.032 | 0.008  | 266.000   | 903.000   | 10752.000    | 488.727   |
| 36     | 0   | 36     | 0   | 0    | 0   | GET    | /api/isu/f1be5618-420c-4a52-b390-4c99207560b1/graph | 0.008 | 0.036 | 0.196   | 0.005 | 0.012 | 0.032 | 0.036 | 0.008  | 271.000   | 910.000   | 20199.000    | 561.083   |
| 1420   | 0   | 1148   | 0   | 272  | 0   | POST   | /api/auth                                           | 0.000 | 0.252 | 7.728   | 0.005 | 0.012 | 0.020 | 0.064 | 0.015  | 0.000     | 19.000    | 3128.000     | 2.203     |
| 31     | 0   | 27     | 0   | 4    | 0   | GET    | /api/isu/c6bed411-f3a6-4bb7-a2ad-ce76cc04b8d9/graph | 0.000 | 0.060 | 0.168   | 0.005 | 0.012 | 0.044 | 0.060 | 0.013  | 14.000    | 812.000   | 14186.000    | 457.613   |
| 20     | 0   | 12     | 0   | 8    | 0   | GET    | /api/isu/ac6c7108-32a2-4cff-985b-332cefbc3faa/graph | 0.004 | 0.028 | 0.108   | 0.005 | 0.012 | 0.020 | 0.028 | 0.007  | 14.000    | 877.000   | 6579.000     | 328.950   |
| 3      | 0   | 3      | 0   | 0    | 0   | GET    | /api/isu/e301e6c5-d5ac-4b2e-b44e-4bccd5280957/graph | 0.004 | 0.012 | 0.016   | 0.005 | 0.012 | 0.012 | 0.012 | 0.005  | 443.000   | 580.000   | 1516.000     | 505.333   |
| 7      | 0   | 7      | 0   | 0    | 0   | GET    | /api/isu/b40957b2-9edf-4a74-8e85-b6e06a32ad1a/graph | 0.004 | 0.012 | 0.036   | 0.005 | 0.012 | 0.012 | 0.012 | 0.004  | 267.000   | 689.000   | 3368.000     | 481.143   |
| 7      | 0   | 7      | 0   | 0    | 0   | GET    | /api/isu/c34e9dd7-57d5-4eb7-aa21-4bb5f270891d       | 0.000 | 0.024 | 0.036   | 0.005 | 0.024 | 0.024 | 0.024 | 0.008  | 117.000   | 117.000   | 819.000      | 117.000   |
| 11     | 0   | 11     | 0   | 0    | 0   | GET    | /api/isu/f177a782-64f3-4cfc-8127-45ca474ffbf6       | 0.004 | 0.032 | 0.056   | 0.005 | 0.008 | 0.032 | 0.032 | 0.009  | 123.000   | 123.000   | 1353.000     | 123.000   |
| 4      | 0   | 4      | 0   | 0    | 0   | GET    | /api/isu/b40957b2-9edf-4a74-8e85-b6e06a32ad1a       | 0.000 | 0.012 | 0.020   | 0.005 | 0.012 | 0.012 | 0.012 | 0.005  | 117.000   | 117.000   | 468.000      | 117.000   |
| 4      | 0   | 4      | 0   | 0    | 0   | GET    | /api/isu/df41f4e0-05fe-430e-afed-8d8a501c017f       | 0.000 | 0.016 | 0.020   | 0.005 | 0.016 | 0.016 | 0.016 | 0.007  | 117.000   | 117.000   | 468.000      | 117.000   |
| 4      | 0   | 4      | 0   | 0    | 0   | GET    | /api/isu/ab234795-2faa-455f-891b-a697c05288eb       | 0.004 | 0.008 | 0.020   | 0.005 | 0.008 | 0.008 | 0.008 | 0.003  | 129.000   | 129.000   | 516.000      | 129.000   |
| 4      | 0   | 4      | 0   | 0    | 0   | GET    | /api/isu/a7cb6596-2e08-4ea3-a351-9709ec91bfc5       | 0.000 | 0.020 | 0.020   | 0.005 | 0.020 | 0.020 | 0.020 | 0.009  | 120.000   | 120.000   | 480.000      | 120.000   |
| 4      | 0   | 4      | 0   | 0    | 0   | GET    | /api/isu/f18cdffb-7de0-49be-9f09-91be9e4998bc       | 0.000 | 0.012 | 0.020   | 0.005 | 0.012 | 0.012 | 0.012 | 0.004  | 123.000   | 123.000   | 492.000      | 123.000   |
| 22     | 0   | 22     | 0   | 0    | 0   | GET    | /api/isu/f98dd44d-fc7c-49c3-88bf-450a762d1cab       | 0.020 | 0.020 | 0.108   | 0.005 | 0.016 | 0.016 | 0.020 | 0.006  | 117.000   | 117.000   | 2574.000     | 117.000   |
| 10     | 0   | 10     | 0   | 0    | 0   | GET    | /api/isu/e380edbb-38d3-469a-bd04-53fd1ea2f8d4/graph | 0.004 | 0.016 | 0.048   | 0.005 | 0.008 | 0.016 | 0.016 | 0.005  | 272.000   | 843.000   | 4839.000     | 483.900   |
| 22     | 0   | 22     | 0   | 0    | 0   | GET    | /api/isu/efd2a309-f7a0-49aa-8add-1c7ddd8108d3/graph | 0.004 | 0.032 | 0.104   | 0.005 | 0.012 | 0.028 | 0.032 | 0.009  | 273.000   | 1070.000  | 11492.000    | 522.364   |
| 11     | 0   | 11     | 0   | 0    | 0   | GET    | /api/isu/c15d003d-fb8a-4dea-aa5b-d1be784885eb/graph | 0.000 | 0.012 | 0.052   | 0.005 | 0.012 | 0.012 | 0.012 | 0.005  | 272.000   | 706.000   | 5712.000     | 519.273   |
| 6      | 0   | 6      | 0   | 0    | 0   | GET    | /api/isu/e274d6bc-6eeb-43fc-a9f7-f4be6759c28a/graph | 0.000 | 0.008 | 0.028   | 0.005 | 0.008 | 0.008 | 0.008 | 0.004  | 272.000   | 603.000   | 2866.000     | 477.667   |
| 25     | 0   | 25     | 0   | 0    | 0   | GET    | /api/isu/c77856f3-bc0c-43ad-b775-7435b890b2d7/graph | 0.004 | 0.024 | 0.116   | 0.005 | 0.012 | 0.024 | 0.024 | 0.007  | 270.000   | 732.000   | 13398.000    | 535.920   |
| 82     | 0   | 82     | 0   | 0    | 0   | GET    | /api/isu/eb460207-6d1a-4ccd-8502-4f3f98de044d       | 0.004 | 0.064 | 0.380   | 0.005 | 0.012 | 0.020 | 0.064 | 0.009  | 113.000   | 113.000   | 9266.000     | 113.000   |
| 19     | 0   | 19     | 0   | 0    | 0   | GET    | /api/isu/a19f2644-3f68-4eef-8cc0-c02d136ecf15       | 0.000 | 0.032 | 0.088   | 0.005 | 0.012 | 0.032 | 0.032 | 0.007  | 117.000   | 117.000   | 2223.000     | 117.000   |
| 13     | 0   | 13     | 0   | 0    | 0   | GET    | /api/isu/eebe2d80-0b2a-42b1-b01e-70c9a09a42d1       | 0.000 | 0.020 | 0.060   | 0.005 | 0.012 | 0.020 | 0.020 | 0.006  | 120.000   | 120.000   | 1560.000     | 120.000   |
| 7      | 0   | 7      | 0   | 0    | 0   | GET    | /api/isu/ad809214-5226-494c-91ae-6417e9fbc8b7       | 0.000 | 0.016 | 0.032   | 0.005 | 0.016 | 0.016 | 0.016 | 0.005  | 123.000   | 123.000   | 861.000      | 123.000   |
| 7      | 0   | 7      | 0   | 0    | 0   | GET    | /api/isu/cad2ceb6-6103-49f5-af82-b347ba4414f9       | 0.004 | 0.012 | 0.032   | 0.005 | 0.012 | 0.012 | 0.012 | 0.004  | 123.000   | 123.000   | 861.000      | 123.000   |
| 7      | 0   | 7      | 0   | 0    | 0   | GET    | /api/isu/e274d6bc-6eeb-43fc-a9f7-f4be6759c28a       | 0.016 | 0.016 | 0.032   | 0.005 | 0.016 | 0.016 | 0.016 | 0.005  | 120.000   | 120.000   | 840.000      | 120.000   |
| 7      | 0   | 7      | 0   | 0    | 0   | GET    | /api/isu/ef80ad0e-4bfb-494c-887b-657564ac375c       | 0.004 | 0.012 | 0.032   | 0.005 | 0.012 | 0.012 | 0.012 | 0.004  | 114.000   | 114.000   | 798.000      | 114.000   |
| 7      | 0   | 7      | 0   | 0    | 0   | GET    | /api/isu/b0ca7084-b3d1-4bd8-95eb-3ddb94b8975c       | 0.004 | 0.020 | 0.032   | 0.005 | 0.020 | 0.020 | 0.020 | 0.007  | 114.000   | 114.000   | 798.000      | 114.000   |
| 32     | 0   | 32     | 0   | 0    | 0   | GET    | /api/isu/a71695f3-8f38-47f6-a16f-d21ab14d9c98/graph | 0.012 | 0.040 | 0.144   | 0.005 | 0.012 | 0.020 | 0.040 | 0.008  | 271.000   | 872.000   | 16962.000    | 530.062   |
| 8      | 0   | 8      | 0   | 0    | 0   | GET    | /api/isu/ea71f471-4ed3-44fe-847b-edce7f73ba8d/graph | 0.004 | 0.008 | 0.036   | 0.005 | 0.008 | 0.008 | 0.008 | 0.004  | 267.000   | 560.000   | 3448.000     | 431.000   |
| 16     | 0   | 16     | 0   | 0    | 0   | GET    | /api/isu/cb1fb285-45cf-480e-a72f-6fad16d9be13/graph | 0.004 | 0.024 | 0.072   | 0.005 | 0.008 | 0.024 | 0.024 | 0.006  | 265.000   | 919.000   | 9079.000     | 567.438   |
| 5664   | 0   | 5626   | 0   | 34   | 4   | GET    | /api/isu                                            | 0.004 | 0.252 | 25.464  | 0.004 | 0.012 | 0.016 | 0.040 | 0.010  | 3.000     | 1200.000  | 4199024.000  | 741.353   |
| 1008   | 0   | 971    | 0   | 36   | 1   | POST   | /api/signout                                        | 0.004 | 0.216 | 4.440   | 0.004 | 0.012 | 0.016 | 0.040 | 0.014  | 0.000     | 588.000   | 1344.000     | 1.333     |
| 10     | 0   | 10     | 0   | 0    | 0   | GET    | /api/isu/eebe2d80-0b2a-42b1-b01e-70c9a09a42d1/graph | 0.012 | 0.016 | 0.044   | 0.004 | 0.012 | 0.016 | 0.016 | 0.005  | 265.000   | 807.000   | 5570.000     | 557.000   |
| 10     | 0   | 10     | 0   | 0    | 0   | GET    | /api/isu/b662c94c-b5d4-44f8-b85a-121441c005df       | 0.004 | 0.032 | 0.044   | 0.004 | 0.004 | 0.032 | 0.032 | 0.009  | 135.000   | 135.000   | 1350.000     | 135.000   |
| 52     | 0   | 52     | 0   | 0    | 0   | GET    | /api/isu/bbcedd2f-c0ad-488a-ba4a-19557bdaa9cc       | 0.008 | 0.044 | 0.228   | 0.004 | 0.012 | 0.024 | 0.044 | 0.008  | 119.000   | 119.000   | 6188.000     | 119.000   |
| 76     | 0   | 76     | 0   | 0    | 0   | GET    | /api/isu/e30007a3-58f1-4551-ad7c-290e9fbf4e38       | 0.012 | 0.044 | 0.332   | 0.004 | 0.012 | 0.024 | 0.044 | 0.008  | 119.000   | 119.000   | 9044.000     | 119.000   |
| 35     | 0   | 35     | 0   | 0    | 0   | GET    | /api/isu/e6936313-8deb-4284-976d-df3325296148/graph | 0.012 | 0.036 | 0.152   | 0.004 | 0.012 | 0.028 | 0.036 | 0.008  | 273.000   | 849.000   | 18919.000    | 540.543   |
| 35     | 0   | 35     | 0   | 0    | 0   | GET    | /api/isu/bbcedd2f-c0ad-488a-ba4a-19557bdaa9cc/graph | 0.004 | 0.012 | 0.148   | 0.004 | 0.012 | 0.012 | 0.012 | 0.004  | 271.000   | 881.000   | 17867.000    | 510.486   |
| 55     | 0   | 55     | 0   | 0    | 0   | GET    | /api/isu/b7dedf2e-787b-421a-844c-cf8aa80faaa0       | 0.020 | 0.036 | 0.232   | 0.004 | 0.012 | 0.020 | 0.036 | 0.007  | 114.000   | 114.000   | 6270.000     | 114.000   |
| 2043   | 0   | 1042   | 0   | 1001 | 0   | GET    | /api/user/me                                        | 0.004 | 0.280 | 8.248   | 0.004 | 0.008 | 0.016 | 0.036 | 0.013  | 21.000    | 39.000    | 55679.000    | 27.254    |
| 49     | 0   | 49     | 0   | 0    | 0   | GET    | /api/isu/b361c0ed-a4ee-4ee1-ac44-c48aa69ee5e1       | 0.004 | 0.040 | 0.196   | 0.004 | 0.012 | 0.012 | 0.040 | 0.007  | 119.000   | 119.000   | 5831.000     | 119.000   |
| 47     | 0   | 43     | 0   | 4    | 0   | GET    | /api/isu/ba4f274c-1856-411d-8b4a-b5d01d8d296e/graph | 0.004 | 0.024 | 0.188   | 0.004 | 0.012 | 0.012 | 0.024 | 0.005  | 14.000    | 767.000   | 23289.000    | 495.511   |
| 2      | 0   | 0      | 0   | 2    | 0   | GET    | /api/isu/cad2ceb6-6103-49f5-af82-b347ba4414f9/icon  | 0.008 | 0.008 | 0.008   | 0.004 | 0.008 | 0.008 | 0.008 | 0.004  | 14.000    | 21.000    | 35.000       | 17.500    |
| 2      | 0   | 2      | 0   | 0    | 0   | GET    | /api/isu/de274e1f-1c0e-449b-8f28-249ce2f8d1ad       | 0.000 | 0.008 | 0.008   | 0.004 | 0.008 | 0.008 | 0.008 | 0.004  | 123.000   | 123.000   | 246.000      | 123.000   |
| 8      | 0   | 8      | 0   | 0    | 0   | GET    | /api/isu/b1bf5660-95ef-4c6c-9440-1f057e185326/graph | 0.004 | 0.008 | 0.032   | 0.004 | 0.008 | 0.008 | 0.008 | 0.003  | 272.000   | 666.000   | 3913.000     | 489.125   |
| 4      | 0   | 4      | 0   | 0    | 0   | GET    | /api/isu/ab2647fd-899e-4368-a6b6-04851ac34079       | 0.004 | 0.012 | 0.016   | 0.004 | 0.012 | 0.012 | 0.012 | 0.005  | 117.000   | 117.000   | 468.000      | 117.000   |
| 1      | 0   | 1      | 0   | 0    | 0   | GET    | /api/isu/ccd7ae98-f05e-4d23-b2fe-6c78336f0075       | 0.004 | 0.004 | 0.004   | 0.004 | 0.004 | 0.004 | 0.004 | 0.000  | 120.000   | 120.000   | 120.000      | 120.000   |
| 4      | 0   | 4      | 0   | 0    | 0   | GET    | /api/isu/f3318fc5-6142-46c1-b760-bce1bbf36d42       | 0.004 | 0.008 | 0.016   | 0.004 | 0.008 | 0.008 | 0.008 | 0.003  | 126.000   | 126.000   | 504.000      | 126.000   |
| 8      | 0   | 8      | 0   | 0    | 0   | GET    | /api/isu/b408191f-f40a-4ba0-88ce-f89da4b1fc64/graph | 0.000 | 0.016 | 0.032   | 0.004 | 0.016 | 0.016 | 0.016 | 0.005  | 271.000   | 877.000   | 4445.000     | 555.625   |
| 1      | 0   | 1      | 0   | 0    | 0   | GET    | /api/isu/e7fcd5de-05e2-4bf9-9b23-942143bada8b       | 0.004 | 0.004 | 0.004   | 0.004 | 0.004 | 0.004 | 0.004 | 0.000  | 114.000   | 114.000   | 114.000      | 114.000   |
| 7      | 0   | 7      | 0   | 0    | 0   | GET    | /api/isu/ea71f471-4ed3-44fe-847b-edce7f73ba8d       | 0.000 | 0.012 | 0.028   | 0.004 | 0.012 | 0.012 | 0.012 | 0.004  | 123.000   | 123.000   | 861.000      | 123.000   |
| 3      | 0   | 3      | 0   | 0    | 0   | GET    | /api/isu/e9a50570-032f-4e6e-a656-6ca80df60e94/graph | 0.008 | 0.008 | 0.012   | 0.004 | 0.008 | 0.008 | 0.008 | 0.003  | 537.000   | 577.000   | 1671.000     | 557.000   |
| 7      | 0   | 7      | 0   | 0    | 0   | GET    | /api/isu/ba27b598-28bd-4ee7-b001-a062261a3234       | 0.004 | 0.012 | 0.028   | 0.004 | 0.012 | 0.012 | 0.012 | 0.004  | 135.000   | 135.000   | 945.000      | 135.000   |
| 1      | 0   | 1      | 0   | 0    | 0   | GET    | /api/isu/bcd009f0-54a6-42a1-b439-dfdb49c6045e       | 0.004 | 0.004 | 0.004   | 0.004 | 0.004 | 0.004 | 0.004 | 0.000  | 126.000   | 126.000   | 126.000      | 126.000   |
| 4      | 0   | 4      | 0   | 0    | 0   | GET    | /api/isu/ddb762d1-50a3-4234-a4be-f64ea6dd06fd/graph | 0.000 | 0.012 | 0.016   | 0.004 | 0.012 | 0.012 | 0.012 | 0.005  | 266.000   | 541.000   | 1573.000     | 393.250   |
| 1      | 0   | 1      | 0   | 0    | 0   | GET    | /api/isu/c4b9c0d7-6657-4597-b2b8-e0b65dbaf982       | 0.004 | 0.004 | 0.004   | 0.004 | 0.004 | 0.004 | 0.004 | 0.000  | 126.000   | 126.000   | 126.000      | 126.000   |
| 12     | 0   | 8      | 0   | 3    | 1   | GET    | /api/isu/ebedf9f2-4edb-48f7-b93a-f30acf3aec88       | 0.008 | 0.016 | 0.048   | 0.004 | 0.008 | 0.016 | 0.016 | 0.005  | 14.000    | 186.000   | 1370.000     | 114.167   |
| 4      | 0   | 4      | 0   | 0    | 0   | GET    | /api/isu/edbe238d-531c-4efd-a7fe-2e0ec81a6d0e       | 0.012 | 0.012 | 0.016   | 0.004 | 0.012 | 0.012 | 0.012 | 0.005  | 114.000   | 114.000   | 456.000      | 114.000   |
| 1      | 0   | 1      | 0   | 0    | 0   | GET    | /api/isu/ba526364-ea1e-411a-94f4-34b9fe292716       | 0.004 | 0.004 | 0.004   | 0.004 | 0.004 | 0.004 | 0.004 | 0.000  | 129.000   | 129.000   | 129.000      | 129.000   |
| 1      | 0   | 1      | 0   | 0    | 0   | GET    | /api/isu/bd6d6737-1f35-456b-bb4c-d596aa3a9bb3       | 0.004 | 0.004 | 0.004   | 0.004 | 0.004 | 0.004 | 0.004 | 0.000  | 126.000   | 126.000   | 126.000      | 126.000   |
| 27     | 0   | 27     | 0   | 0    | 0   | GET    | /api/isu/f8601649-7234-4209-8aeb-ffa132a820ff/graph | 0.008 | 0.020 | 0.108   | 0.004 | 0.012 | 0.016 | 0.020 | 0.005  | 271.000   | 854.000   | 14243.000    | 527.519   |
| 1      | 0   | 1      | 0   | 0    | 0   | GET    | /api/isu/e05b3d82-f771-473c-8545-b94216283ca1       | 0.004 | 0.004 | 0.004   | 0.004 | 0.004 | 0.004 | 0.004 | 0.000  | 123.000   | 123.000   | 123.000      | 123.000   |
| 1      | 0   | 1      | 0   | 0    | 0   | GET    | /api/isu/d12b0acc-cd63-49a7-b805-dc65366e51d2       | 0.004 | 0.004 | 0.004   | 0.004 | 0.004 | 0.004 | 0.004 | 0.000  | 120.000   | 120.000   | 120.000      | 120.000   |
| 3      | 0   | 3      | 0   | 0    | 0   | GET    | /api/isu/df41f4e0-05fe-430e-afed-8d8a501c017f/graph | 0.004 | 0.008 | 0.012   | 0.004 | 0.008 | 0.008 | 0.008 | 0.003  | 269.000   | 424.000   | 1075.000     | 358.333   |
| 7      | 0   | 7      | 0   | 0    | 0   | GET    | /api/isu/cef7d131-21f8-405d-a18d-eee04f94e7bd       | 0.020 | 0.020 | 0.028   | 0.004 | 0.020 | 0.020 | 0.020 | 0.007  | 129.000   | 129.000   | 903.000      | 129.000   |
| 1      | 0   | 1      | 0   | 0    | 0   | GET    | /api/isu/a05bcbf1-a76a-44a5-9667-771b8daa4d4a       | 0.004 | 0.004 | 0.004   | 0.004 | 0.004 | 0.004 | 0.004 | 0.000  | 123.000   | 123.000   | 123.000      | 123.000   |
| 1      | 0   | 1      | 0   | 0    | 0   | GET    | /api/isu/e9e324b0-ed37-4bef-86ba-66580128c265       | 0.004 | 0.004 | 0.004   | 0.004 | 0.004 | 0.004 | 0.004 | 0.000  | 120.000   | 120.000   | 120.000      | 120.000   |
| 1      | 0   | 1      | 0   | 0    | 0   | GET    | /api/isu/a1650642-16c2-4394-bae3-7261fff3f7ef       | 0.004 | 0.004 | 0.004   | 0.004 | 0.004 | 0.004 | 0.004 | 0.000  | 126.000   | 126.000   | 126.000      | 126.000   |
| 1      | 0   | 1      | 0   | 0    | 0   | GET    | /api/isu/a33c88f5-adb6-40bd-9350-6c054e25bcb8       | 0.004 | 0.004 | 0.004   | 0.004 | 0.004 | 0.004 | 0.004 | 0.000  | 121.000   | 121.000   | 121.000      | 121.000   |
| 7      | 0   | 7      | 0   | 0    | 0   | GET    | /api/isu/f3137f91-1293-428d-8778-0f342814c2a2/graph | 0.000 | 0.016 | 0.028   | 0.004 | 0.016 | 0.016 | 0.016 | 0.006  | 265.000   | 699.000   | 3676.000     | 525.143   |
| 2      | 0   | 0      | 0   | 2    | 0   | GET    | /api/isu/d0a7318a-dcd1-425c-91e0-0db7acee52df/icon  | 0.004 | 0.004 | 0.008   | 0.004 | 0.004 | 0.004 | 0.004 | 0.000  | 14.000    | 21.000    | 35.000       | 17.500    |
| 1      | 0   | 1      | 0   | 0    | 0   | GET    | /api/isu/c9f17de0-bb59-4b65-b7be-71f5783c9722       | 0.004 | 0.004 | 0.004   | 0.004 | 0.004 | 0.004 | 0.004 | 0.000  | 117.000   | 117.000   | 117.000      | 117.000   |
| 1      | 0   | 1      | 0   | 0    | 0   | GET    | /api/isu/dc462882-155a-4f8e-9c85-4a98ffa30f63       | 0.004 | 0.004 | 0.004   | 0.004 | 0.004 | 0.004 | 0.004 | 0.000  | 126.000   | 126.000   | 126.000      | 126.000   |
| 1      | 0   | 1      | 0   | 0    | 0   | GET    | /api/isu/b2b24df1-f88b-49ea-b321-1a8903e9b144       | 0.004 | 0.004 | 0.004   | 0.004 | 0.004 | 0.004 | 0.004 | 0.000  | 114.000   | 114.000   | 114.000      | 114.000   |
| 61     | 0   | 57     | 0   | 4    | 0   | GET    | /api/isu/eb460207-6d1a-4ccd-8502-4f3f98de044d/graph | 0.000 | 0.016 | 0.240   | 0.004 | 0.012 | 0.012 | 0.016 | 0.004  | 14.000    | 831.000   | 28729.000    | 470.967   |
| 15     | 0   | 15     | 0   | 0    | 0   | GET    | /api/isu/e380edbb-38d3-469a-bd04-53fd1ea2f8d4       | 0.004 | 0.012 | 0.056   | 0.004 | 0.008 | 0.012 | 0.012 | 0.004  | 126.000   | 126.000   | 1890.000     | 126.000   |
| 37     | 0   | 37     | 0   | 0    | 0   | GET    | /api/isu/f8601649-7234-4209-8aeb-ffa132a820ff       | 0.004 | 0.028 | 0.136   | 0.004 | 0.008 | 0.012 | 0.028 | 0.005  | 116.000   | 116.000   | 4292.000     | 116.000   |
| 30     | 0   | 28     | 0   | 2    | 0   | GET    | /api/isu/a4ee64a5-91b1-459b-934e-49fbc8882c34       | 0.000 | 0.036 | 0.108   | 0.004 | 0.008 | 0.008 | 0.036 | 0.007  | 14.000    | 113.000   | 3199.000     | 106.633   |
| 18     | 0   | 18     | 0   | 0    | 0   | GET    | /api/isu/b81d8488-4cf1-4cb9-bf1d-d76d5c89f8b2/graph | 0.004 | 0.012 | 0.064   | 0.004 | 0.008 | 0.012 | 0.012 | 0.003  | 271.000   | 777.000   | 9598.000     | 533.222   |
| 52     | 0   | 52     | 0   | 0    | 0   | GET    | /api/isu/c77dd72f-f037-4948-98b5-323cd55079c7       | 0.004 | 0.052 | 0.184   | 0.004 | 0.012 | 0.016 | 0.052 | 0.008  | 116.000   | 116.000   | 6032.000     | 116.000   |
| 34     | 0   | 34     | 0   | 0    | 0   | GET    | /api/isu/b4543a35-d257-463c-9772-094112d77c40       | 0.000 | 0.016 | 0.120   | 0.004 | 0.008 | 0.016 | 0.016 | 0.005  | 125.000   | 125.000   | 4250.000     | 125.000   |
| 8      | 0   | 8      | 0   | 0    | 0   | GET    | /api/isu/b662c94c-b5d4-44f8-b85a-121441c005df/graph | 0.000 | 0.016 | 0.028   | 0.004 | 0.016 | 0.016 | 0.016 | 0.005  | 264.000   | 664.000   | 4052.000     | 506.500   |
| 31     | 0   | 31     | 0   | 0    | 0   | GET    | /api/isu/a7bd26ae-c6b8-4a60-a6ad-81f35d22be61       | 0.000 | 0.020 | 0.108   | 0.003 | 0.012 | 0.020 | 0.020 | 0.006  | 117.000   | 117.000   | 3627.000     | 117.000   |
| 35     | 0   | 35     | 0   | 0    | 0   | GET    | /api/isu/baecc316-6ffa-495d-92fe-d81d27aabb1e       | 0.004 | 0.024 | 0.120   | 0.003 | 0.008 | 0.016 | 0.024 | 0.005  | 131.000   | 131.000   | 4585.000     | 131.000   |
| 35     | 0   | 35     | 0   | 0    | 0   | GET    | /api/isu/dbc34aa1-96d1-4620-ac70-4955ae40341c/graph | 0.004 | 0.012 | 0.120   | 0.003 | 0.012 | 0.012 | 0.012 | 0.004  | 271.000   | 938.000   | 19252.000    | 550.057   |
| 62     | 0   | 62     | 0   | 0    | 0   | GET    | /api/isu/e30007a3-58f1-4551-ad7c-290e9fbf4e38/graph | 0.004 | 0.024 | 0.212   | 0.003 | 0.012 | 0.012 | 0.024 | 0.005  | 271.000   | 792.000   | 31544.000    | 508.774   |
| 34     | 0   | 30     | 0   | 4    | 0   | GET    | /api/isu/b361c0ed-a4ee-4ee1-ac44-c48aa69ee5e1/graph | 0.004 | 0.032 | 0.116   | 0.003 | 0.008 | 0.012 | 0.032 | 0.006  | 14.000    | 871.000   | 14868.000    | 437.294   |
| 70     | 0   | 70     | 0   | 0    | 0   | GET    | /api/isu/dde83288-19a2-4fa7-ae7c-d268ef97f0b1       | 0.000 | 0.020 | 0.236   | 0.003 | 0.012 | 0.016 | 0.020 | 0.005  | 128.000   | 128.000   | 8960.000     | 128.000   |
| 11     | 0   | 11     | 0   | 0    | 0   | GET    | /api/isu/f3137f91-1293-428d-8778-0f342814c2a2       | 0.008 | 0.012 | 0.036   | 0.003 | 0.008 | 0.012 | 0.012 | 0.004  | 117.000   | 117.000   | 1287.000     | 117.000   |
| 52     | 0   | 52     | 0   | 0    | 0   | GET    | /api/isu/e6936313-8deb-4284-976d-df3325296148       | 0.004 | 0.052 | 0.168   | 0.003 | 0.008 | 0.012 | 0.052 | 0.008  | 122.000   | 122.000   | 6344.000     | 122.000   |
| 57     | 0   | 55     | 0   | 2    | 0   | GET    | /api/isu/f1be5618-420c-4a52-b390-4c99207560b1       | 0.004 | 0.028 | 0.184   | 0.003 | 0.008 | 0.020 | 0.028 | 0.005  | 14.000    | 116.000   | 6415.000     | 112.544   |
| 5      | 0   | 5      | 0   | 0    | 0   | GET    | /api/isu/b7137e4c-cc5c-4c2b-afcd-ba23b97dff91/graph | 0.000 | 0.008 | 0.016   | 0.003 | 0.008 | 0.008 | 0.008 | 0.003  | 368.000   | 663.000   | 2598.000     | 519.600   |
| 10     | 0   | 10     | 0   | 0    | 0   | GET    | /api/isu/df0100d4-51b9-4e8b-8b25-c2c29be93a64       | 0.000 | 0.012 | 0.032   | 0.003 | 0.008 | 0.012 | 0.012 | 0.004  | 117.000   | 117.000   | 1170.000     | 117.000   |
| 13     | 0   | 13     | 0   | 0    | 0   | GET    | /api/isu/c65489d6-bbd7-462b-81ee-8528db82dce1       | 0.016 | 0.016 | 0.040   | 0.003 | 0.008 | 0.016 | 0.016 | 0.004  | 123.000   | 123.000   | 1599.000     | 123.000   |
| 17     | 0   | 17     | 0   | 0    | 0   | GET    | /api/isu/c831addf-dee1-4757-b4f3-9446be7484ca/graph | 0.004 | 0.008 | 0.052   | 0.003 | 0.008 | 0.008 | 0.008 | 0.003  | 270.000   | 776.000   | 8897.000     | 523.353   |
| 21     | 0   | 19     | 0   | 2    | 0   | GET    | /api/isu/a8930ce6-57e3-4b1d-beee-e222beb85f88       | 0.004 | 0.012 | 0.064   | 0.003 | 0.008 | 0.008 | 0.012 | 0.003  | 14.000    | 126.000   | 2429.000     | 115.667   |
| 36     | 0   | 36     | 0   | 0    | 0   | GET    | /api/isu/f33b033a-924b-4d42-8d36-3ace365f67be/graph | 0.004 | 0.012 | 0.108   | 0.003 | 0.008 | 0.012 | 0.012 | 0.004  | 271.000   | 865.000   | 18496.000    | 513.778   |
| 4      | 0   | 4      | 0   | 0    | 0   | GET    | /api/isu/e9a50570-032f-4e6e-a656-6ca80df60e94       | 0.004 | 0.004 | 0.012   | 0.003 | 0.004 | 0.004 | 0.004 | 0.002  | 123.000   | 123.000   | 492.000      | 123.000   |
| 4      | 0   | 4      | 0   | 0    | 0   | GET    | /api/isu/bb7a5c29-12a5-4bba-853d-39743899e36c       | 0.004 | 0.008 | 0.012   | 0.003 | 0.008 | 0.008 | 0.008 | 0.003  | 115.000   | 115.000   | 460.000      | 115.000   |
| 11     | 0   | 11     | 0   | 0    | 0   | GET    | /api/isu/b1bf5660-95ef-4c6c-9440-1f057e185326       | 0.004 | 0.012 | 0.032   | 0.003 | 0.008 | 0.012 | 0.012 | 0.004  | 112.000   | 112.000   | 1232.000     | 112.000   |
| 21     | 0   | 21     | 0   | 0    | 0   | GET    | /api/isu/b4543a35-d257-463c-9772-094112d77c40/graph | 0.008 | 0.016 | 0.060   | 0.003 | 0.008 | 0.016 | 0.016 | 0.005  | 273.000   | 809.000   | 11025.000    | 525.000   |
| 7      | 0   | 7      | 0   | 0    | 0   | GET    | /api/isu/d1455dae-867e-4fc7-a20a-2be072261523       | 0.000 | 0.008 | 0.020   | 0.003 | 0.008 | 0.008 | 0.008 | 0.003  | 114.000   | 114.000   | 798.000      | 114.000   |
| 7      | 0   | 7      | 0   | 0    | 0   | GET    | /api/isu/b408191f-f40a-4ba0-88ce-f89da4b1fc64       | 0.004 | 0.008 | 0.020   | 0.003 | 0.008 | 0.008 | 0.008 | 0.003  | 123.000   | 123.000   | 861.000      | 123.000   |
| 58     | 0   | 58     | 0   | 0    | 0   | GET    | /api/isu/ba4f274c-1856-411d-8b4a-b5d01d8d296e       | 0.004 | 0.028 | 0.156   | 0.003 | 0.004 | 0.012 | 0.028 | 0.005  | 116.000   | 116.000   | 6728.000     | 116.000   |
| 51     | 0   | 49     | 0   | 2    | 0   | GET    | /api/isu/f33b033a-924b-4d42-8d36-3ace365f67be       | 0.000 | 0.044 | 0.136   | 0.003 | 0.004 | 0.008 | 0.044 | 0.006  | 14.000    | 122.000   | 6013.000     | 117.902   |
| 3      | 0   | 3      | 0   | 0    | 0   | GET    | /api/isu/f3318fc5-6142-46c1-b760-bce1bbf36d42/graph | 0.000 | 0.008 | 0.008   | 0.003 | 0.008 | 0.008 | 0.008 | 0.004  | 267.000   | 489.000   | 1185.000     | 395.000   |
| 3      | 0   | 1      | 0   | 2    | 0   | GET    | /api/isu/eb104b95-3532-4828-8550-89da717b9667       | 0.004 | 0.004 | 0.008   | 0.003 | 0.004 | 0.004 | 0.004 | 0.002  | 14.000    | 121.000   | 156.000      | 52.000    |
| 6      | 0   | 6      | 0   | 0    | 0   | GET    | /api/isu/d0a7318a-dcd1-425c-91e0-0db7acee52df/graph | 0.000 | 0.004 | 0.016   | 0.003 | 0.004 | 0.004 | 0.004 | 0.002  | 272.000   | 856.000   | 3246.000     | 541.000   |
| 34     | 0   | 34     | 0   | 0    | 0   | GET    | /api/isu/efd2a309-f7a0-49aa-8add-1c7ddd8108d3       | 0.004 | 0.016 | 0.088   | 0.003 | 0.004 | 0.008 | 0.016 | 0.003  | 128.000   | 128.000   | 4352.000     | 128.000   |
| 29     | 0   | 28     | 0   | 1    | 0   | GET    | /api/isu/c831addf-dee1-4757-b4f3-9446be7484ca       | 0.000 | 0.008 | 0.072   | 0.002 | 0.008 | 0.008 | 0.008 | 0.003  | 0.000     | 131.000   | 3668.000     | 126.483   |
| 50     | 0   | 50     | 0   | 0    | 0   | GET    | /api/isu/a71695f3-8f38-47f6-a16f-d21ab14d9c98       | 0.008 | 0.020 | 0.120   | 0.002 | 0.008 | 0.012 | 0.020 | 0.004  | 125.000   | 125.000   | 6250.000     | 125.000   |
| 32     | 0   | 32     | 0   | 0    | 0   | GET    | /api/isu/bc6082a8-1838-400f-b70f-7cb9c74fd500/graph | 0.004 | 0.008 | 0.076   | 0.002 | 0.008 | 0.008 | 0.008 | 0.003  | 271.000   | 883.000   | 15492.000    | 484.125   |
| 31     | 0   | 31     | 0   | 0    | 0   | GET    | /api/isu/e6d7c083-94aa-4a8b-8702-c3146412cb71/graph | 0.004 | 0.012 | 0.072   | 0.002 | 0.008 | 0.012 | 0.012 | 0.003  | 270.000   | 818.000   | 14376.000    | 463.742   |
| 4      | 0   | 4      | 0   | 0    | 0   | GET    | /api/isu/c719e195-ee3e-414a-970a-4444a4636cc0       | 0.004 | 0.004 | 0.008   | 0.002 | 0.004 | 0.004 | 0.004 | 0.002  | 114.000   | 114.000   | 456.000      | 114.000   |
| 4      | 0   | 4      | 0   | 0    | 0   | GET    | /api/isu/afc7026c-c53a-441e-913c-f547233bf476       | 0.000 | 0.008 | 0.008   | 0.002 | 0.008 | 0.008 | 0.008 | 0.003  | 120.000   | 120.000   | 480.000      | 120.000   |
| 2      | 0   | 0      | 0   | 2    | 0   | GET    | /api/isu/ebedf9f2-4edb-48f7-b93a-f30acf3aec88/icon  | 0.000 | 0.004 | 0.004   | 0.002 | 0.004 | 0.004 | 0.004 | 0.002  | 14.000    | 21.000    | 35.000       | 17.500    |
| 4      | 0   | 4      | 0   | 0    | 0   | GET    | /api/isu/e301e6c5-d5ac-4b2e-b44e-4bccd5280957       | 0.000 | 0.004 | 0.008   | 0.002 | 0.004 | 0.004 | 0.004 | 0.002  | 114.000   | 114.000   | 456.000      | 114.000   |
| 2      | 0   | 2      | 0   | 0    | 0   | GET    | /api/isu/b82dcff4-8fae-4773-9956-22ab354adb7e/graph | 0.000 | 0.004 | 0.004   | 0.002 | 0.004 | 0.004 | 0.004 | 0.002  | 515.000   | 516.000   | 1031.000     | 515.500   |
| 2      | 0   | 0      | 0   | 2    | 0   | GET    | /api/isu/e6d7c083-94aa-4a8b-8702-c3146412cb71/icon  | 0.000 | 0.004 | 0.004   | 0.002 | 0.004 | 0.004 | 0.004 | 0.002  | 14.000    | 21.000    | 35.000       | 17.500    |
| 2      | 0   | 2      | 0   | 0    | 0   | GET    | /api/isu/dd2d7763-545c-4603-a112-7cfc96b2624e       | 0.004 | 0.004 | 0.004   | 0.002 | 0.004 | 0.004 | 0.004 | 0.002  | 120.000   | 120.000   | 240.000      | 120.000   |
| 2      | 0   | 0      | 0   | 2    | 0   | GET    | /api/isu/ac6c7108-32a2-4cff-985b-332cefbc3faa/icon  | 0.004 | 0.004 | 0.004   | 0.002 | 0.004 | 0.004 | 0.004 | 0.002  | 14.000    | 21.000    | 35.000       | 17.500    |
| 4      | 0   | 4      | 0   | 0    | 0   | GET    | /api/isu/bb0f8e24-90b8-4732-8591-931433bd430b       | 0.004 | 0.004 | 0.008   | 0.002 | 0.004 | 0.004 | 0.004 | 0.002  | 111.000   | 111.000   | 444.000      | 111.000   |
| 2      | 0   | 2      | 0   | 0    | 0   | GET    | /api/isu/ef155ce5-2e9e-449a-953a-56fdca4f2f4e       | 0.000 | 0.004 | 0.004   | 0.002 | 0.004 | 0.004 | 0.004 | 0.002  | 120.000   | 120.000   | 240.000      | 120.000   |
| 2      | 0   | 2      | 0   | 0    | 0   | GET    | /api/isu/a1702dea-182a-4cfd-ad1b-a6d1aafd33ad/graph | 0.004 | 0.004 | 0.004   | 0.002 | 0.004 | 0.004 | 0.004 | 0.002  | 477.000   | 496.000   | 973.000      | 486.500   |
| 4      | 0   | 4      | 0   | 0    | 0   | GET    | /api/isu/e7f181ac-3a0c-481a-9b27-1afbe1a4dafe       | 0.004 | 0.004 | 0.008   | 0.002 | 0.004 | 0.004 | 0.004 | 0.002  | 123.000   | 123.000   | 492.000      | 123.000   |
| 4      | 0   | 4      | 0   | 0    | 0   | GET    | /api/isu/f71a0766-e3bd-4480-acf3-3a4755fa4f22       | 0.004 | 0.004 | 0.008   | 0.002 | 0.004 | 0.004 | 0.004 | 0.002  | 115.000   | 115.000   | 460.000      | 115.000   |
| 4      | 0   | 4      | 0   | 0    | 0   | GET    | /api/isu/eec25fcd-cf77-4c1e-86c0-4a24f3030bce       | 0.000 | 0.008 | 0.008   | 0.002 | 0.008 | 0.008 | 0.008 | 0.003  | 126.000   | 126.000   | 504.000      | 126.000   |
| 49     | 0   | 49     | 0   | 0    | 0   | GET    | /api/isu/edf13da7-ebe9-4107-b36e-1c1d87f2969c       | 0.004 | 0.012 | 0.096   | 0.002 | 0.008 | 0.012 | 0.012 | 0.003  | 119.000   | 119.000   | 5831.000     | 119.000   |
| 37     | 0   | 37     | 0   | 0    | 0   | GET    | /api/isu/c6bed411-f3a6-4bb7-a2ad-ce76cc04b8d9       | 0.000 | 0.016 | 0.072   | 0.002 | 0.004 | 0.008 | 0.016 | 0.003  | 125.000   | 125.000   | 4625.000     | 125.000   |
| 31     | 0   | 31     | 0   | 0    | 0   | GET    | /api/isu/b81d8488-4cf1-4cb9-bf1d-d76d5c89f8b2       | 0.000 | 0.020 | 0.060   | 0.002 | 0.004 | 0.008 | 0.020 | 0.004  | 122.000   | 122.000   | 3782.000     | 122.000   |
| 34     | 0   | 34     | 0   | 0    | 0   | GET    | /api/isu/f4bbbaf6-ba2e-46a2-b7ac-838dc8921edc       | 0.000 | 0.016 | 0.064   | 0.002 | 0.008 | 0.008 | 0.016 | 0.004  | 119.000   | 119.000   | 4046.000     | 119.000   |
| 49     | 0   | 49     | 0   | 0    | 0   | GET    | /api/isu/d323dbea-ba74-4eae-af84-3198859688d8       | 0.000 | 0.012 | 0.084   | 0.002 | 0.004 | 0.008 | 0.012 | 0.003  | 116.000   | 116.000   | 5684.000     | 116.000   |
| 49     | 0   | 49     | 0   | 0    | 0   | GET    | /api/isu/bc6082a8-1838-400f-b70f-7cb9c74fd500       | 0.000 | 0.016 | 0.080   | 0.002 | 0.004 | 0.008 | 0.016 | 0.003  | 110.000   | 110.000   | 5390.000     | 110.000   |
| 10     | 0   | 10     | 0   | 0    | 0   | GET    | /api/isu/c15d003d-fb8a-4dea-aa5b-d1be784885eb       | 0.000 | 0.008 | 0.016   | 0.002 | 0.004 | 0.008 | 0.008 | 0.003  | 114.000   | 114.000   | 1140.000     | 114.000   |
| 34     | 0   | 34     | 0   | 0    | 0   | GET    | /api/isu/c77dd72f-f037-4948-98b5-323cd55079c7/graph | 0.000 | 0.008 | 0.052   | 0.002 | 0.004 | 0.008 | 0.008 | 0.003  | 271.000   | 842.000   | 18348.000    | 539.647   |
| 8      | 0   | 0      | 0   | 8    | 0   | GET    | /api/isu/d5226f7b-3c7b-477e-ba8b-3cc7a4012e9d/graph | 0.004 | 0.004 | 0.012   | 0.002 | 0.004 | 0.004 | 0.004 | 0.002  | 14.000    | 21.000    | 144.000      | 18.000    |
| 6      | 0   | 2      | 0   | 4    | 0   | GET    | /api/isu/eb104b95-3532-4828-8550-89da717b9667/graph | 0.004 | 0.004 | 0.008   | 0.001 | 0.004 | 0.004 | 0.004 | 0.002  | 14.000    | 550.000   | 1096.000     | 182.667   |
| 3      | 0   | 3      | 0   | 0    | 0   | GET    | /api/isu/c7fdf917-d84a-470d-9829-0e792aad97ca       | 0.000 | 0.004 | 0.004   | 0.001 | 0.004 | 0.004 | 0.004 | 0.002  | 123.000   | 123.000   | 369.000      | 123.000   |
| 6      | 0   | 2      | 0   | 4    | 0   | GET    | /api/isu/cab99f63-bb3a-4648-b6df-376396f2c7ab/graph | 0.004 | 0.004 | 0.008   | 0.001 | 0.004 | 0.004 | 0.004 | 0.002  | 14.000    | 390.000   | 734.000      | 122.333   |
| 4      | 0   | 4      | 0   | 0    | 0   | GET    | /api/isu/a7d5a5c5-269e-4b7c-9a7c-9dc7c634a10b       | 0.000 | 0.004 | 0.004   | 0.001 | 0.004 | 0.004 | 0.004 | 0.002  | 120.000   | 120.000   | 480.000      | 120.000   |
| 5      | 0   | 5      | 0   | 0    | 0   | GET    | /api/isu/d1455dae-867e-4fc7-a20a-2be072261523/graph | 0.000 | 0.004 | 0.004   | 0.001 | 0.004 | 0.004 | 0.004 | 0.002  | 270.000   | 639.000   | 2475.000     | 495.000   |
| 1      | 0   | 1      | 0   | 0    | 0   | GET    | /api/isu/b8449ce7-4111-4b2a-b950-7a7f7c921a82       | 0.000 | 0.000 | 0.000   | 0.000 | 0.000 | 0.000 | 0.000 | 0.000  | 134.000   | 134.000   | 134.000      | 134.000   |
| 2      | 0   | 0      | 0   | 2    | 0   | GET    | /api/isu/eb104b95-3532-4828-8550-89da717b9667/icon  | 0.000 | 0.000 | 0.000   | 0.000 | 0.000 | 0.000 | 0.000 | 0.000  | 14.000    | 21.000    | 35.000       | 17.500    |
| 1      | 0   | 1      | 0   | 0    | 0   | GET    | /api/isu/b4a7c830-3c5e-4496-a1cc-8a95fa03b01b       | 0.000 | 0.000 | 0.000   | 0.000 | 0.000 | 0.000 | 0.000 | 0.000  | 132.000   | 132.000   | 132.000      | 132.000   |
| 3      | 0   | 1      | 0   | 2    | 0   | GET    | /api/isu/cab99f63-bb3a-4648-b6df-376396f2c7ab       | 0.000 | 0.000 | 0.000   | 0.000 | 0.000 | 0.000 | 0.000 | 0.000  | 14.000    | 128.000   | 163.000      | 54.333    |
| 1      | 0   | 1      | 0   | 0    | 0   | GET    | /api/isu/b15ea22c-47eb-4dda-8097-3503612db075       | 0.000 | 0.000 | 0.000   | 0.000 | 0.000 | 0.000 | 0.000 | 0.000  | 129.000   | 129.000   | 129.000      | 129.000   |
| 1      | 0   | 1      | 0   | 0    | 0   | GET    | /api/isu/d4a2cba9-8df8-4351-9de4-20ccca9bf8e6       | 0.000 | 0.000 | 0.000   | 0.000 | 0.000 | 0.000 | 0.000 | 0.000  | 123.000   | 123.000   | 123.000      | 123.000   |
| 2      | 0   | 0      | 0   | 2    | 0   | GET    | /api/isu/f46ad522-d196-487e-b666-c9b000c3d458       | 0.000 | 0.000 | 0.000   | 0.000 | 0.000 | 0.000 | 0.000 | 0.000  | 14.000    | 21.000    | 35.000       | 17.500    |
| 2      | 0   | 0      | 0   | 2    | 0   | GET    | /api/isu/c9add5fc-28ca-4eea-9b77-6cb90852508a/icon  | 0.000 | 0.000 | 0.000   | 0.000 | 0.000 | 0.000 | 0.000 | 0.000  | 14.000    | 21.000    | 35.000       | 17.500    |
| 1      | 0   | 1      | 0   | 0    | 0   | GET    | /api/isu/b82dcff4-8fae-4773-9956-22ab354adb7e       | 0.000 | 0.000 | 0.000   | 0.000 | 0.000 | 0.000 | 0.000 | 0.000  | 119.000   | 119.000   | 119.000      | 119.000   |
| 1      | 0   | 1      | 0   | 0    | 0   | GET    | /api/isu/b220985c-fbb9-4f0b-b963-46f29d097870       | 0.000 | 0.000 | 0.000   | 0.000 | 0.000 | 0.000 | 0.000 | 0.000  | 126.000   | 126.000   | 126.000      | 126.000   |
| 2      | 0   | 0      | 0   | 2    | 0   | GET    | /api/isu/f33b033a-924b-4d42-8d36-3ace365f67be/icon  | 0.000 | 0.000 | 0.000   | 0.000 | 0.000 | 0.000 | 0.000 | 0.000  | 14.000    | 21.000    | 35.000       | 17.500    |
| 2      | 0   | 0      | 0   | 2    | 0   | GET    | /api/isu/baecc316-6ffa-495d-92fe-d81d27aabb1e/icon  | 0.000 | 0.000 | 0.000   | 0.000 | 0.000 | 0.000 | 0.000 | 0.000  | 14.000    | 21.000    | 35.000       | 17.500    |
| 1      | 0   | 1      | 0   | 0    | 0   | GET    | /api/isu/ee324001-c393-469f-80b3-a4c191769a12       | 0.000 | 0.000 | 0.000   | 0.000 | 0.000 | 0.000 | 0.000 | 0.000  | 123.000   | 123.000   | 123.000      | 123.000   |
| 1      | 0   | 1      | 0   | 0    | 0   | GET    | /api/isu/c440c0a9-729e-44d3-a9a7-0a94dce2b105       | 0.000 | 0.000 | 0.000   | 0.000 | 0.000 | 0.000 | 0.000 | 0.000  | 123.000   | 123.000   | 123.000      | 123.000   |
| 2      | 0   | 0      | 0   | 2    | 0   | GET    | /api/isu/cab99f63-bb3a-4648-b6df-376396f2c7ab/icon  | 0.000 | 0.000 | 0.000   | 0.000 | 0.000 | 0.000 | 0.000 | 0.000  | 14.000    | 21.000    | 35.000       | 17.500    |
| 1      | 0   | 1      | 0   | 0    | 0   | GET    | /api/isu/a798f536-ad50-4c93-8100-7d182c60d3ab       | 0.000 | 0.000 | 0.000   | 0.000 | 0.000 | 0.000 | 0.000 | 0.000  | 123.000   | 123.000   | 123.000      | 123.000   |
| 1      | 0   | 1      | 0   | 0    | 0   | GET    | /api/isu/d97b02e9-b4b7-4f34-865e-8ddde257c58a       | 0.000 | 0.000 | 0.000   | 0.000 | 0.000 | 0.000 | 0.000 | 0.000  | 126.000   | 126.000   | 126.000      | 126.000   |
| 1      | 0   | 1      | 0   | 0    | 0   | GET    | /api/isu/dd70ed30-fc53-4eb9-9ec0-156cf0c9d27f       | 0.000 | 0.000 | 0.000   | 0.000 | 0.000 | 0.000 | 0.000 | 0.000  | 114.000   | 114.000   | 114.000      | 114.000   |
| 2      | 0   | 0      | 0   | 2    | 0   | GET    | /api/isu/a19f2644-3f68-4eef-8cc0-c02d136ecf15/icon  | 0.000 | 0.000 | 0.000   | 0.000 | 0.000 | 0.000 | 0.000 | 0.000  | 14.000    | 21.000    | 35.000       | 17.500    |
| 1      | 0   | 1      | 0   | 0    | 0   | GET    | /api/isu/fd043df5-e258-4e09-9943-920bba91528a       | 0.000 | 0.000 | 0.000   | 0.000 | 0.000 | 0.000 | 0.000 | 0.000  | 123.000   | 123.000   | 123.000      | 123.000   |
| 1      | 0   | 1      | 0   | 0    | 0   | GET    | /api/isu/f0a7cb83-7f6d-46e7-865d-38bb0e5407c3       | 0.000 | 0.000 | 0.000   | 0.000 | 0.000 | 0.000 | 0.000 | 0.000  | 123.000   | 123.000   | 123.000      | 123.000   |
| 4      | 0   | 4      | 0   | 0    | 0   | GET    | /api/isu/edbe238d-531c-4efd-a7fe-2e0ec81a6d0e/graph | 0.000 | 0.000 | 0.000   | 0.000 | 0.000 | 0.000 | 0.000 | 0.000  | 267.000   | 611.000   | 1875.000     | 468.750   |
| 4      | 0   | 4      | 0   | 0    | 0   | GET    | /api/isu/b9f6578b-8c4e-4a91-aecf-7ed6af02be7c       | 0.000 | 0.000 | 0.000   | 0.000 | 0.000 | 0.000 | 0.000 | 0.000  | 111.000   | 111.000   | 444.000      | 111.000   |
| 2      | 0   | 0      | 0   | 2    | 0   | GET    | /api/isu/b4543a35-d257-463c-9772-094112d77c40/icon  | 0.000 | 0.000 | 0.000   | 0.000 | 0.000 | 0.000 | 0.000 | 0.000  | 14.000    | 21.000    | 35.000       | 17.500    |
| 2      | 0   | 2      | 0   | 0    | 0   | GET    | /api/isu/bb0f8e24-90b8-4732-8591-931433bd430b/graph | 0.000 | 0.000 | 0.000   | 0.000 | 0.000 | 0.000 | 0.000 | 0.000  | 479.000   | 796.000   | 1275.000     | 637.500   |
| 1      | 0   | 1      | 0   | 0    | 0   | GET    | /api/isu/d3f748d2-b99a-439f-8180-f45a0e2cb36a       | 0.000 | 0.000 | 0.000   | 0.000 | 0.000 | 0.000 | 0.000 | 0.000  | 123.000   | 123.000   | 123.000      | 123.000   |
| 1      | 0   | 1      | 0   | 0    | 0   | GET    | /api/isu/af042653-c01e-4461-97f9-a0fefdb729d0       | 0.000 | 0.000 | 0.000   | 0.000 | 0.000 | 0.000 | 0.000 | 0.000  | 123.000   | 123.000   | 123.000      | 123.000   |
+--------+-----+--------+-----+------+-----+--------+-----------------------------------------------------+-------+-------+---------+-------+-------+-------+-------+--------+-----------+-----------+--------------+-----------+
