+--------+-----+--------+-----+------+-----+--------+-----------------------------------------------------+-------+-------+---------+-------+-------+-------+-------+--------+-----------+-----------+--------------+-----------+
| COUNT  | 1XX |  2XX   | 3XX | 4XX  | 5XX | METHOD |                         URI                         |  MIN  |  MAX  |   SUM   |  AVG  |  P90  |  P95  |  P99  | STDDEV | MIN(BODY) | MAX(BODY) |  SUM(BODY)   | AVG(BODY) |
+--------+-----+--------+-----+------+-----+--------+-----------------------------------------------------+-------+-------+---------+-------+-------+-------+-------+--------+-----------+-----------+--------------+-----------+
| 1      | 0   | 1      | 0   | 0    | 0   | POST   | /initialize                                         | 0.152 | 0.152 | 0.152   | 0.152 | 0.152 | 0.152 | 0.152 | 0.000  | 18.000    | 18.000    | 18.000       | 18.000    |
| 422    | 0   | 415    | 0   | 7    | 0   | POST   | /api/isu                                            | 0.052 | 0.532 | 61.248  | 0.145 | 0.264 | 0.304 | 0.408 | 0.088  | 0.000     | 147.000   | 50533.000    | 119.746   |
| 3      | 0   | 3      | 0   | 0    | 0   | GET    | /api/isu/a0c690e8-ea32-4273-af6d-59efc5fb007f       | 0.000 | 0.240 | 0.264   | 0.088 | 0.240 | 0.240 | 0.240 | 0.108  | 120.000   | 120.000   | 360.000      | 120.000   |
| 3      | 0   | 3      | 0   | 0    | 0   | GET    | /api/isu/cbe6b2b6-a272-41ed-8cab-911e237d2e69/graph | 0.008 | 0.240 | 0.256   | 0.085 | 0.240 | 0.240 | 0.240 | 0.109  | 266.000   | 610.000   | 1259.000     | 419.667   |
| 4      | 0   | 4      | 0   | 0    | 0   | GET    | /api/isu/f2870652-7bc6-4808-bd8b-b4fb5262282f       | 0.000 | 0.240 | 0.260   | 0.065 | 0.240 | 0.240 | 0.240 | 0.101  | 121.000   | 121.000   | 484.000      | 121.000   |
| 1      | 0   | 1      | 0   | 0    | 0   | GET    | /api/isu/ed3bad8c-d02a-426e-be8f-e40bca213464       | 0.048 | 0.048 | 0.048   | 0.048 | 0.048 | 0.048 | 0.048 | 0.000  | 120.000   | 120.000   | 120.000      | 120.000   |
| 9      | 0   | 9      | 0   | 0    | 0   | GET    | /api/isu/b6194073-0805-4e0b-9cba-b9fb039e8722/graph | 0.004 | 0.248 | 0.408   | 0.045 | 0.248 | 0.248 | 0.248 | 0.074  | 383.000   | 656.000   | 4375.000     | 486.111   |
| 1      | 0   | 1      | 0   | 0    | 0   | GET    | /api/isu/f144d507-9bb0-4b24-be58-17482e341880       | 0.044 | 0.044 | 0.044   | 0.044 | 0.044 | 0.044 | 0.044 | 0.000  | 120.000   | 120.000   | 120.000      | 120.000   |
| 2      | 0   | 2      | 0   | 0    | 0   | GET    | /api/isu/d45be771-03c8-4cd4-be60-2ef2497c4319/graph | 0.008 | 0.068 | 0.076   | 0.038 | 0.068 | 0.068 | 0.068 | 0.030  | 433.000   | 538.000   | 971.000      | 485.500   |
| 2      | 0   | 2      | 0   | 0    | 0   | GET    | /api/isu/b6e64271-ddd6-496e-abe3-be42f8b6ec87/graph | 0.024 | 0.052 | 0.076   | 0.038 | 0.052 | 0.052 | 0.052 | 0.014  | 431.000   | 435.000   | 866.000      | 433.000   |
| 4      | 0   | 4      | 0   | 0    | 0   | GET    | /api/isu/b554fb48-dd46-4e79-ac86-12c8625512b3/graph | 0.000 | 0.068 | 0.120   | 0.030 | 0.068 | 0.068 | 0.068 | 0.024  | 382.000   | 580.000   | 1830.000     | 457.500   |
| 9      | 0   | 9      | 0   | 0    | 0   | GET    | /api/isu/c2c7e790-d1ce-43fd-9e6d-203016eb9b2c/graph | 0.004 | 0.240 | 0.268   | 0.030 | 0.240 | 0.240 | 0.240 | 0.074  | 270.000   | 662.000   | 4465.000     | 496.111   |
| 7      | 0   | 7      | 0   | 0    | 0   | GET    | /api/isu/e64e6783-cf42-46ef-8715-6d64a3943d9a       | 0.000 | 0.164 | 0.184   | 0.026 | 0.164 | 0.164 | 0.164 | 0.056  | 123.000   | 123.000   | 861.000      | 123.000   |
| 4      | 0   | 4      | 0   | 0    | 0   | GET    | /api/isu/d6b75ac2-7acc-40db-8717-d1fe5a19bd67/graph | 0.000 | 0.056 | 0.100   | 0.025 | 0.056 | 0.056 | 0.056 | 0.025  | 370.000   | 648.000   | 2002.000     | 500.500   |
| 2      | 0   | 2      | 0   | 0    | 0   | GET    | /api/isu/e0152baf-1fe2-4ec2-9924-90f1ede9aa36/graph | 0.008 | 0.040 | 0.048   | 0.024 | 0.040 | 0.040 | 0.040 | 0.016  | 436.000   | 545.000   | 981.000      | 490.500   |
| 1      | 0   | 1      | 0   | 0    | 0   | GET    | /api/isu/b66b68c3-bb67-4ab6-9cff-8b3d25543c00       | 0.024 | 0.024 | 0.024   | 0.024 | 0.024 | 0.024 | 0.024 | 0.000  | 123.000   | 123.000   | 123.000      | 123.000   |
| 3      | 0   | 3      | 0   | 0    | 0   | GET    | /api/isu/b0a1fed5-8d31-4298-b0d5-037ae7c0ce91/graph | 0.004 | 0.060 | 0.068   | 0.023 | 0.060 | 0.060 | 0.060 | 0.026  | 416.000   | 624.000   | 1540.000     | 513.333   |
| 2      | 0   | 2      | 0   | 0    | 0   | GET    | /api/isu/e16c4d6a-0b91-457f-bb90-38e2c4492fed/graph | 0.016 | 0.028 | 0.044   | 0.022 | 0.028 | 0.028 | 0.028 | 0.006  | 598.000   | 609.000   | 1207.000     | 603.500   |
| 2      | 0   | 2      | 0   | 0    | 0   | GET    | /api/isu/a85b025d-46f1-4adb-9305-a9297ec60b1c/graph | 0.044 | 0.044 | 0.044   | 0.022 | 0.044 | 0.044 | 0.044 | 0.022  | 471.000   | 581.000   | 1052.000     | 526.000   |
| 4      | 0   | 4      | 0   | 0    | 0   | GET    | /api/isu/ae64fe4d-9d62-40f9-87a4-417562a56843       | 0.012 | 0.048 | 0.080   | 0.020 | 0.048 | 0.048 | 0.048 | 0.018  | 117.000   | 117.000   | 468.000      | 117.000   |
| 12     | 0   | 12     | 0   | 0    | 0   | GET    | /api/isu/f8ed5acb-ffd5-4420-93f2-123b37f8f8a8/graph | 0.060 | 0.132 | 0.240   | 0.020 | 0.060 | 0.132 | 0.132 | 0.038  | 272.000   | 897.000   | 6522.000     | 543.500   |
| 1      | 0   | 1      | 0   | 0    | 0   | GET    | /api/isu/cb1c0d77-0023-4fb0-9e1a-e2883d4fbea6       | 0.020 | 0.020 | 0.020   | 0.020 | 0.020 | 0.020 | 0.020 | 0.000  | 126.000   | 126.000   | 126.000      | 126.000   |
| 2      | 0   | 2      | 0   | 0    | 0   | GET    | /api/isu/f2870652-7bc6-4808-bd8b-b4fb5262282f/graph | 0.016 | 0.024 | 0.040   | 0.020 | 0.024 | 0.024 | 0.024 | 0.004  | 444.000   | 493.000   | 937.000      | 468.500   |
| 1      | 0   | 1      | 0   | 0    | 0   | GET    | /api/isu/e3a69432-a846-4052-a25d-284396cbc393       | 0.020 | 0.020 | 0.020   | 0.020 | 0.020 | 0.020 | 0.020 | 0.000  | 123.000   | 123.000   | 123.000      | 123.000   |
| 4      | 0   | 4      | 0   | 0    | 0   | GET    | /api/isu/cbe6b2b6-a272-41ed-8cab-911e237d2e69       | 0.036 | 0.044 | 0.080   | 0.020 | 0.044 | 0.044 | 0.044 | 0.020  | 123.000   | 123.000   | 492.000      | 123.000   |
| 16     | 0   | 16     | 0   | 0    | 0   | GET    | /api/isu/b2cbed4e-2a6b-4df3-b3bd-573d6661a499       | 0.032 | 0.220 | 0.292   | 0.018 | 0.032 | 0.220 | 0.220 | 0.053  | 120.000   | 120.000   | 1920.000     | 120.000   |
| 2      | 0   | 2      | 0   | 0    | 0   | GET    | /api/isu/ef79a231-0e5a-4f36-90d1-ecbc6e11495b/graph | 0.012 | 0.024 | 0.036   | 0.018 | 0.024 | 0.024 | 0.024 | 0.006  | 270.000   | 586.000   | 856.000      | 428.000   |
| 15     | 0   | 11     | 0   | 4    | 0   | GET    | /api/isu/cbe7919d-9a6b-4d62-a0a7-3ef5399b30f3/graph | 0.000 | 0.144 | 0.264   | 0.018 | 0.060 | 0.144 | 0.144 | 0.037  | 14.000    | 726.000   | 5923.000     | 394.867   |
| 10     | 0   | 10     | 0   | 0    | 0   | GET    | /api/isu/c8cfa13a-916e-4cdd-8c8b-ae320c121fc8/graph | 0.004 | 0.044 | 0.176   | 0.018 | 0.044 | 0.044 | 0.044 | 0.016  | 272.000   | 789.000   | 5453.000     | 545.300   |
| 1      | 0   | 1      | 0   | 0    | 0   | GET    | /api/isu/c3f5bc0e-2acb-4216-a5d5-97e065d0630c       | 0.016 | 0.016 | 0.016   | 0.016 | 0.016 | 0.016 | 0.016 | 0.000  | 123.000   | 123.000   | 123.000      | 123.000   |
| 1      | 0   | 1      | 0   | 0    | 0   | GET    | /api/isu/c3799969-8647-4997-b581-583dfdd3112e       | 0.016 | 0.016 | 0.016   | 0.016 | 0.016 | 0.016 | 0.016 | 0.000  | 120.000   | 120.000   | 120.000      | 120.000   |
| 8      | 0   | 8      | 0   | 0    | 0   | GET    | /api/isu/a6a3fa2c-d422-4ac1-af23-912473c63a20/graph | 0.000 | 0.040 | 0.124   | 0.015 | 0.040 | 0.040 | 0.040 | 0.013  | 270.000   | 608.000   | 4039.000     | 504.875   |
| 7      | 0   | 7      | 0   | 0    | 0   | GET    | /api/isu/f018e0de-7b84-49c6-a2f9-d9c14e5bca5b/graph | 0.004 | 0.056 | 0.108   | 0.015 | 0.056 | 0.056 | 0.056 | 0.018  | 383.000   | 588.000   | 3250.000     | 464.286   |
| 12     | 0   | 12     | 0   | 0    | 0   | GET    | /api/isu/d9b97fe7-fa0b-40e0-854e-97c8e799cd4c/graph | 0.004 | 0.064 | 0.180   | 0.015 | 0.032 | 0.064 | 0.064 | 0.018  | 266.000   | 727.000   | 6221.000     | 518.417   |
| 33     | 0   | 29     | 0   | 4    | 0   | GET    | /api/isu/ab0568ed-1b7d-4ef8-85ad-84e97be55952/graph | 0.004 | 0.252 | 0.472   | 0.014 | 0.020 | 0.044 | 0.252 | 0.043  | 14.000    | 891.000   | 15643.000    | 474.030   |
| 17     | 0   | 17     | 0   | 0    | 0   | GET    | /api/isu/f14d40b6-9225-4d55-962d-aa5383a53b41/graph | 0.036 | 0.132 | 0.240   | 0.014 | 0.036 | 0.132 | 0.132 | 0.031  | 270.000   | 930.000   | 9077.000     | 533.941   |
| 4      | 0   | 4      | 0   | 0    | 0   | GET    | /api/isu/a496c6b0-92c1-4f30-8508-a7943d12bb26       | 0.004 | 0.040 | 0.056   | 0.014 | 0.040 | 0.040 | 0.040 | 0.016  | 129.000   | 129.000   | 516.000      | 129.000   |
| 2      | 0   | 2      | 0   | 0    | 0   | GET    | /api/isu/e9e275ed-5fc4-4a6d-a47c-408ab5fddfe8       | 0.028 | 0.028 | 0.028   | 0.014 | 0.028 | 0.028 | 0.028 | 0.014  | 129.000   | 129.000   | 258.000      | 129.000   |
| 7      | 0   | 7      | 0   | 0    | 0   | GET    | /api/isu/e7f061a6-52c2-40ba-bf10-5e0b6e284508/graph | 0.004 | 0.032 | 0.096   | 0.014 | 0.032 | 0.032 | 0.032 | 0.010  | 267.000   | 659.000   | 3410.000     | 487.143   |
| 4      | 0   | 4      | 0   | 0    | 0   | GET    | /api/isu/cc0502d7-fc04-4fae-849a-54fa3c796c0c       | 0.040 | 0.040 | 0.052   | 0.013 | 0.040 | 0.040 | 0.040 | 0.016  | 126.000   | 126.000   | 504.000      | 126.000   |
| 9      | 0   | 9      | 0   | 0    | 0   | GET    | /api/isu/ad0b01cf-f88e-4e0c-828b-7011a393bdd0/graph | 0.000 | 0.040 | 0.116   | 0.013 | 0.040 | 0.040 | 0.040 | 0.017  | 270.000   | 817.000   | 4320.000     | 480.000   |
| 23     | 0   | 23     | 0   | 0    | 0   | GET    | /api/isu/c811fd05-7ffa-4d80-b5b1-e8e9f25b7fd6       | 0.000 | 0.236 | 0.288   | 0.013 | 0.008 | 0.012 | 0.236 | 0.048  | 120.000   | 120.000   | 2760.000     | 120.000   |
| 13     | 0   | 13     | 0   | 0    | 0   | GET    | /api/isu/bf453d0b-b0ba-4e38-99db-d6d21f691829       | 0.024 | 0.044 | 0.160   | 0.012 | 0.032 | 0.044 | 0.044 | 0.013  | 123.000   | 123.000   | 1599.000     | 123.000   |
| 4      | 0   | 4      | 0   | 0    | 0   | GET    | /api/isu/b6194073-0805-4e0b-9cba-b9fb039e8722       | 0.000 | 0.028 | 0.048   | 0.012 | 0.028 | 0.028 | 0.028 | 0.012  | 115.000   | 115.000   | 460.000      | 115.000   |
| 4      | 0   | 4      | 0   | 0    | 0   | GET    | /api/isu/cba0b3bc-66a8-4aca-ac87-50de444cac20       | 0.012 | 0.028 | 0.048   | 0.012 | 0.028 | 0.028 | 0.028 | 0.010  | 114.000   | 114.000   | 456.000      | 114.000   |
| 1      | 0   | 1      | 0   | 0    | 0   | GET    | /api/isu/dcca6e39-29b2-459e-97c4-9b937e5adcb1       | 0.012 | 0.012 | 0.012   | 0.012 | 0.012 | 0.012 | 0.012 | 0.000  | 123.000   | 123.000   | 123.000      | 123.000   |
| 10     | 0   | 10     | 0   | 0    | 0   | GET    | /api/isu/de2d2916-599d-4623-ab0c-1774ab05945b/graph | 0.004 | 0.044 | 0.120   | 0.012 | 0.020 | 0.044 | 0.044 | 0.013  | 272.000   | 694.000   | 5315.000     | 531.500   |
| 4      | 0   | 4      | 0   | 0    | 0   | GET    | /api/isu/b7144331-6ab2-44de-9874-1df17e6fc4e5       | 0.000 | 0.032 | 0.048   | 0.012 | 0.032 | 0.032 | 0.032 | 0.012  | 123.000   | 123.000   | 492.000      | 123.000   |
| 7      | 0   | 7      | 0   | 0    | 0   | GET    | /api/isu/e64e6783-cf42-46ef-8715-6d64a3943d9a/graph | 0.020 | 0.036 | 0.084   | 0.012 | 0.036 | 0.036 | 0.036 | 0.012  | 273.000   | 619.000   | 3468.000     | 495.429   |
| 7      | 0   | 7      | 0   | 0    | 0   | GET    | /api/isu/ce5ea9c4-b88a-4cd0-8460-d981bf53390c       | 0.004 | 0.028 | 0.084   | 0.012 | 0.028 | 0.028 | 0.028 | 0.010  | 114.000   | 114.000   | 798.000      | 114.000   |
| 28     | 0   | 28     | 0   | 0    | 0   | GET    | /api/isu/bf0eaea6-24b0-4ff0-a295-0a3f81fe9a7f       | 0.004 | 0.240 | 0.332   | 0.012 | 0.012 | 0.032 | 0.240 | 0.044  | 126.000   | 126.000   | 3528.000     | 126.000   |
| 8      | 0   | 8      | 0   | 0    | 0   | GET    | /api/isu/ef8b4549-1ecd-41e4-83bf-bdd9bbca751a/graph | 0.004 | 0.028 | 0.092   | 0.012 | 0.028 | 0.028 | 0.028 | 0.010  | 381.000   | 538.000   | 3543.000     | 442.875   |
| 7      | 0   | 7      | 0   | 0    | 0   | GET    | /api/isu/e3de1a01-3589-4e95-b99c-8d215a8ac7d6/graph | 0.008 | 0.040 | 0.080   | 0.011 | 0.040 | 0.040 | 0.040 | 0.013  | 377.000   | 674.000   | 3497.000     | 499.571   |
| 6      | 0   | 6      | 0   | 0    | 0   | GET    | /api/isu/a71c4d54-b04d-4af0-85b2-43e09d0cac29/graph | 0.004 | 0.016 | 0.068   | 0.011 | 0.016 | 0.016 | 0.016 | 0.004  | 272.000   | 573.000   | 2708.000     | 451.333   |
| 10     | 0   | 10     | 0   | 0    | 0   | GET    | /api/isu/ff56420d-4bc1-4c73-b6e9-3693c549669d/graph | 0.000 | 0.044 | 0.112   | 0.011 | 0.032 | 0.044 | 0.044 | 0.015  | 270.000   | 755.000   | 5099.000     | 509.900   |
| 7      | 0   | 7      | 0   | 0    | 0   | GET    | /api/isu/e75ec2ca-bc94-494b-99bd-f8ad2842ce8e       | 0.000 | 0.056 | 0.076   | 0.011 | 0.056 | 0.056 | 0.056 | 0.019  | 120.000   | 120.000   | 840.000      | 120.000   |
| 25     | 0   | 25     | 0   | 0    | 0   | GET    | /api/isu/f14d40b6-9225-4d55-962d-aa5383a53b41       | 0.000 | 0.164 | 0.264   | 0.011 | 0.016 | 0.020 | 0.164 | 0.032  | 132.000   | 132.000   | 3300.000     | 132.000   |
| 17     | 0   | 17     | 0   | 0    | 0   | GET    | /api/isu/ffe5296a-abfd-480b-9937-fac08e96bda6       | 0.004 | 0.036 | 0.176   | 0.010 | 0.028 | 0.036 | 0.036 | 0.012  | 117.000   | 117.000   | 1989.000     | 117.000   |
| 14     | 0   | 14     | 0   | 0    | 0   | GET    | /api/isu/b2cbed4e-2a6b-4df3-b3bd-573d6661a499/graph | 0.004 | 0.048 | 0.144   | 0.010 | 0.028 | 0.048 | 0.048 | 0.013  | 265.000   | 705.000   | 6745.000     | 481.786   |
| 7      | 0   | 5      | 0   | 2    | 0   | GET    | /api/isu/c0d31bee-1457-42f3-aafb-28de286ceb42       | 0.012 | 0.028 | 0.072   | 0.010 | 0.028 | 0.028 | 0.028 | 0.010  | 14.000    | 121.000   | 640.000      | 91.429    |
| 4      | 0   | 4      | 0   | 0    | 0   | GET    | /api/isu/e16c4d6a-0b91-457f-bb90-38e2c4492fed       | 0.000 | 0.032 | 0.040   | 0.010 | 0.032 | 0.032 | 0.032 | 0.013  | 123.000   | 123.000   | 492.000      | 123.000   |
| 4      | 0   | 4      | 0   | 0    | 0   | GET    | /api/isu/bafef71d-de4b-47ca-b1d0-f217230c73fe       | 0.000 | 0.020 | 0.040   | 0.010 | 0.020 | 0.020 | 0.020 | 0.007  | 123.000   | 123.000   | 492.000      | 123.000   |
| 2      | 0   | 2      | 0   | 0    | 0   | GET    | /api/isu/a496c6b0-92c1-4f30-8508-a7943d12bb26/graph | 0.008 | 0.012 | 0.020   | 0.010 | 0.012 | 0.012 | 0.012 | 0.002  | 268.000   | 437.000   | 705.000      | 352.500   |
| 2      | 0   | 2      | 0   | 0    | 0   | GET    | /api/isu/c1e65f1e-3f64-487a-8baf-840630a986fa/graph | 0.008 | 0.012 | 0.020   | 0.010 | 0.012 | 0.012 | 0.012 | 0.002  | 502.000   | 531.000   | 1033.000     | 516.500   |
| 2      | 0   | 2      | 0   | 0    | 0   | GET    | /api/isu/ae64fe4d-9d62-40f9-87a4-417562a56843/graph | 0.004 | 0.016 | 0.020   | 0.010 | 0.016 | 0.016 | 0.016 | 0.006  | 677.000   | 699.000   | 1376.000     | 688.000   |
| 4      | 0   | 4      | 0   | 0    | 0   | GET    | /api/isu/d6e9f1ce-b419-4eb2-bd02-5abb319f8189       | 0.000 | 0.020 | 0.040   | 0.010 | 0.020 | 0.020 | 0.020 | 0.008  | 120.000   | 120.000   | 480.000      | 120.000   |
| 4      | 0   | 4      | 0   | 0    | 0   | GET    | /api/isu/d6b75ac2-7acc-40db-8717-d1fe5a19bd67       | 0.004 | 0.036 | 0.040   | 0.010 | 0.036 | 0.036 | 0.036 | 0.015  | 117.000   | 117.000   | 468.000      | 117.000   |
| 9      | 0   | 9      | 0   | 0    | 0   | GET    | /api/isu/b1bbdfe4-7ce2-48da-a0fb-dce05beabbf3/graph | 0.028 | 0.028 | 0.088   | 0.010 | 0.028 | 0.028 | 0.028 | 0.011  | 266.000   | 594.000   | 3901.000     | 433.444   |
| 7      | 0   | 7      | 0   | 0    | 0   | GET    | /api/isu/ff611d43-662b-43ae-a186-6674d1487819/graph | 0.020 | 0.024 | 0.068   | 0.010 | 0.024 | 0.024 | 0.024 | 0.009  | 378.000   | 758.000   | 3308.000     | 472.571   |
| 7      | 0   | 7      | 0   | 0    | 0   | GET    | /api/isu/ced6fedb-df2b-43bd-b21b-706a618492d3/graph | 0.008 | 0.028 | 0.068   | 0.010 | 0.028 | 0.028 | 0.028 | 0.011  | 266.000   | 731.000   | 3202.000     | 457.429   |
| 5      | 0   | 5      | 0   | 0    | 0   | GET    | /api/isu/af72cf22-6100-4907-9238-7fe8138a5d58/graph | 0.000 | 0.028 | 0.048   | 0.010 | 0.028 | 0.028 | 0.028 | 0.010  | 431.000   | 591.000   | 2620.000     | 524.000   |
| 16     | 0   | 16     | 0   | 0    | 0   | GET    | /api/isu/c0afa1da-eb7d-47cf-a177-4629774aca42       | 0.008 | 0.036 | 0.152   | 0.009 | 0.024 | 0.036 | 0.036 | 0.010  | 129.000   | 129.000   | 2064.000     | 129.000   |
| 9      | 0   | 9      | 0   | 0    | 0   | GET    | /api/isu/ffe5296a-abfd-480b-9937-fac08e96bda6/graph | 0.000 | 0.032 | 0.084   | 0.009 | 0.032 | 0.032 | 0.032 | 0.011  | 272.000   | 548.000   | 4043.000     | 449.222   |
| 10     | 0   | 10     | 0   | 0    | 0   | GET    | /api/isu/c8cfa13a-916e-4cdd-8c8b-ae320c121fc8       | 0.060 | 0.060 | 0.092   | 0.009 | 0.012 | 0.060 | 0.060 | 0.017  | 123.000   | 123.000   | 1230.000     | 123.000   |
| 7      | 0   | 7      | 0   | 0    | 0   | GET    | /api/isu/e44bc6ae-c821-44cb-a062-21028ef2914e/graph | 0.004 | 0.028 | 0.064   | 0.009 | 0.028 | 0.028 | 0.028 | 0.010  | 271.000   | 850.000   | 4326.000     | 618.000   |
| 7      | 0   | 7      | 0   | 0    | 0   | GET    | /api/isu/a5bda50b-c91f-4fed-9a37-a0e2d52bdc33/graph | 0.000 | 0.028 | 0.064   | 0.009 | 0.028 | 0.028 | 0.028 | 0.009  | 267.000   | 661.000   | 3452.000     | 493.143   |
| 4      | 0   | 4      | 0   | 0    | 0   | GET    | /api/isu/a85b025d-46f1-4adb-9305-a9297ec60b1c       | 0.000 | 0.024 | 0.036   | 0.009 | 0.024 | 0.024 | 0.024 | 0.009  | 117.000   | 117.000   | 468.000      | 117.000   |
| 4      | 0   | 4      | 0   | 0    | 0   | GET    | /api/isu/b0a1fed5-8d31-4298-b0d5-037ae7c0ce91       | 0.000 | 0.020 | 0.036   | 0.009 | 0.020 | 0.020 | 0.020 | 0.009  | 126.000   | 126.000   | 504.000      | 126.000   |
| 4      | 0   | 4      | 0   | 0    | 0   | GET    | /api/isu/b6e64271-ddd6-496e-abe3-be42f8b6ec87       | 0.004 | 0.020 | 0.036   | 0.009 | 0.020 | 0.020 | 0.020 | 0.007  | 121.000   | 121.000   | 484.000      | 121.000   |
| 5      | 0   | 5      | 0   | 0    | 0   | GET    | /api/isu/c06b56d9-745c-4e2b-a99d-ccdeea539a67/graph | 0.004 | 0.024 | 0.044   | 0.009 | 0.024 | 0.024 | 0.024 | 0.008  | 264.000   | 780.000   | 2376.000     | 475.200   |
| 6      | 0   | 6      | 0   | 0    | 0   | GET    | /api/isu/ce5ea9c4-b88a-4cd0-8460-d981bf53390c/graph | 0.004 | 0.036 | 0.052   | 0.009 | 0.036 | 0.036 | 0.036 | 0.013  | 269.000   | 591.000   | 2547.000     | 424.500   |
| 7      | 0   | 7      | 0   | 0    | 0   | GET    | /api/isu/df0ac9d2-7320-4b98-bb28-c15ccde310c2       | 0.004 | 0.040 | 0.056   | 0.008 | 0.040 | 0.040 | 0.040 | 0.013  | 126.000   | 126.000   | 882.000      | 126.000   |
| 12     | 0   | 12     | 0   | 0    | 0   | GET    | /api/isu/d84963d0-e283-4163-b3b1-684b344945e2/graph | 0.004 | 0.028 | 0.096   | 0.008 | 0.020 | 0.028 | 0.028 | 0.008  | 265.000   | 708.000   | 6769.000     | 564.083   |
| 1      | 0   | 1      | 0   | 0    | 0   | GET    | /api/isu/cfa0e15a-36a9-4484-972a-b9910db762d4       | 0.008 | 0.008 | 0.008   | 0.008 | 0.008 | 0.008 | 0.008 | 0.000  | 126.000   | 126.000   | 126.000      | 126.000   |
| 1      | 0   | 1      | 0   | 0    | 0   | GET    | /api/isu/f2270111-8379-4906-93fa-c46e7f03a4de       | 0.008 | 0.008 | 0.008   | 0.008 | 0.008 | 0.008 | 0.008 | 0.000  | 120.000   | 120.000   | 120.000      | 120.000   |
| 5      | 0   | 5      | 0   | 0    | 0   | GET    | /api/isu/dd06700a-fd9d-4085-8b96-24cbaf91d69c/graph | 0.004 | 0.016 | 0.040   | 0.008 | 0.016 | 0.016 | 0.016 | 0.005  | 426.000   | 478.000   | 2259.000     | 451.800   |
| 4      | 0   | 4      | 0   | 0    | 0   | GET    | /api/isu/b554fb48-dd46-4e79-ac86-12c8625512b3       | 0.000 | 0.032 | 0.032   | 0.008 | 0.032 | 0.032 | 0.032 | 0.014  | 120.000   | 120.000   | 480.000      | 120.000   |
| 4      | 0   | 4      | 0   | 0    | 0   | GET    | /api/isu/af72cf22-6100-4907-9238-7fe8138a5d58       | 0.012 | 0.016 | 0.032   | 0.008 | 0.016 | 0.016 | 0.016 | 0.006  | 126.000   | 126.000   | 504.000      | 126.000   |
| 4      | 0   | 4      | 0   | 0    | 0   | GET    | /api/isu/bca8f258-f680-48b9-99eb-ba01110988a5       | 0.008 | 0.020 | 0.032   | 0.008 | 0.020 | 0.020 | 0.020 | 0.007  | 117.000   | 117.000   | 468.000      | 117.000   |
| 1      | 0   | 1      | 0   | 0    | 0   | GET    | /api/isu/d9edb10d-7641-4412-a3b8-ead38a9b523d       | 0.008 | 0.008 | 0.008   | 0.008 | 0.008 | 0.008 | 0.008 | 0.000  | 120.000   | 120.000   | 120.000      | 120.000   |
| 2      | 0   | 2      | 0   | 0    | 0   | GET    | /api/isu/b7144331-6ab2-44de-9874-1df17e6fc4e5/graph | 0.004 | 0.012 | 0.016   | 0.008 | 0.012 | 0.012 | 0.012 | 0.004  | 397.000   | 514.000   | 911.000      | 455.500   |
| 4      | 0   | 4      | 0   | 0    | 0   | GET    | /api/isu/ef79a231-0e5a-4f36-90d1-ecbc6e11495b       | 0.004 | 0.012 | 0.032   | 0.008 | 0.012 | 0.012 | 0.012 | 0.004  | 120.000   | 120.000   | 480.000      | 120.000   |
| 2      | 0   | 2      | 0   | 0    | 0   | GET    | /api/isu/ae43b2af-4024-4e06-a2b4-09f8af1a3ecf/graph | 0.004 | 0.012 | 0.016   | 0.008 | 0.012 | 0.012 | 0.012 | 0.004  | 267.000   | 419.000   | 686.000      | 343.000   |
| 1      | 0   | 1      | 0   | 0    | 0   | GET    | /api/isu/e1f37fb9-c935-499b-9d5a-17e5d180a06c       | 0.008 | 0.008 | 0.008   | 0.008 | 0.008 | 0.008 | 0.008 | 0.000  | 120.000   | 120.000   | 120.000      | 120.000   |
| 1      | 0   | 1      | 0   | 0    | 0   | GET    | /api/isu/cc087ff5-c32d-4e3f-bca3-86246ee27b15       | 0.008 | 0.008 | 0.008   | 0.008 | 0.008 | 0.008 | 0.008 | 0.000  | 117.000   | 117.000   | 117.000      | 117.000   |
| 1      | 0   | 1      | 0   | 0    | 0   | GET    | /api/isu/c50d1618-5532-4da7-ba78-1bef872c2ddf       | 0.008 | 0.008 | 0.008   | 0.008 | 0.008 | 0.008 | 0.008 | 0.000  | 123.000   | 123.000   | 123.000      | 123.000   |
| 1      | 0   | 1      | 0   | 0    | 0   | GET    | /api/isu/ec10cc9f-10f4-4e3d-bd60-10b3a360d688       | 0.008 | 0.008 | 0.008   | 0.008 | 0.008 | 0.008 | 0.008 | 0.000  | 114.000   | 114.000   | 114.000      | 114.000   |
| 7      | 0   | 7      | 0   | 0    | 0   | GET    | /api/isu/cba0b3bc-66a8-4aca-ac87-50de444cac20/graph | 0.004 | 0.012 | 0.056   | 0.008 | 0.012 | 0.012 | 0.012 | 0.005  | 386.000   | 565.000   | 3310.000     | 472.857   |
| 13     | 0   | 13     | 0   | 0    | 0   | GET    | /api/isu/c811fd05-7ffa-4d80-b5b1-e8e9f25b7fd6/graph | 0.004 | 0.028 | 0.100   | 0.008 | 0.024 | 0.028 | 0.028 | 0.009  | 270.000   | 845.000   | 6935.000     | 533.462   |
| 10     | 0   | 10     | 0   | 0    | 0   | GET    | /api/isu/fcf8f522-a061-43fc-9e9a-618459e62d5a       | 0.004 | 0.016 | 0.076   | 0.008 | 0.012 | 0.016 | 0.016 | 0.006  | 123.000   | 123.000   | 1230.000     | 123.000   |
| 10     | 0   | 10     | 0   | 0    | 0   | GET    | /api/isu/fec817a0-c2fe-4a84-94b2-3ae02bf64fd0/graph | 0.008 | 0.032 | 0.076   | 0.008 | 0.020 | 0.032 | 0.032 | 0.010  | 272.000   | 771.000   | 4684.000     | 468.400   |
| 27437  | 0   | 27385  | 0   | 52   | 0   | GET    | /api/trend                                          | 0.000 | 0.264 | 207.516 | 0.008 | 0.020 | 0.032 | 0.068 | 0.017  | 0.000     | 3797.000  | 59575302.000 | 2171.349  |
| 111    | 0   | 103    | 0   | 8    | 0   | GET    | /api/isu/be4783c6-a52e-4a69-b6a0-9ca0759bebe5/graph | 0.004 | 0.056 | 0.800   | 0.007 | 0.020 | 0.032 | 0.052 | 0.011  | 14.000    | 890.000   | 61437.000    | 553.486   |
| 10     | 0   | 10     | 0   | 0    | 0   | GET    | /api/isu/f1ea9e6a-c9d2-4b54-b4ac-afba8f4c00d7       | 0.004 | 0.040 | 0.072   | 0.007 | 0.016 | 0.040 | 0.040 | 0.012  | 123.000   | 123.000   | 1230.000     | 123.000   |
| 4      | 0   | 4      | 0   | 0    | 0   | GET    | /api/isu/d45be771-03c8-4cd4-be60-2ef2497c4319       | 0.004 | 0.012 | 0.028   | 0.007 | 0.012 | 0.012 | 0.012 | 0.005  | 120.000   | 120.000   | 480.000      | 120.000   |
| 4      | 0   | 4      | 0   | 0    | 0   | GET    | /api/isu/b48b063e-b177-4a58-9f82-22acc00f9fd3       | 0.008 | 0.012 | 0.028   | 0.007 | 0.012 | 0.012 | 0.012 | 0.004  | 120.000   | 120.000   | 480.000      | 120.000   |
| 4      | 0   | 4      | 0   | 0    | 0   | GET    | /api/isu/c2fe5606-d140-4048-b523-1feb6cd8ee40       | 0.004 | 0.012 | 0.028   | 0.007 | 0.012 | 0.012 | 0.012 | 0.003  | 120.000   | 120.000   | 480.000      | 120.000   |
| 11     | 0   | 11     | 0   | 0    | 0   | GET    | /api/isu/bf453d0b-b0ba-4e38-99db-d6d21f691829/graph | 0.004 | 0.020 | 0.076   | 0.007 | 0.020 | 0.020 | 0.020 | 0.007  | 272.000   | 599.000   | 5378.000     | 488.909   |
| 7      | 0   | 7      | 0   | 0    | 0   | GET    | /api/isu/c1e72d6a-ff32-4411-9a43-de492c682a2c       | 0.016 | 0.020 | 0.048   | 0.007 | 0.020 | 0.020 | 0.020 | 0.008  | 123.000   | 123.000   | 861.000      | 123.000   |
| 7      | 0   | 7      | 0   | 0    | 0   | GET    | /api/isu/a721ed8f-2bfe-4027-9bdc-b60d414a550e       | 0.004 | 0.036 | 0.048   | 0.007 | 0.036 | 0.036 | 0.036 | 0.012  | 126.000   | 126.000   | 882.000      | 126.000   |
| 7      | 0   | 7      | 0   | 0    | 0   | GET    | /api/isu/a6a3fa2c-d422-4ac1-af23-912473c63a20       | 0.004 | 0.028 | 0.048   | 0.007 | 0.028 | 0.028 | 0.028 | 0.009  | 114.000   | 114.000   | 798.000      | 114.000   |
| 10     | 0   | 10     | 0   | 0    | 0   | GET    | /api/isu/f8b43154-4f20-420e-be0b-af4bac270f04/graph | 0.004 | 0.020 | 0.068   | 0.007 | 0.020 | 0.020 | 0.020 | 0.007  | 267.000   | 662.000   | 4559.000     | 455.900   |
| 19     | 0   | 19     | 0   | 0    | 0   | GET    | /api/isu/e2d68bf5-109c-437f-a736-6d4f9e1e9840       | 0.008 | 0.020 | 0.128   | 0.007 | 0.016 | 0.020 | 0.020 | 0.006  | 120.000   | 120.000   | 2280.000     | 120.000   |
| 3      | 0   | 3      | 0   | 0    | 0   | GET    | /api/isu/c2fe5606-d140-4048-b523-1feb6cd8ee40/graph | 0.004 | 0.008 | 0.020   | 0.007 | 0.008 | 0.008 | 0.008 | 0.002  | 433.000   | 574.000   | 1499.000     | 499.667   |
| 3      | 0   | 3      | 0   | 0    | 0   | GET    | /api/isu/f3b87d93-fd89-45a2-ba65-d86536419171       | 0.000 | 0.020 | 0.020   | 0.007 | 0.020 | 0.020 | 0.020 | 0.009  | 111.000   | 111.000   | 333.000      | 111.000   |
| 3      | 0   | 3      | 0   | 0    | 0   | GET    | /api/isu/cc0502d7-fc04-4fae-849a-54fa3c796c0c/graph | 0.016 | 0.016 | 0.020   | 0.007 | 0.016 | 0.016 | 0.016 | 0.007  | 380.000   | 669.000   | 1491.000     | 497.000   |
| 9640   | 0   | 9409   | 0   | 231  | 0   | GET    | /api/condition/[a-z0-9-]+                           | 0.000 | 0.264 | 64.011  | 0.007 | 0.016 | 0.024 | 0.056 | 0.015  | 3.000     | 1016.000  | 2859824.000  | 296.662   |
| 13     | 0   | 13     | 0   | 0    | 0   | GET    | /api/isu/d84963d0-e283-4163-b3b1-684b344945e2       | 0.008 | 0.028 | 0.084   | 0.006 | 0.020 | 0.028 | 0.028 | 0.009  | 132.000   | 132.000   | 1716.000     | 132.000   |
| 5      | 0   | 5      | 0   | 0    | 0   | GET    | /api/isu/da48ee20-b893-4128-9b2c-5efba8b17404/graph | 0.004 | 0.012 | 0.032   | 0.006 | 0.012 | 0.012 | 0.012 | 0.003  | 432.000   | 657.000   | 2509.000     | 501.800   |
| 12     | 0   | 10     | 0   | 2    | 0   | GET    | /api/isu/c2c7e790-d1ce-43fd-9e6d-203016eb9b2c       | 0.004 | 0.024 | 0.076   | 0.006 | 0.016 | 0.024 | 0.024 | 0.007  | 14.000    | 117.000   | 1205.000     | 100.417   |
| 7      | 0   | 7      | 0   | 0    | 0   | GET    | /api/isu/e44bc6ae-c821-44cb-a062-21028ef2914e       | 0.004 | 0.028 | 0.044   | 0.006 | 0.028 | 0.028 | 0.028 | 0.009  | 123.000   | 123.000   | 861.000      | 123.000   |
| 7      | 0   | 7      | 0   | 0    | 0   | GET    | /api/isu/a5f9b01e-32f2-4ef7-8534-fee3bc68dfa4       | 0.000 | 0.028 | 0.044   | 0.006 | 0.028 | 0.028 | 0.028 | 0.009  | 111.000   | 111.000   | 777.000      | 111.000   |
| 16     | 0   | 16     | 0   | 0    | 0   | GET    | /api/isu/dfedd5f9-5cb1-4aef-a437-e2888a66f0ec/graph | 0.004 | 0.020 | 0.100   | 0.006 | 0.016 | 0.020 | 0.020 | 0.006  | 271.000   | 968.000   | 8399.000     | 524.938   |
| 9      | 0   | 9      | 0   | 0    | 0   | GET    | /api/isu/fcf8f522-a061-43fc-9e9a-618459e62d5a/graph | 0.000 | 0.020 | 0.056   | 0.006 | 0.020 | 0.020 | 0.020 | 0.008  | 264.000   | 600.000   | 4175.000     | 463.889   |
| 11     | 0   | 11     | 0   | 0    | 0   | GET    | /api/isu/d6418324-2e41-48f2-a3dd-0e3718822e4f/graph | 0.004 | 0.028 | 0.068   | 0.006 | 0.012 | 0.028 | 0.028 | 0.008  | 270.000   | 600.000   | 4990.000     | 453.636   |
| 10     | 0   | 10     | 0   | 0    | 0   | GET    | /api/isu/ad0b01cf-f88e-4e0c-828b-7011a393bdd0       | 0.000 | 0.020 | 0.060   | 0.006 | 0.012 | 0.020 | 0.020 | 0.006  | 120.000   | 120.000   | 1200.000     | 120.000   |
| 4      | 0   | 4      | 0   | 0    | 0   | GET    | /api/isu/d7fec6f2-5c71-4cbf-9687-6e9a540a224c       | 0.000 | 0.016 | 0.024   | 0.006 | 0.016 | 0.016 | 0.016 | 0.006  | 117.000   | 117.000   | 468.000      | 117.000   |
| 2      | 0   | 2      | 0   | 0    | 0   | GET    | /api/isu/fa823b3b-c3d6-4278-b6de-e718bc4aef33/graph | 0.012 | 0.012 | 0.012   | 0.006 | 0.012 | 0.012 | 0.012 | 0.006  | 504.000   | 582.000   | 1086.000     | 543.000   |
| 4      | 0   | 4      | 0   | 0    | 0   | GET    | /api/isu/e3de1a01-3589-4e95-b99c-8d215a8ac7d6       | 0.020 | 0.020 | 0.024   | 0.006 | 0.020 | 0.020 | 0.020 | 0.008  | 114.000   | 114.000   | 456.000      | 114.000   |
| 10     | 0   | 10     | 0   | 0    | 0   | GET    | /api/isu/e75ec2ca-bc94-494b-99bd-f8ad2842ce8e/graph | 0.004 | 0.028 | 0.060   | 0.006 | 0.008 | 0.028 | 0.028 | 0.008  | 267.000   | 624.000   | 4920.000     | 492.000   |
| 16     | 0   | 16     | 0   | 0    | 0   | GET    | /api/isu/cfeda9fe-1db1-484b-8d7b-c3c50bfa49b0/graph | 0.024 | 0.024 | 0.096   | 0.006 | 0.016 | 0.024 | 0.024 | 0.007  | 264.000   | 766.000   | 7454.000     | 465.875   |
| 25     | 0   | 25     | 0   | 0    | 0   | GET    | /api/isu/dfedd5f9-5cb1-4aef-a437-e2888a66f0ec       | 0.000 | 0.032 | 0.148   | 0.006 | 0.016 | 0.028 | 0.032 | 0.008  | 129.000   | 129.000   | 3225.000     | 129.000   |
| 15     | 0   | 15     | 0   | 0    | 0   | GET    | /api/isu/c460be78-6bd2-4dd9-80aa-e923756fc74c/graph | 0.000 | 0.044 | 0.088   | 0.006 | 0.008 | 0.044 | 0.044 | 0.011  | 265.000   | 796.000   | 8190.000     | 546.000   |
| 9      | 0   | 9      | 0   | 0    | 0   | GET    | /api/isu/c8cdf008-66ca-40b3-a71a-708f8cec84f0/graph | 0.004 | 0.016 | 0.052   | 0.006 | 0.016 | 0.016 | 0.016 | 0.004  | 272.000   | 595.000   | 4047.000     | 449.667   |
| 122    | 0   | 118    | 0   | 4    | 0   | GET    | /api/isu/be4783c6-a52e-4a69-b6a0-9ca0759bebe5       | 0.004 | 0.144 | 0.704   | 0.006 | 0.012 | 0.016 | 0.044 | 0.014  | 14.000    | 113.000   | 13404.000    | 109.869   |
| 8      | 0   | 8      | 0   | 0    | 0   | GET    | /api/isu/c06b56d9-745c-4e2b-a99d-ccdeea539a67       | 0.020 | 0.020 | 0.044   | 0.005 | 0.020 | 0.020 | 0.020 | 0.007  | 123.000   | 123.000   | 984.000      | 123.000   |
| 49     | 0   | 49     | 0   | 0    | 0   | GET    | /api/isu/bddd1d0a-0e99-42ae-8086-32f3c94c1848       | 0.004 | 0.020 | 0.268   | 0.005 | 0.016 | 0.016 | 0.020 | 0.006  | 122.000   | 122.000   | 5978.000     | 122.000   |
| 37     | 0   | 37     | 0   | 0    | 0   | GET    | /api/isu/ab0568ed-1b7d-4ef8-85ad-84e97be55952       | 0.004 | 0.060 | 0.200   | 0.005 | 0.012 | 0.020 | 0.060 | 0.010  | 125.000   | 125.000   | 4625.000     | 125.000   |
| 6504   | 0   | 6231   | 0   | 273  | 0   | GET    | /api/isu/[0-9]+                                     | 0.004 | 0.240 | 35.136  | 0.005 | 0.012 | 0.020 | 0.044 | 0.011  | 14.000    | 1039.000  | 1780135.000  | 273.698   |
| 26     | 0   | 26     | 0   | 0    | 0   | GET    | /api/isu/dc67d485-bbd4-440e-b50d-4a5d017e3aa3/graph | 0.004 | 0.024 | 0.140   | 0.005 | 0.016 | 0.024 | 0.024 | 0.007  | 271.000   | 880.000   | 14825.000    | 570.192   |
| 3      | 0   | 3      | 0   | 0    | 0   | GET    | /api/isu/bafef71d-de4b-47ca-b1d0-f217230c73fe/graph | 0.004 | 0.008 | 0.016   | 0.005 | 0.008 | 0.008 | 0.008 | 0.002  | 380.000   | 446.000   | 1267.000     | 422.333   |
| 24     | 0   | 24     | 0   | 0    | 0   | GET    | /api/isu/c0d2bd6d-35db-419e-8706-43be06d1b5b7/graph | 0.004 | 0.024 | 0.128   | 0.005 | 0.012 | 0.012 | 0.024 | 0.005  | 266.000   | 779.000   | 11656.000    | 485.667   |
| 16     | 0   | 16     | 0   | 0    | 0   | GET    | /api/isu/fec817a0-c2fe-4a84-94b2-3ae02bf64fd0       | 0.000 | 0.028 | 0.084   | 0.005 | 0.016 | 0.028 | 0.028 | 0.007  | 120.000   | 120.000   | 1920.000     | 120.000   |
| 16     | 0   | 16     | 0   | 0    | 0   | GET    | /api/isu/c460be78-6bd2-4dd9-80aa-e923756fc74c       | 0.000 | 0.020 | 0.084   | 0.005 | 0.012 | 0.020 | 0.020 | 0.006  | 119.000   | 119.000   | 1904.000     | 119.000   |
| 40     | 0   | 40     | 0   | 0    | 0   | GET    | /api/isu/bddd1d0a-0e99-42ae-8086-32f3c94c1848/graph | 0.004 | 0.072 | 0.208   | 0.005 | 0.008 | 0.016 | 0.072 | 0.012  | 271.000   | 825.000   | 20243.000    | 506.075   |
| 166558 | 0   | 165479 | 0   | 1079 | 0   | POST   | /api/condition/[a-z0-9-]+                           | 0.000 | 0.367 | 861.247 | 0.005 | 0.012 | 0.020 | 0.048 | 0.015  | 0.000     | 14.000    | 98.000       | 0.001     |
| 7      | 0   | 7      | 0   | 0    | 0   | GET    | /api/isu/ff611d43-662b-43ae-a186-6674d1487819       | 0.008 | 0.020 | 0.036   | 0.005 | 0.020 | 0.020 | 0.020 | 0.007  | 126.000   | 126.000   | 882.000      | 126.000   |
| 11     | 0   | 11     | 0   | 0    | 0   | GET    | /api/isu/b7a0534f-23c3-4d31-bb69-efe0411566dd/graph | 0.020 | 0.020 | 0.056   | 0.005 | 0.012 | 0.020 | 0.020 | 0.006  | 270.000   | 691.000   | 5468.000     | 497.091   |
| 82     | 0   | 80     | 0   | 2    | 0   | GET    | /api/isu/e3cd7e85-7c08-4375-a2dd-64a7f3633b4c       | 0.000 | 0.144 | 0.416   | 0.005 | 0.008 | 0.012 | 0.144 | 0.017  | 14.000    | 119.000   | 9555.000     | 116.524   |
| 8      | 0   | 8      | 0   | 0    | 0   | GET    | /api/isu/b148cf25-07c4-4496-9759-528b93eed11a/graph | 0.000 | 0.016 | 0.040   | 0.005 | 0.016 | 0.016 | 0.016 | 0.006  | 383.000   | 571.000   | 4158.000     | 519.750   |
| 4      | 0   | 4      | 0   | 0    | 0   | GET    | /api/isu/d675cf5e-960b-4893-8a97-536ac26709e4/graph | 0.000 | 0.012 | 0.020   | 0.005 | 0.012 | 0.012 | 0.012 | 0.004  | 375.000   | 576.000   | 1970.000     | 492.500   |
| 5534   | 0   | 5501   | 0   | 33   | 0   | GET    | /api/isu                                            | 0.004 | 0.264 | 27.656  | 0.005 | 0.012 | 0.020 | 0.044 | 0.013  | 3.000     | 1228.000  | 4066777.000  | 734.871   |
| 19     | 0   | 19     | 0   | 0    | 0   | GET    | /api/isu/cfeda9fe-1db1-484b-8d7b-c3c50bfa49b0       | 0.004 | 0.020 | 0.092   | 0.005 | 0.016 | 0.020 | 0.020 | 0.006  | 126.000   | 126.000   | 2394.000     | 126.000   |
| 5      | 0   | 5      | 0   | 0    | 0   | GET    | /api/isu/cdc10b48-0dc2-49a6-ad80-37593c12e607/graph | 0.000 | 0.024 | 0.024   | 0.005 | 0.024 | 0.024 | 0.024 | 0.010  | 267.000   | 589.000   | 2200.000     | 440.000   |
| 10     | 0   | 10     | 0   | 0    | 0   | GET    | /api/isu/f0bbb733-a3a5-4864-b484-d945f5fb19ec/graph | 0.004 | 0.012 | 0.048   | 0.005 | 0.012 | 0.012 | 0.012 | 0.004  | 265.000   | 730.000   | 5460.000     | 546.000   |
| 56     | 0   | 56     | 0   | 0    | 0   | GET    | /api/isu/e3cd7e85-7c08-4375-a2dd-64a7f3633b4c/graph | 0.004 | 0.036 | 0.268   | 0.005 | 0.012 | 0.016 | 0.036 | 0.007  | 271.000   | 983.000   | 29979.000    | 535.339   |
| 26     | 0   | 26     | 0   | 0    | 0   | GET    | /api/isu/ad282c41-eba3-434a-bbd6-24e4df416f32/graph | 0.000 | 0.028 | 0.124   | 0.005 | 0.012 | 0.016 | 0.028 | 0.006  | 271.000   | 974.000   | 14316.000    | 550.615   |
| 41     | 0   | 37     | 0   | 4    | 0   | GET    | /api/isu/d946b754-c2a1-43ca-90d5-ac17ee2de47f/graph | 0.000 | 0.024 | 0.192   | 0.005 | 0.012 | 0.012 | 0.024 | 0.006  | 14.000    | 781.000   | 18249.000    | 445.098   |
| 1397   | 0   | 1125   | 0   | 272  | 0   | POST   | /api/auth                                           | 0.004 | 0.068 | 6.504   | 0.005 | 0.012 | 0.020 | 0.044 | 0.008  | 0.000     | 19.000    | 3128.000     | 2.239     |
| 7      | 0   | 7      | 0   | 0    | 0   | GET    | /api/isu/ef8b4549-1ecd-41e4-83bf-bdd9bbca751a       | 0.000 | 0.020 | 0.032   | 0.005 | 0.020 | 0.020 | 0.020 | 0.007  | 124.000   | 124.000   | 868.000      | 124.000   |
| 7      | 0   | 7      | 0   | 0    | 0   | GET    | /api/isu/a5bda50b-c91f-4fed-9a37-a0e2d52bdc33       | 0.000 | 0.016 | 0.032   | 0.005 | 0.016 | 0.016 | 0.016 | 0.005  | 123.000   | 123.000   | 861.000      | 123.000   |
| 14     | 0   | 14     | 0   | 0    | 0   | GET    | /api/isu/c0afa1da-eb7d-47cf-a177-4629774aca42/graph | 0.000 | 0.020 | 0.064   | 0.005 | 0.020 | 0.020 | 0.020 | 0.007  | 272.000   | 622.000   | 6674.000     | 476.714   |
| 30     | 0   | 30     | 0   | 0    | 0   | GET    | /api/isu/dbc07c59-4258-43f7-8c9d-902616a68bb5/graph | 0.004 | 0.020 | 0.136   | 0.005 | 0.012 | 0.020 | 0.020 | 0.006  | 271.000   | 800.000   | 14560.000    | 485.333   |
| 8      | 0   | 8      | 0   | 0    | 0   | GET    | /api/isu/a721ed8f-2bfe-4027-9bdc-b60d414a550e/graph | 0.004 | 0.016 | 0.036   | 0.005 | 0.016 | 0.016 | 0.016 | 0.005  | 415.000   | 602.000   | 3758.000     | 469.750   |
| 19     | 0   | 19     | 0   | 0    | 0   | GET    | /api/isu/d6418324-2e41-48f2-a3dd-0e3718822e4f       | 0.000 | 0.016 | 0.084   | 0.004 | 0.012 | 0.016 | 0.016 | 0.005  | 135.000   | 135.000   | 2565.000     | 135.000   |
| 19     | 0   | 19     | 0   | 0    | 0   | GET    | /api/isu/bf0eaea6-24b0-4ff0-a295-0a3f81fe9a7f/graph | 0.008 | 0.016 | 0.084   | 0.004 | 0.016 | 0.016 | 0.016 | 0.005  | 270.000   | 783.000   | 9159.000     | 482.053   |
| 10     | 0   | 10     | 0   | 0    | 0   | GET    | /api/isu/de2d2916-599d-4623-ab0c-1774ab05945b       | 0.008 | 0.012 | 0.044   | 0.004 | 0.008 | 0.012 | 0.012 | 0.004  | 123.000   | 123.000   | 1230.000     | 123.000   |
| 74     | 0   | 70     | 0   | 4    | 0   | GET    | /api/isu/c33507e2-6b4b-402f-b2bb-9aac2fd4b3d7/graph | 0.004 | 0.036 | 0.324   | 0.004 | 0.012 | 0.016 | 0.036 | 0.006  | 14.000    | 1055.000  | 41817.000    | 565.095   |
| 42     | 0   | 42     | 0   | 0    | 0   | GET    | /api/isu/a38f1721-0b25-45fa-a47d-9a343dfb1185/graph | 0.000 | 0.032 | 0.180   | 0.004 | 0.008 | 0.016 | 0.032 | 0.006  | 271.000   | 878.000   | 21495.000    | 511.786   |
| 15     | 0   | 13     | 0   | 2    | 0   | GET    | /api/isu/cbe7919d-9a6b-4d62-a0a7-3ef5399b30f3       | 0.004 | 0.020 | 0.064   | 0.004 | 0.008 | 0.020 | 0.020 | 0.005  | 14.000    | 123.000   | 1634.000     | 108.933   |
| 10     | 0   | 10     | 0   | 0    | 0   | GET    | /api/isu/dd06700a-fd9d-4085-8b96-24cbaf91d69c       | 0.004 | 0.012 | 0.040   | 0.004 | 0.008 | 0.012 | 0.012 | 0.004  | 126.000   | 126.000   | 1260.000     | 126.000   |
| 6      | 0   | 6      | 0   | 0    | 0   | GET    | /api/isu/df0ac9d2-7320-4b98-bb28-c15ccde310c2/graph | 0.004 | 0.008 | 0.024   | 0.004 | 0.008 | 0.008 | 0.008 | 0.003  | 272.000   | 835.000   | 3483.000     | 580.500   |
| 12     | 0   | 12     | 0   | 0    | 0   | GET    | /api/isu/e2d68bf5-109c-437f-a736-6d4f9e1e9840/graph | 0.000 | 0.016 | 0.048   | 0.004 | 0.012 | 0.016 | 0.016 | 0.005  | 265.000   | 848.000   | 6702.000     | 558.500   |
| 2      | 0   | 2      | 0   | 0    | 0   | GET    | /api/isu/d7fec6f2-5c71-4cbf-9687-6e9a540a224c/graph | 0.008 | 0.008 | 0.008   | 0.004 | 0.008 | 0.008 | 0.008 | 0.004  | 270.000   | 391.000   | 661.000      | 330.500   |
| 2      | 0   | 0      | 0   | 2    | 0   | GET    | /api/isu/f46ad522-d196-487e-b666-c9b000c3d458       | 0.004 | 0.004 | 0.008   | 0.004 | 0.004 | 0.004 | 0.004 | 0.000  | 14.000    | 21.000    | 35.000       | 17.500    |
| 1      | 0   | 1      | 0   | 0    | 0   | GET    | /api/isu/e3636c9e-ca23-4ad8-8434-1a5d64ed2a59       | 0.004 | 0.004 | 0.004   | 0.004 | 0.004 | 0.004 | 0.004 | 0.000  | 123.000   | 123.000   | 123.000      | 123.000   |
| 7      | 0   | 7      | 0   | 0    | 0   | GET    | /api/isu/da48ee20-b893-4128-9b2c-5efba8b17404       | 0.000 | 0.020 | 0.028   | 0.004 | 0.020 | 0.020 | 0.020 | 0.007  | 138.000   | 138.000   | 966.000      | 138.000   |
| 1      | 0   | 1      | 0   | 0    | 0   | GET    | /api/isu/cf0e613c-e018-4490-8c42-85c1e73a0c48       | 0.004 | 0.004 | 0.004   | 0.004 | 0.004 | 0.004 | 0.004 | 0.000  | 118.000   | 118.000   | 118.000      | 118.000   |
| 2      | 0   | 2      | 0   | 0    | 0   | GET    | /api/isu/cc0b4f83-6110-4efe-b1f8-c4c6b5c0d5e9/graph | 0.008 | 0.008 | 0.008   | 0.004 | 0.008 | 0.008 | 0.008 | 0.004  | 373.000   | 622.000   | 995.000      | 497.500   |
| 7      | 0   | 7      | 0   | 0    | 0   | GET    | /api/isu/b148cf25-07c4-4496-9759-528b93eed11a       | 0.016 | 0.016 | 0.028   | 0.004 | 0.016 | 0.016 | 0.016 | 0.006  | 129.000   | 129.000   | 903.000      | 129.000   |
| 1      | 0   | 1      | 0   | 0    | 0   | GET    | /api/isu/fe572ce2-abf1-42e0-8fac-d02da26282cf       | 0.004 | 0.004 | 0.004   | 0.004 | 0.004 | 0.004 | 0.004 | 0.000  | 123.000   | 123.000   | 123.000      | 123.000   |
| 3      | 0   | 3      | 0   | 0    | 0   | GET    | /api/isu/c1fc3905-1da7-44dd-9e78-04b0e23bce6e       | 0.004 | 0.008 | 0.012   | 0.004 | 0.008 | 0.008 | 0.008 | 0.003  | 120.000   | 120.000   | 360.000      | 120.000   |
| 2      | 0   | 2      | 0   | 0    | 0   | GET    | /api/isu/d6e9f1ce-b419-4eb2-bd02-5abb319f8189/graph | 0.008 | 0.008 | 0.008   | 0.004 | 0.008 | 0.008 | 0.008 | 0.004  | 266.000   | 545.000   | 811.000      | 405.500   |
| 6      | 0   | 6      | 0   | 0    | 0   | GET    | /api/isu/bbbf647e-6893-4ffd-81e3-0c9b17646d2f/graph | 0.004 | 0.008 | 0.024   | 0.004 | 0.008 | 0.008 | 0.008 | 0.003  | 270.000   | 647.000   | 2898.000     | 483.000   |
| 1      | 0   | 1      | 0   | 0    | 0   | GET    | /api/isu/c36651c4-1dc4-4faf-90ae-c10933c4a2d7       | 0.004 | 0.004 | 0.004   | 0.004 | 0.004 | 0.004 | 0.004 | 0.000  | 120.000   | 120.000   | 120.000      | 120.000   |
| 1      | 0   | 1      | 0   | 0    | 0   | GET    | /api/isu/f6857b7d-c3c7-4a1e-8231-a84bdcf67cc3       | 0.004 | 0.004 | 0.004   | 0.004 | 0.004 | 0.004 | 0.004 | 0.000  | 123.000   | 123.000   | 123.000      | 123.000   |
| 6      | 0   | 6      | 0   | 0    | 0   | GET    | /api/isu/c2c939c3-2a8c-4dd3-ac98-577b5a3e7685/graph | 0.004 | 0.008 | 0.024   | 0.004 | 0.008 | 0.008 | 0.008 | 0.003  | 272.000   | 645.000   | 2980.000     | 496.667   |
| 6      | 0   | 6      | 0   | 0    | 0   | GET    | /api/isu/ae43b2af-4024-4e06-a2b4-09f8af1a3ecf       | 0.004 | 0.008 | 0.024   | 0.004 | 0.008 | 0.008 | 0.008 | 0.003  | 126.000   | 126.000   | 756.000      | 126.000   |
| 2      | 0   | 2      | 0   | 0    | 0   | GET    | /api/isu/c0ff45ac-800a-4048-8e84-b7b36ab4e9e4       | 0.008 | 0.008 | 0.008   | 0.004 | 0.008 | 0.008 | 0.008 | 0.004  | 120.000   | 120.000   | 240.000      | 120.000   |
| 1      | 0   | 1      | 0   | 0    | 0   | GET    | /api/isu/f0f7e1ba-ef4f-44b1-8834-06ec67e03eee       | 0.004 | 0.004 | 0.004   | 0.004 | 0.004 | 0.004 | 0.004 | 0.000  | 117.000   | 117.000   | 117.000      | 117.000   |
| 2      | 0   | 0      | 0   | 2    | 0   | GET    | /api/isu/bddd1d0a-0e99-42ae-8086-32f3c94c1848/icon  | 0.004 | 0.004 | 0.008   | 0.004 | 0.004 | 0.004 | 0.004 | 0.000  | 14.000    | 21.000    | 35.000       | 17.500    |
| 41     | 0   | 37     | 0   | 4    | 0   | GET    | /api/isu/ee4d2cff-cfd9-4d10-ae9b-e29273f645c6/graph | 0.008 | 0.028 | 0.156   | 0.004 | 0.012 | 0.016 | 0.028 | 0.006  | 14.000    | 795.000   | 20192.000    | 492.488   |
| 2002   | 0   | 1023   | 0   | 979  | 0   | GET    | /api/user/me                                        | 0.004 | 0.240 | 7.356   | 0.004 | 0.008 | 0.016 | 0.036 | 0.012  | 21.000    | 42.000    | 54175.000    | 27.060    |
| 55     | 0   | 55     | 0   | 0    | 0   | GET    | /api/isu/a38f1721-0b25-45fa-a47d-9a343dfb1185       | 0.008 | 0.056 | 0.196   | 0.004 | 0.008 | 0.012 | 0.056 | 0.008  | 122.000   | 122.000   | 6710.000     | 122.000   |
| 102    | 0   | 100    | 0   | 2    | 0   | GET    | /api/isu/c33507e2-6b4b-402f-b2bb-9aac2fd4b3d7       | 0.004 | 0.020 | 0.360   | 0.004 | 0.012 | 0.016 | 0.016 | 0.005  | 14.000    | 113.000   | 11335.000    | 111.127   |
| 8      | 0   | 8      | 0   | 0    | 0   | GET    | /api/isu/a5f9b01e-32f2-4ef7-8534-fee3bc68dfa4/graph | 0.000 | 0.016 | 0.028   | 0.004 | 0.016 | 0.016 | 0.016 | 0.005  | 422.000   | 591.000   | 4079.000     | 509.875   |
| 39     | 0   | 37     | 0   | 2    | 0   | GET    | /api/isu/dc67d485-bbd4-440e-b50d-4a5d017e3aa3       | 0.004 | 0.024 | 0.136   | 0.003 | 0.012 | 0.016 | 0.024 | 0.005  | 14.000    | 116.000   | 4327.000     | 110.949   |
| 31     | 0   | 31     | 0   | 0    | 0   | GET    | /api/isu/c0d2bd6d-35db-419e-8706-43be06d1b5b7       | 0.004 | 0.016 | 0.108   | 0.003 | 0.008 | 0.012 | 0.016 | 0.004  | 122.000   | 122.000   | 3782.000     | 122.000   |
| 7      | 0   | 7      | 0   | 0    | 0   | GET    | /api/isu/c3fa3357-0e18-423d-9417-a4977a502967/graph | 0.016 | 0.016 | 0.024   | 0.003 | 0.016 | 0.016 | 0.016 | 0.006  | 272.000   | 610.000   | 3559.000     | 508.429   |
| 7      | 0   | 7      | 0   | 0    | 0   | GET    | /api/isu/c3fa3357-0e18-423d-9417-a4977a502967       | 0.000 | 0.012 | 0.024   | 0.003 | 0.012 | 0.012 | 0.012 | 0.004  | 132.000   | 132.000   | 924.000      | 132.000   |
| 984    | 0   | 948    | 0   | 36   | 0   | POST   | /api/signout                                        | 0.004 | 0.132 | 3.180   | 0.003 | 0.008 | 0.016 | 0.028 | 0.007  | 0.000     | 21.000    | 756.000      | 0.768     |
| 10     | 0   | 10     | 0   | 0    | 0   | GET    | /api/isu/f1ea9e6a-c9d2-4b54-b4ac-afba8f4c00d7/graph | 0.004 | 0.008 | 0.032   | 0.003 | 0.004 | 0.008 | 0.008 | 0.002  | 267.000   | 632.000   | 4878.000     | 487.800   |
| 10     | 0   | 10     | 0   | 0    | 0   | GET    | /api/isu/ff56420d-4bc1-4c73-b6e9-3693c549669d       | 0.008 | 0.008 | 0.032   | 0.003 | 0.008 | 0.008 | 0.008 | 0.003  | 124.000   | 124.000   | 1240.000     | 124.000   |
| 37     | 0   | 37     | 0   | 0    | 0   | GET    | /api/isu/dbc07c59-4258-43f7-8c9d-902616a68bb5       | 0.004 | 0.028 | 0.116   | 0.003 | 0.008 | 0.016 | 0.028 | 0.006  | 122.000   | 122.000   | 4514.000     | 122.000   |
| 34     | 0   | 30     | 0   | 4    | 0   | GET    | /api/isu/cf249bcd-4ad6-4121-a4e6-5bf9e6fbcc77/graph | 0.004 | 0.020 | 0.104   | 0.003 | 0.008 | 0.016 | 0.020 | 0.005  | 14.000    | 888.000   | 16465.000    | 484.265   |
| 4      | 0   | 4      | 0   | 0    | 0   | GET    | /api/isu/cdc10b48-0dc2-49a6-ad80-37593c12e607       | 0.004 | 0.004 | 0.012   | 0.003 | 0.004 | 0.004 | 0.004 | 0.002  | 120.000   | 120.000   | 480.000      | 120.000   |
| 4      | 0   | 4      | 0   | 0    | 0   | GET    | /api/isu/a85ed10a-ff9c-4998-8827-dd5e7e39f16e       | 0.004 | 0.004 | 0.012   | 0.003 | 0.004 | 0.004 | 0.004 | 0.002  | 118.000   | 118.000   | 472.000      | 118.000   |
| 4      | 0   | 4      | 0   | 0    | 0   | GET    | /api/isu/f018e0de-7b84-49c6-a2f9-d9c14e5bca5b       | 0.008 | 0.008 | 0.012   | 0.003 | 0.008 | 0.008 | 0.008 | 0.003  | 126.000   | 126.000   | 504.000      | 126.000   |
| 4      | 0   | 4      | 0   | 0    | 0   | GET    | /api/isu/bbbf647e-6893-4ffd-81e3-0c9b17646d2f       | 0.000 | 0.008 | 0.012   | 0.003 | 0.008 | 0.008 | 0.008 | 0.003  | 120.000   | 120.000   | 480.000      | 120.000   |
| 4      | 0   | 4      | 0   | 0    | 0   | GET    | /api/isu/c1e65f1e-3f64-487a-8baf-840630a986fa       | 0.000 | 0.004 | 0.012   | 0.003 | 0.004 | 0.004 | 0.004 | 0.002  | 129.000   | 129.000   | 516.000      | 129.000   |
| 4      | 0   | 4      | 0   | 0    | 0   | GET    | /api/isu/bca8f258-f680-48b9-99eb-ba01110988a5/graph | 0.000 | 0.008 | 0.012   | 0.003 | 0.008 | 0.008 | 0.008 | 0.003  | 373.000   | 521.000   | 1652.000     | 413.000   |
| 7      | 0   | 7      | 0   | 0    | 0   | GET    | /api/isu/c8cdf008-66ca-40b3-a71a-708f8cec84f0       | 0.000 | 0.008 | 0.020   | 0.003 | 0.008 | 0.008 | 0.008 | 0.003  | 124.000   | 124.000   | 868.000      | 124.000   |
| 7      | 0   | 7      | 0   | 0    | 0   | GET    | /api/isu/cd2b75ba-c504-4e96-be69-4fdeb9ca977e       | 0.004 | 0.008 | 0.020   | 0.003 | 0.008 | 0.008 | 0.008 | 0.003  | 114.000   | 114.000   | 798.000      | 114.000   |
| 7      | 0   | 7      | 0   | 0    | 0   | GET    | /api/isu/b7a0534f-23c3-4d31-bb69-efe0411566dd       | 0.004 | 0.008 | 0.020   | 0.003 | 0.008 | 0.008 | 0.008 | 0.003  | 126.000   | 126.000   | 882.000      | 126.000   |
| 10     | 0   | 10     | 0   | 0    | 0   | GET    | /api/isu/b1bbdfe4-7ce2-48da-a0fb-dce05beabbf3       | 0.012 | 0.012 | 0.028   | 0.003 | 0.004 | 0.012 | 0.012 | 0.004  | 129.000   | 129.000   | 1290.000     | 129.000   |
| 46     | 0   | 46     | 0   | 0    | 0   | GET    | /api/isu/d946b754-c2a1-43ca-90d5-ac17ee2de47f       | 0.004 | 0.020 | 0.124   | 0.003 | 0.004 | 0.016 | 0.020 | 0.004  | 116.000   | 116.000   | 5336.000     | 116.000   |
| 3      | 0   | 3      | 0   | 0    | 0   | GET    | /api/isu/c1e72d6a-ff32-4411-9a43-de492c682a2c/graph | 0.004 | 0.004 | 0.008   | 0.003 | 0.004 | 0.004 | 0.004 | 0.002  | 268.000   | 545.000   | 1207.000     | 402.333   |
| 3      | 0   | 3      | 0   | 0    | 0   | GET    | /api/isu/b48b063e-b177-4a58-9f82-22acc00f9fd3/graph | 0.004 | 0.004 | 0.008   | 0.003 | 0.004 | 0.004 | 0.004 | 0.002  | 377.000   | 430.000   | 1187.000     | 395.667   |
| 13     | 0   | 13     | 0   | 0    | 0   | GET    | /api/isu/f0bbb733-a3a5-4864-b484-d945f5fb19ec       | 0.000 | 0.016 | 0.032   | 0.002 | 0.004 | 0.016 | 0.016 | 0.004  | 117.000   | 117.000   | 1521.000     | 117.000   |
| 46     | 0   | 46     | 0   | 0    | 0   | GET    | /api/isu/cf249bcd-4ad6-4121-a4e6-5bf9e6fbcc77       | 0.004 | 0.016 | 0.112   | 0.002 | 0.008 | 0.008 | 0.016 | 0.004  | 116.000   | 116.000   | 5336.000     | 116.000   |
| 43     | 0   | 43     | 0   | 0    | 0   | GET    | /api/isu/ee4d2cff-cfd9-4d10-ae9b-e29273f645c6       | 0.000 | 0.020 | 0.104   | 0.002 | 0.008 | 0.008 | 0.020 | 0.004  | 125.000   | 125.000   | 5375.000     | 125.000   |
| 10     | 0   | 10     | 0   | 0    | 0   | GET    | /api/isu/f8ed5acb-ffd5-4420-93f2-123b37f8f8a8       | 0.004 | 0.012 | 0.024   | 0.002 | 0.004 | 0.012 | 0.012 | 0.004  | 120.000   | 120.000   | 1200.000     | 120.000   |
| 37     | 0   | 37     | 0   | 0    | 0   | GET    | /api/isu/ad282c41-eba3-434a-bbd6-24e4df416f32       | 0.004 | 0.028 | 0.088   | 0.002 | 0.008 | 0.016 | 0.028 | 0.006  | 119.000   | 119.000   | 4403.000     | 119.000   |
| 7      | 0   | 7      | 0   | 0    | 0   | GET    | /api/isu/f8b43154-4f20-420e-be0b-af4bac270f04       | 0.004 | 0.012 | 0.016   | 0.002 | 0.012 | 0.012 | 0.012 | 0.004  | 120.000   | 120.000   | 840.000      | 120.000   |
| 4      | 0   | 4      | 0   | 0    | 0   | GET    | /api/isu/d675cf5e-960b-4893-8a97-536ac26709e4       | 0.004 | 0.004 | 0.008   | 0.002 | 0.004 | 0.004 | 0.004 | 0.002  | 132.000   | 132.000   | 528.000      | 132.000   |
| 10     | 0   | 10     | 0   | 0    | 0   | GET    | /api/isu/d9b97fe7-fa0b-40e0-854e-97c8e799cd4c       | 0.004 | 0.008 | 0.020   | 0.002 | 0.004 | 0.008 | 0.008 | 0.003  | 120.000   | 120.000   | 1200.000     | 120.000   |
| 8      | 0   | 8      | 0   | 0    | 0   | GET    | /api/isu/c2c939c3-2a8c-4dd3-ac98-577b5a3e7685       | 0.000 | 0.012 | 0.016   | 0.002 | 0.012 | 0.012 | 0.012 | 0.004  | 120.000   | 120.000   | 960.000      | 120.000   |
| 4      | 0   | 0      | 0   | 4    | 0   | GET    | /api/isu/cab99f63-bb3a-4648-b6df-376396f2c7ab/graph | 0.000 | 0.008 | 0.008   | 0.002 | 0.008 | 0.008 | 0.008 | 0.003  | 14.000    | 21.000    | 72.000       | 18.000    |
| 2      | 0   | 2      | 0   | 0    | 0   | GET    | /api/isu/ef3b3068-49fb-4cf7-9569-95d77952034e       | 0.000 | 0.004 | 0.004   | 0.002 | 0.004 | 0.004 | 0.004 | 0.002  | 138.000   | 138.000   | 276.000      | 138.000   |
| 4      | 0   | 4      | 0   | 0    | 0   | GET    | /api/isu/ced6fedb-df2b-43bd-b21b-706a618492d3       | 0.004 | 0.004 | 0.008   | 0.002 | 0.004 | 0.004 | 0.004 | 0.002  | 111.000   | 111.000   | 444.000      | 111.000   |
| 5      | 0   | 5      | 0   | 0    | 0   | GET    | /api/isu/cc0b4f83-6110-4efe-b1f8-c4c6b5c0d5e9       | 0.000 | 0.008 | 0.008   | 0.002 | 0.008 | 0.008 | 0.008 | 0.003  | 120.000   | 120.000   | 600.000      | 120.000   |
| 3      | 0   | 3      | 0   | 0    | 0   | GET    | /api/isu/e607612f-d0f0-46fe-acd3-ebb6f109d6b8       | 0.004 | 0.004 | 0.004   | 0.001 | 0.004 | 0.004 | 0.004 | 0.002  | 123.000   | 123.000   | 369.000      | 123.000   |
| 3      | 0   | 3      | 0   | 0    | 0   | GET    | /api/isu/a85ed10a-ff9c-4998-8827-dd5e7e39f16e/graph | 0.000 | 0.004 | 0.004   | 0.001 | 0.004 | 0.004 | 0.004 | 0.002  | 270.000   | 642.000   | 1521.000     | 507.000   |
| 7      | 0   | 7      | 0   | 0    | 0   | GET    | /api/isu/e7f061a6-52c2-40ba-bf10-5e0b6e284508       | 0.000 | 0.004 | 0.008   | 0.001 | 0.004 | 0.004 | 0.004 | 0.002  | 123.000   | 123.000   | 861.000      | 123.000   |
| 4      | 0   | 4      | 0   | 0    | 0   | GET    | /api/isu/fa823b3b-c3d6-4278-b6de-e718bc4aef33       | 0.000 | 0.004 | 0.004   | 0.001 | 0.004 | 0.004 | 0.004 | 0.002  | 138.000   | 138.000   | 552.000      | 138.000   |
| 4      | 0   | 0      | 0   | 4    | 0   | GET    | /api/isu/be4783c6-a52e-4a69-b6a0-9ca0759bebe5/icon  | 0.000 | 0.004 | 0.004   | 0.001 | 0.004 | 0.004 | 0.004 | 0.002  | 14.000    | 21.000    | 70.000       | 17.500    |
| 4      | 0   | 0      | 0   | 4    | 0   | GET    | /api/isu/ad282c41-eba3-434a-bbd6-24e4df416f32/icon  | 0.004 | 0.004 | 0.004   | 0.001 | 0.004 | 0.004 | 0.004 | 0.002  | 14.000    | 21.000    | 70.000       | 17.500    |
| 4      | 0   | 0      | 0   | 4    | 0   | GET    | /api/isu/c648b087-fe00-4ea2-a524-b2e80555893f       | 0.004 | 0.004 | 0.004   | 0.001 | 0.004 | 0.004 | 0.004 | 0.002  | 14.000    | 21.000    | 70.000       | 17.500    |
| 9      | 0   | 9      | 0   | 0    | 0   | GET    | /api/isu/cd2b75ba-c504-4e96-be69-4fdeb9ca977e/graph | 0.000 | 0.004 | 0.008   | 0.001 | 0.004 | 0.004 | 0.004 | 0.002  | 267.000   | 538.000   | 4087.000     | 454.111   |
| 7      | 0   | 7      | 0   | 0    | 0   | GET    | /api/isu/a71c4d54-b04d-4af0-85b2-43e09d0cac29       | 0.000 | 0.004 | 0.004   | 0.001 | 0.004 | 0.004 | 0.004 | 0.001  | 123.000   | 123.000   | 861.000      | 123.000   |
| 1      | 0   | 1      | 0   | 0    | 0   | GET    | /api/isu/b8834f98-f1c6-4be5-82bd-7daf759cf369       | 0.000 | 0.000 | 0.000   | 0.000 | 0.000 | 0.000 | 0.000 | 0.000  | 111.000   | 111.000   | 111.000      | 111.000   |
| 1      | 0   | 1      | 0   | 0    | 0   | GET    | /api/isu/d7df4760-e8b0-483e-a978-6535bed8eb04       | 0.000 | 0.000 | 0.000   | 0.000 | 0.000 | 0.000 | 0.000 | 0.000  | 125.000   | 125.000   | 125.000      | 125.000   |
| 2      | 0   | 2      | 0   | 0    | 0   | GET    | /api/isu/b0612cae-ea65-4559-84f0-3c735bd6a139       | 0.000 | 0.000 | 0.000   | 0.000 | 0.000 | 0.000 | 0.000 | 0.000  | 128.000   | 128.000   | 256.000      | 128.000   |
| 4      | 0   | 4      | 0   | 0    | 0   | GET    | /api/isu/e0152baf-1fe2-4ec2-9924-90f1ede9aa36       | 0.000 | 0.000 | 0.000   | 0.000 | 0.000 | 0.000 | 0.000 | 0.000  | 114.000   | 114.000   | 456.000      | 114.000   |
| 1      | 0   | 1      | 0   | 0    | 0   | GET    | /api/isu/f8f7afe1-96c8-41ba-b2e3-4e852ad825dc       | 0.000 | 0.000 | 0.000   | 0.000 | 0.000 | 0.000 | 0.000 | 0.000  | 126.000   | 126.000   | 126.000      | 126.000   |
| 1      | 0   | 1      | 0   | 0    | 0   | GET    | /api/isu/f0932a67-3844-4e0f-aad4-4171a5be5e6a       | 0.000 | 0.000 | 0.000   | 0.000 | 0.000 | 0.000 | 0.000 | 0.000  | 120.000   | 120.000   | 120.000      | 120.000   |
| 2      | 0   | 2      | 0   | 0    | 0   | GET    | /api/isu/eb104b95-3532-4828-8550-89da717b9667/graph | 0.000 | 0.000 | 0.000   | 0.000 | 0.000 | 0.000 | 0.000 | 0.000  | 474.000   | 550.000   | 1024.000     | 512.000   |
| 1      | 0   | 1      | 0   | 0    | 0   | GET    | /api/isu/eb104b95-3532-4828-8550-89da717b9667       | 0.000 | 0.000 | 0.000   | 0.000 | 0.000 | 0.000 | 0.000 | 0.000  | 121.000   | 121.000   | 121.000      | 121.000   |
| 1      | 0   | 1      | 0   | 0    | 0   | GET    | /api/isu/aa3f782d-e6a3-466c-8f03-a9034532fc53       | 0.000 | 0.000 | 0.000   | 0.000 | 0.000 | 0.000 | 0.000 | 0.000  | 111.000   | 111.000   | 111.000      | 111.000   |
| 6      | 0   | 2      | 0   | 4    | 0   | GET    | /api/isu/b82dcff4-8fae-4773-9956-22ab354adb7e/graph | 0.000 | 0.000 | 0.000   | 0.000 | 0.000 | 0.000 | 0.000 | 0.000  | 14.000    | 516.000   | 1103.000     | 183.833   |
| 1      | 0   | 1      | 0   | 0    | 0   | GET    | /api/isu/b82dcff4-8fae-4773-9956-22ab354adb7e       | 0.000 | 0.000 | 0.000   | 0.000 | 0.000 | 0.000 | 0.000 | 0.000  | 119.000   | 119.000   | 119.000      | 119.000   |
| 1      | 0   | 1      | 0   | 0    | 0   | GET    | /api/isu/ec7d09ff-5777-4fd5-bef1-6f552ec2d716       | 0.000 | 0.000 | 0.000   | 0.000 | 0.000 | 0.000 | 0.000 | 0.000  | 120.000   | 120.000   | 120.000      | 120.000   |
| 1      | 0   | 1      | 0   | 0    | 0   | GET    | /api/isu/c301d0a4-1cf0-4ad7-bc56-ef586b5bf202       | 0.000 | 0.000 | 0.000   | 0.000 | 0.000 | 0.000 | 0.000 | 0.000  | 123.000   | 123.000   | 123.000      | 123.000   |
| 1      | 0   | 1      | 0   | 0    | 0   | GET    | /api/isu/ba5af324-d307-4bd5-9caa-bce04e2d2559       | 0.000 | 0.000 | 0.000   | 0.000 | 0.000 | 0.000 | 0.000 | 0.000  | 117.000   | 117.000   | 117.000      | 117.000   |
| 2      | 0   | 0      | 0   | 2    | 0   | GET    | /api/isu/d946b754-c2a1-43ca-90d5-ac17ee2de47f/icon  | 0.000 | 0.000 | 0.000   | 0.000 | 0.000 | 0.000 | 0.000 | 0.000  | 14.000    | 21.000    | 35.000       | 17.500    |
| 1      | 0   | 1      | 0   | 0    | 0   | GET    | /api/isu/b51dabe7-782e-416b-bf1d-f1ca65ade7c8       | 0.000 | 0.000 | 0.000   | 0.000 | 0.000 | 0.000 | 0.000 | 0.000  | 123.000   | 123.000   | 123.000      | 123.000   |
| 1      | 0   | 1      | 0   | 0    | 0   | GET    | /api/isu/c3422a46-042b-4587-8d2b-64bfbf71961b       | 0.000 | 0.000 | 0.000   | 0.000 | 0.000 | 0.000 | 0.000 | 0.000  | 120.000   | 120.000   | 120.000      | 120.000   |
| 1      | 0   | 1      | 0   | 0    | 0   | GET    | /api/isu/c51ce853-c81b-4541-8d8b-c408be66dc3b       | 0.000 | 0.000 | 0.000   | 0.000 | 0.000 | 0.000 | 0.000 | 0.000  | 135.000   | 135.000   | 135.000      | 135.000   |
| 1      | 0   | 1      | 0   | 0    | 0   | GET    | /api/isu/b202faa7-6252-4be3-9165-d52a8856264c       | 0.000 | 0.000 | 0.000   | 0.000 | 0.000 | 0.000 | 0.000 | 0.000  | 123.000   | 123.000   | 123.000      | 123.000   |
| 4      | 0   | 0      | 0   | 4    | 0   | GET    | /api/isu/c648b087-fe00-4ea2-a524-b2e80555893f/icon  | 0.000 | 0.000 | 0.000   | 0.000 | 0.000 | 0.000 | 0.000 | 0.000  | 14.000    | 21.000    | 70.000       | 17.500    |
| 8      | 0   | 0      | 0   | 8    | 0   | GET    | /api/isu/c648b087-fe00-4ea2-a524-b2e80555893f/graph | 0.000 | 0.000 | 0.000   | 0.000 | 0.000 | 0.000 | 0.000 | 0.000  | 14.000    | 21.000    | 144.000      | 18.000    |
| 2      | 0   | 2      | 0   | 0    | 0   | GET    | /api/isu/f3220cc5-2a21-4568-ba74-9e82d5f21dc4       | 0.000 | 0.000 | 0.000   | 0.000 | 0.000 | 0.000 | 0.000 | 0.000  | 117.000   | 117.000   | 234.000      | 117.000   |
| 2      | 0   | 0      | 0   | 2    | 0   | GET    | /api/isu/cab99f63-bb3a-4648-b6df-376396f2c7ab       | 0.000 | 0.000 | 0.000   | 0.000 | 0.000 | 0.000 | 0.000 | 0.000  | 14.000    | 21.000    | 35.000       | 17.500    |
| 2      | 0   | 0      | 0   | 2    | 0   | GET    | /api/isu/cab99f63-bb3a-4648-b6df-376396f2c7ab/icon  | 0.000 | 0.000 | 0.000   | 0.000 | 0.000 | 0.000 | 0.000 | 0.000  | 14.000    | 21.000    | 35.000       | 17.500    |
| 2      | 0   | 2      | 0   | 0    | 0   | GET    | /api/isu/c0d31bee-1457-42f3-aafb-28de286ceb42/graph | 0.000 | 0.000 | 0.000   | 0.000 | 0.000 | 0.000 | 0.000 | 0.000  | 373.000   | 750.000   | 1123.000     | 561.500   |
+--------+-----+--------+-----+------+-----+--------+-----------------------------------------------------+-------+-------+---------+-------+-------+-------+-------+--------+-----------+-----------+--------------+-----------+
