+-------+-----+-------+-----+------+-----+--------+-----------------------------------------------------+-------+-------+----------+-------+-------+-------+-------+--------+------------+------------+--------------+------------+
| COUNT | 1XX |  2XX  | 3XX | 4XX  | 5XX | METHOD |                         URI                         |  MIN  |  MAX  |   SUM    |  AVG  |  P90  |  P95  |  P99  | STDDEV | MIN(BODY)  | MAX(BODY)  |  SUM(BODY)   | AVG(BODY)  |
+-------+-----+-------+-----+------+-----+--------+-----------------------------------------------------+-------+-------+----------+-------+-------+-------+-------+--------+------------+------------+--------------+------------+
| 1257  | 0   | 871   | 0   | 386  | 0   | GET    | /api/trend                                          | 0.004 | 1.016 | 1075.361 | 0.855 | 1.000 | 1.004 | 1.008 | 0.164  | 0.000      | 8567.000   | 7092547.000  | 5642.440   |
| 2     | 0   | 1     | 0   | 0    | 1   | POST   | /initialize                                         | 0.052 | 0.124 | 0.176    | 0.088 | 0.124 | 0.124 | 0.124 | 0.036  | 23.000     | 23.000     | 23.000       | 11.500     |
| 60    | 0   | 56    | 0   | 4    | 0   | POST   | /api/isu                                            | 0.004 | 0.120 | 3.544    | 0.059 | 0.076 | 0.080 | 0.120 | 0.019  | 15.000     | 157.000    | 7858.000     | 130.967    |
| 340   | 0   | 336   | 0   | 4    | 0   | GET    | /api/isu/d89b71e3-cd6b-4918-8ed5-1eb2728b32ec/graph | 0.004 | 0.136 | 7.124    | 0.021 | 0.040 | 0.052 | 0.076 | 0.016  | 14.000     | 6550.000   | 1556909.000  | 4579.144   |
| 213   | 0   | 204   | 0   | 9    | 0   | GET    | /api/isu/f1f5b4d8-916e-4d77-a838-a1d8c1856e67/graph | 0.020 | 0.164 | 4.411    | 0.021 | 0.040 | 0.052 | 0.076 | 0.019  | 0.000      | 7060.000   | 940695.000   | 4416.408   |
| 8892  | 0   | 8272  | 0   | 620  | 0   | GET    | /api/condition/[a-z0-9-]+                           | 0.012 | 0.180 | 184.092  | 0.021 | 0.040 | 0.052 | 0.080 | 0.017  | 0.000      | 7196.000   | 41050023.000 | 4616.512   |
| 59    | 0   | 59    | 0   | 0    | 0   | GET    | /api/isu/c75d0bce-8ba4-47eb-8723-48a4a0324337/graph | 0.004 | 0.084 | 1.216    | 0.021 | 0.040 | 0.060 | 0.084 | 0.017  | 2691.000   | 7685.000   | 283623.000   | 4807.169   |
| 5691  | 0   | 5602  | 0   | 89   | 0   | GET    | /api/isu                                            | 0.004 | 0.172 | 111.289  | 0.020 | 0.036 | 0.048 | 0.068 | 0.014  | 0.000      | 10000.000  | 15569779.000 | 2735.860   |
| 455   | 0   | 451   | 0   | 4    | 0   | GET    | /api/isu/cb96d5c5-2bd8-4e80-8aee-7c013c8478d9/graph | 0.004 | 0.096 | 8.864    | 0.019 | 0.036 | 0.044 | 0.072 | 0.014  | 14.000     | 7197.000   | 2338433.000  | 5139.413   |
| 118   | 0   | 106   | 0   | 12   | 0   | GET    | /api/isu/d46e6167-7145-4403-8e14-7eeefce569f1/graph | 0.004 | 0.072 | 2.252    | 0.019 | 0.040 | 0.056 | 0.072 | 0.015  | 14.000     | 6543.000   | 508121.000   | 4306.110   |
| 369   | 0   | 353   | 0   | 16   | 0   | GET    | /api/isu/f1cf962f-efea-47c4-9b5f-2833fdb0b3eb/graph | 0.008 | 0.080 | 6.931    | 0.019 | 0.036 | 0.044 | 0.060 | 0.013  | 14.000     | 7392.000   | 1619577.000  | 4389.098   |
| 179   | 0   | 179   | 0   | 0    | 0   | GET    | /api/isu/be83bfb8-f6ef-46b7-af65-6ca79fc1a6db/graph | 0.004 | 0.120 | 3.332    | 0.019 | 0.036 | 0.040 | 0.068 | 0.014  | 2691.000   | 7341.000   | 934006.000   | 5217.911   |
| 26    | 0   | 26    | 0   | 0    | 0   | GET    | /api/isu/da25e7be-9457-4ad8-b10a-983d81018cf6/graph | 0.008 | 0.048 | 0.480    | 0.018 | 0.036 | 0.044 | 0.048 | 0.012  | 2691.000   | 6083.000   | 116880.000   | 4495.385   |
| 286   | 0   | 281   | 0   | 5    | 0   | GET    | /api/isu/a96e33a6-5b80-4243-9e68-9a2bc3b14862/graph | 0.004 | 0.104 | 5.107    | 0.018 | 0.032 | 0.036 | 0.064 | 0.013  | 0.000      | 6037.000   | 1231318.000  | 4305.308   |
| 32    | 0   | 28    | 0   | 4    | 0   | GET    | /api/isu/ad924e92-b5d6-4701-8476-f869b8ca2c26/graph | 0.004 | 0.060 | 0.568    | 0.018 | 0.032 | 0.044 | 0.060 | 0.013  | 14.000     | 6432.000   | 126482.000   | 3952.562   |
| 277   | 0   | 261   | 0   | 16   | 0   | GET    | /api/isu/fc04a4f2-e29b-4332-bcd2-2e74cade3cd4/graph | 0.004 | 0.088 | 4.776    | 0.017 | 0.032 | 0.044 | 0.056 | 0.013  | 14.000     | 7056.000   | 1262456.000  | 4557.603   |
| 110   | 0   | 106   | 0   | 4    | 0   | GET    | /api/isu/c3c0a93e-e384-4260-aade-f9bc156e6565/graph | 0.004 | 0.088 | 1.864    | 0.017 | 0.028 | 0.044 | 0.080 | 0.014  | 14.000     | 7569.000   | 487060.000   | 4427.818   |
| 34    | 0   | 34    | 0   | 0    | 0   | GET    | /api/isu/f1c350df-87ed-4aca-ba35-cbb4d19eb541/graph | 0.004 | 0.048 | 0.560    | 0.016 | 0.032 | 0.040 | 0.048 | 0.010  | 2691.000   | 6715.000   | 180849.000   | 5319.088   |
| 28    | 0   | 28    | 0   | 0    | 0   | GET    | /api/isu/aee02a95-c6ab-41f9-8ce2-1529ba5dda86/graph | 0.004 | 0.080 | 0.444    | 0.016 | 0.028 | 0.028 | 0.080 | 0.014  | 2691.000   | 6031.000   | 119282.000   | 4260.071   |
| 62    | 0   | 54    | 0   | 8    | 0   | GET    | /api/isu/ace60301-ff8f-46a8-80c0-64b547b2e122/graph | 0.008 | 0.084 | 0.948    | 0.015 | 0.032 | 0.036 | 0.084 | 0.014  | 14.000     | 6881.000   | 259261.000   | 4181.629   |
| 104   | 0   | 100   | 0   | 4    | 0   | GET    | /api/isu/ca7dbc1d-3f50-4a50-b985-1a040876485b/graph | 0.004 | 0.048 | 1.544    | 0.015 | 0.028 | 0.032 | 0.040 | 0.010  | 14.000     | 6231.000   | 443226.000   | 4261.788   |
| 57    | 0   | 53    | 0   | 4    | 0   | GET    | /api/isu/cf360e78-f187-4282-a063-ec8e09fb70d6/graph | 0.004 | 0.052 | 0.840    | 0.015 | 0.028 | 0.032 | 0.052 | 0.010  | 14.000     | 7732.000   | 279442.000   | 4902.491   |
| 39    | 0   | 31    | 0   | 8    | 0   | GET    | /api/isu/edfe4a83-cf85-4a67-b2e6-81fe81ee037e/graph | 0.036 | 0.072 | 0.552    | 0.014 | 0.036 | 0.072 | 0.072 | 0.017  | 14.000     | 6551.000   | 144089.000   | 3694.590   |
| 58    | 0   | 58    | 0   | 0    | 0   | GET    | /api/isu/bdda556e-32aa-48c7-9c36-626f220ca8c1/graph | 0.004 | 0.044 | 0.812    | 0.014 | 0.024 | 0.032 | 0.044 | 0.009  | 2691.000   | 6881.000   | 279951.000   | 4826.741   |
| 109   | 0   | 109   | 0   | 0    | 0   | GET    | /api/isu/f1c350df-87ed-4aca-ba35-cbb4d19eb541/icon  | 0.004 | 0.056 | 1.368    | 0.013 | 0.028 | 0.036 | 0.056 | 0.011  | 26041.000  | 26041.000  | 2838469.000  | 26041.000  |
| 9475  | 0   | 8861  | 0   | 614  | 0   | GET    | /api/isu/[0-9]+                                     | 0.000 | 0.136 | 116.382  | 0.012 | 0.028 | 0.036 | 0.056 | 0.012  | 14.000     | 135259.000 | 90630975.000 | 9565.274   |
| 107   | 0   | 105   | 0   | 2    | 0   | GET    | /api/isu/fc04a4f2-e29b-4332-bcd2-2e74cade3cd4/icon  | 0.004 | 0.076 | 1.284    | 0.012 | 0.028 | 0.036 | 0.052 | 0.012  | 14.000     | 45225.000  | 4748660.000  | 44380.000  |
| 79    | 0   | 79    | 0   | 0    | 0   | GET    | /api/isu/bdda556e-32aa-48c7-9c36-626f220ca8c1       | 0.004 | 0.064 | 0.932    | 0.012 | 0.032 | 0.044 | 0.064 | 0.013  | 130.000    | 130.000    | 10270.000    | 130.000    |
| 109   | 0   | 109   | 0   | 0    | 0   | GET    | /api/isu/e470538d-bd02-4144-9bc7-82786c8fd3f0/icon  | 0.000 | 0.080 | 1.272    | 0.012 | 0.024 | 0.028 | 0.044 | 0.011  | 8720.000   | 8720.000   | 950480.000   | 8720.000   |
| 66    | 0   | 64    | 0   | 2    | 0   | GET    | /api/isu/aee02a95-c6ab-41f9-8ce2-1529ba5dda86       | 0.004 | 0.064 | 0.760    | 0.012 | 0.028 | 0.036 | 0.064 | 0.012  | 14.000     | 148.000    | 9507.000     | 144.045    |
| 111   | 0   | 105   | 0   | 6    | 0   | GET    | /api/isu/f1f5b4d8-916e-4d77-a838-a1d8c1856e67/icon  | 0.008 | 0.084 | 1.276    | 0.011 | 0.032 | 0.036 | 0.064 | 0.014  | 14.000     | 90465.000  | 9498930.000  | 85575.946  |
| 101   | 0   | 97    | 0   | 4    | 0   | GET    | /api/isu/cb96d5c5-2bd8-4e80-8aee-7c013c8478d9/icon  | 0.004 | 0.068 | 1.140    | 0.011 | 0.028 | 0.032 | 0.064 | 0.012  | 14.000     | 10799.000  | 1047573.000  | 10372.010  |
| 111   | 0   | 109   | 0   | 2    | 0   | GET    | /api/isu/da25e7be-9457-4ad8-b10a-983d81018cf6/icon  | 0.004 | 0.060 | 1.252    | 0.011 | 0.020 | 0.036 | 0.056 | 0.011  | 14.000     | 70813.000  | 7718652.000  | 69537.405  |
| 79    | 0   | 79    | 0   | 0    | 0   | GET    | /api/isu/cf360e78-f187-4282-a063-ec8e09fb70d6       | 0.004 | 0.096 | 0.864    | 0.011 | 0.024 | 0.040 | 0.096 | 0.014  | 137.000    | 137.000    | 10823.000    | 137.000    |
| 109   | 0   | 109   | 0   | 0    | 0   | GET    | /api/isu/aee02a95-c6ab-41f9-8ce2-1529ba5dda86/icon  | 0.004 | 0.064 | 1.192    | 0.011 | 0.028 | 0.040 | 0.048 | 0.012  | 16239.000  | 16239.000  | 1770051.000  | 16239.000  |
| 109   | 0   | 105   | 0   | 4    | 0   | GET    | /api/isu/c3c0a93e-e384-4260-aade-f9bc156e6565/icon  | 0.004 | 0.064 | 1.180    | 0.011 | 0.020 | 0.036 | 0.040 | 0.010  | 14.000     | 13988.000  | 1468810.000  | 13475.321  |
| 111   | 0   | 107   | 0   | 4    | 0   | GET    | /api/isu/d89b71e3-cd6b-4918-8ed5-1eb2728b32ec/icon  | 0.004 | 0.092 | 1.200    | 0.011 | 0.020 | 0.032 | 0.068 | 0.013  | 14.000     | 37514.000  | 4014068.000  | 36162.775  |
| 34    | 0   | 26    | 0   | 8    | 0   | GET    | /api/isu/e470538d-bd02-4144-9bc7-82786c8fd3f0/graph | 0.004 | 0.036 | 0.364    | 0.011 | 0.020 | 0.032 | 0.036 | 0.008  | 14.000     | 6292.000   | 127757.000   | 3757.559   |
| 134   | 0   | 128   | 0   | 6    | 0   | GET    | /api/isu/c75d0bce-8ba4-47eb-8723-48a4a0324337/icon  | 0.008 | 0.064 | 1.428    | 0.011 | 0.024 | 0.040 | 0.056 | 0.012  | 14.000     | 30648.000  | 3923049.000  | 29276.485  |
| 103   | 0   | 97    | 0   | 6    | 0   | GET    | /api/isu/f1cf962f-efea-47c4-9b5f-2833fdb0b3eb/icon  | 0.004 | 0.068 | 1.076    | 0.010 | 0.024 | 0.032 | 0.040 | 0.011  | 14.000     | 37763.000  | 3663116.000  | 35564.233  |
| 64    | 0   | 64    | 0   | 0    | 0   | GET    | /api/isu/edfe4a83-cf85-4a67-b2e6-81fe81ee037e       | 0.008 | 0.048 | 0.660    | 0.010 | 0.024 | 0.028 | 0.048 | 0.010  | 142.000    | 142.000    | 9088.000     | 142.000    |
| 106   | 0   | 106   | 0   | 0    | 0   | GET    | /api/isu/edfe4a83-cf85-4a67-b2e6-81fe81ee037e/icon  | 0.012 | 0.044 | 1.080    | 0.010 | 0.024 | 0.028 | 0.040 | 0.009  | 135228.000 | 135228.000 | 14334168.000 | 135228.000 |
| 108   | 0   | 106   | 0   | 2    | 0   | GET    | /api/isu/ad924e92-b5d6-4701-8476-f869b8ca2c26/icon  | 0.012 | 0.036 | 1.100    | 0.010 | 0.024 | 0.028 | 0.032 | 0.008  | 14.000     | 11524.000  | 1221579.000  | 11310.917  |
| 128   | 0   | 128   | 0   | 0    | 0   | GET    | /api/isu/bdda556e-32aa-48c7-9c36-626f220ca8c1/icon  | 0.004 | 0.052 | 1.300    | 0.010 | 0.020 | 0.028 | 0.052 | 0.010  | 19415.000  | 19415.000  | 2485120.000  | 19415.000  |
| 97    | 0   | 97    | 0   | 0    | 0   | GET    | /api/isu/c3c0a93e-e384-4260-aade-f9bc156e6565       | 0.004 | 0.056 | 0.968    | 0.010 | 0.024 | 0.028 | 0.056 | 0.010  | 133.000    | 133.000    | 12901.000    | 133.000    |
| 128   | 0   | 128   | 0   | 0    | 0   | GET    | /api/isu/cf360e78-f187-4282-a063-ec8e09fb70d6/icon  | 0.004 | 0.068 | 1.276    | 0.010 | 0.024 | 0.032 | 0.056 | 0.012  | 18817.000  | 18817.000  | 2408576.000  | 18817.000  |
| 128   | 0   | 128   | 0   | 0    | 0   | GET    | /api/isu/ace60301-ff8f-46a8-80c0-64b547b2e122/icon  | 0.004 | 0.056 | 1.276    | 0.010 | 0.020 | 0.028 | 0.040 | 0.009  | 26958.000  | 26958.000  | 3450624.000  | 26958.000  |
| 109   | 0   | 105   | 0   | 4    | 0   | GET    | /api/isu/d46e6167-7145-4403-8e14-7eeefce569f1/icon  | 0.004 | 0.092 | 1.072    | 0.010 | 0.024 | 0.032 | 0.060 | 0.013  | 14.000     | 14448.000  | 1517110.000  | 13918.440  |
| 137   | 0   | 133   | 0   | 4    | 0   | GET    | /api/isu/be83bfb8-f6ef-46b7-af65-6ca79fc1a6db       | 0.004 | 0.040 | 1.340    | 0.010 | 0.024 | 0.028 | 0.040 | 0.009  | 14.000     | 145.000    | 19355.000    | 141.277    |
| 111   | 0   | 107   | 0   | 4    | 0   | GET    | /api/isu/a96e33a6-5b80-4243-9e68-9a2bc3b14862/icon  | 0.004 | 0.092 | 1.084    | 0.010 | 0.020 | 0.036 | 0.044 | 0.012  | 14.000     | 74033.000  | 7921601.000  | 71365.775  |
| 85    | 0   | 84    | 0   | 1    | 0   | GET    | /api/isu/ace60301-ff8f-46a8-80c0-64b547b2e122       | 0.004 | 0.048 | 0.820    | 0.010 | 0.024 | 0.032 | 0.048 | 0.010  | 0.000      | 148.000    | 12432.000    | 146.259    |
| 236   | 0   | 232   | 0   | 4    | 0   | GET    | /api/isu/cb96d5c5-2bd8-4e80-8aee-7c013c8478d9       | 0.004 | 0.060 | 2.264    | 0.010 | 0.020 | 0.028 | 0.052 | 0.010  | 14.000     | 142.000    | 33014.000    | 139.890    |
| 65    | 0   | 61    | 0   | 4    | 0   | GET    | /api/isu/ad924e92-b5d6-4701-8476-f869b8ca2c26       | 0.008 | 0.032 | 0.608    | 0.009 | 0.020 | 0.028 | 0.032 | 0.008  | 14.000     | 148.000    | 9098.000     | 139.969    |
| 104   | 0   | 98    | 0   | 6    | 0   | GET    | /api/isu/ca7dbc1d-3f50-4a50-b985-1a040876485b/icon  | 0.004 | 0.052 | 0.972    | 0.009 | 0.020 | 0.028 | 0.040 | 0.009  | 14.000     | 23521.000  | 2305163.000  | 22165.029  |
| 185   | 0   | 181   | 0   | 4    | 0   | GET    | /api/isu/d89b71e3-cd6b-4918-8ed5-1eb2728b32ec       | 0.004 | 0.072 | 1.716    | 0.009 | 0.020 | 0.028 | 0.048 | 0.009  | 14.000     | 145.000    | 26315.000    | 142.243    |
| 162   | 0   | 154   | 0   | 8    | 0   | GET    | /api/isu/fc04a4f2-e29b-4332-bcd2-2e74cade3cd4       | 0.000 | 0.056 | 1.500    | 0.009 | 0.024 | 0.032 | 0.056 | 0.011  | 14.000     | 139.000    | 21546.000    | 133.000    |
| 111   | 0   | 105   | 0   | 6    | 0   | GET    | /api/isu/be83bfb8-f6ef-46b7-af65-6ca79fc1a6db/icon  | 0.004 | 0.060 | 1.020    | 0.009 | 0.016 | 0.028 | 0.060 | 0.011  | 14.000     | 14134.000  | 1484175.000  | 13370.946  |
| 147   | 0   | 145   | 0   | 2    | 0   | GET    | /api/isu/f1f5b4d8-916e-4d77-a838-a1d8c1856e67       | 0.008 | 0.068 | 1.336    | 0.009 | 0.020 | 0.028 | 0.040 | 0.010  | 14.000     | 139.000    | 20190.000    | 137.347    |
| 63    | 0   | 61    | 0   | 2    | 0   | GET    | /api/isu/da25e7be-9457-4ad8-b10a-983d81018cf6       | 0.004 | 0.056 | 0.572    | 0.009 | 0.024 | 0.024 | 0.056 | 0.010  | 14.000     | 133.000    | 8148.000     | 129.333    |
| 102   | 0   | 98    | 0   | 4    | 0   | GET    | /api/isu/d46e6167-7145-4403-8e14-7eeefce569f1       | 0.004 | 0.052 | 0.908    | 0.009 | 0.020 | 0.024 | 0.048 | 0.009  | 14.000     | 145.000    | 14280.000    | 140.000    |
| 5     | 0   | 1     | 0   | 4    | 0   | GET    | /api/isu/b14b8bad-6b89-4997-95de-27e85ed058f8/icon  | 0.004 | 0.032 | 0.044    | 0.009 | 0.032 | 0.032 | 0.032 | 0.012  | 14.000     | 25779.000  | 25849.000    | 5169.800   |
| 61    | 0   | 61    | 0   | 0    | 0   | GET    | /api/isu/e470538d-bd02-4144-9bc7-82786c8fd3f0       | 0.000 | 0.068 | 0.520    | 0.009 | 0.020 | 0.020 | 0.068 | 0.010  | 133.000    | 133.000    | 8113.000     | 133.000    |
| 200   | 0   | 194   | 0   | 6    | 0   | GET    | /api/isu/f1cf962f-efea-47c4-9b5f-2833fdb0b3eb       | 0.004 | 0.064 | 1.684    | 0.008 | 0.016 | 0.024 | 0.052 | 0.010  | 14.000     | 148.000    | 28817.000    | 144.085    |
| 168   | 0   | 166   | 0   | 2    | 0   | GET    | /api/isu/a96e33a6-5b80-4243-9e68-9a2bc3b14862       | 0.000 | 0.044 | 1.404    | 0.008 | 0.016 | 0.024 | 0.040 | 0.008  | 14.000     | 142.000    | 23607.000    | 140.518    |
| 61    | 0   | 61    | 0   | 0    | 0   | GET    | /api/isu/f1c350df-87ed-4aca-ba35-cbb4d19eb541       | 0.004 | 0.044 | 0.504    | 0.008 | 0.020 | 0.024 | 0.044 | 0.008  | 139.000    | 139.000    | 8479.000     | 139.000    |
| 106   | 0   | 100   | 0   | 6    | 0   | GET    | /api/isu/ca7dbc1d-3f50-4a50-b985-1a040876485b       | 0.036 | 0.036 | 0.820    | 0.008 | 0.016 | 0.028 | 0.036 | 0.008  | 14.000     | 142.000    | 14305.000    | 134.953    |
| 1942  | 0   | 1237  | 0   | 705  | 0   | POST   | /api/auth                                           | 0.004 | 0.120 | 14.536   | 0.007 | 0.020 | 0.028 | 0.048 | 0.010  | 0.000      | 19.000     | 8096.000     | 4.169      |
| 89    | 0   | 85    | 0   | 4    | 0   | GET    | /api/isu/c75d0bce-8ba4-47eb-8723-48a4a0324337       | 0.004 | 0.032 | 0.612    | 0.007 | 0.016 | 0.016 | 0.032 | 0.006  | 14.000     | 142.000    | 12140.000    | 136.404    |
| 18    | 0   | 0     | 0   | 18   | 0   | GET    | /api/isu/c648b087-fe00-4ea2-a524-b2e80555893f/icon  | 0.004 | 0.056 | 0.112    | 0.006 | 0.016 | 0.056 | 0.056 | 0.013  | 14.000     | 21.000     | 315.000      | 17.500     |
| 12    | 0   | 0     | 0   | 12   | 0   | GET    | /api/isu/cab99f63-bb3a-4648-b6df-376396f2c7ab       | 0.000 | 0.032 | 0.068    | 0.006 | 0.016 | 0.032 | 0.032 | 0.009  | 14.000     | 21.000     | 210.000      | 17.500     |
| 6     | 0   | 2     | 0   | 4    | 0   | GET    | /api/isu/f8f9647e-8fbf-4096-83f2-db34f0084270       | 0.012 | 0.016 | 0.028    | 0.005 | 0.016 | 0.016 | 0.016 | 0.007  | 14.000     | 139.000    | 348.000      | 58.000     |
| 12    | 0   | 0     | 0   | 12   | 0   | GET    | /api/isu/cab99f63-bb3a-4648-b6df-376396f2c7ab/icon  | 0.008 | 0.012 | 0.048    | 0.004 | 0.008 | 0.012 | 0.012 | 0.004  | 14.000     | 21.000     | 210.000      | 17.500     |
| 1     | 0   | 1     | 0   | 0    | 0   | GET    | /api/isu/c39e23ec-1681-4251-bd08-d082b882a74b       | 0.004 | 0.004 | 0.004    | 0.004 | 0.004 | 0.004 | 0.004 | 0.000  | 142.000    | 142.000    | 142.000      | 142.000    |
| 1     | 0   | 1     | 0   | 0    | 0   | GET    | /isu/eb104b95-3532-4828-8550-89da717b9667/graph     | 0.004 | 0.004 | 0.004    | 0.004 | 0.004 | 0.004 | 0.004 | 0.000  | 528.000    | 528.000    | 528.000      | 528.000    |
| 82592 | 0   | 82534 | 0   | 58   | 0   | POST   | /api/condition/[a-z0-9-]+                           | 0.000 | 0.108 | 299.912  | 0.004 | 0.008 | 0.024 | 0.048 | 0.010  | 0.000      | 14.000     | 42.000       | 0.001      |
| 18    | 0   | 0     | 0   | 18   | 0   | GET    | /api/isu/c648b087-fe00-4ea2-a524-b2e80555893f       | 0.012 | 0.020 | 0.064    | 0.004 | 0.012 | 0.020 | 0.020 | 0.006  | 14.000     | 21.000     | 315.000      | 17.500     |
| 36    | 0   | 0     | 0   | 36   | 0   | GET    | /api/isu/c648b087-fe00-4ea2-a524-b2e80555893f/graph | 0.020 | 0.024 | 0.124    | 0.003 | 0.016 | 0.020 | 0.024 | 0.007  | 14.000     | 21.000     | 648.000      | 18.000     |
| 6     | 0   | 2     | 0   | 4    | 0   | GET    | /api/isu/b82dcff4-8fae-4773-9956-22ab354adb7e/graph | 0.004 | 0.012 | 0.020    | 0.003 | 0.012 | 0.012 | 0.012 | 0.004  | 14.000     | 6875.000   | 12244.000    | 2040.667   |
| 24    | 0   | 0     | 0   | 24   | 0   | GET    | /api/isu/cab99f63-bb3a-4648-b6df-376396f2c7ab/graph | 0.020 | 0.020 | 0.080    | 0.003 | 0.012 | 0.020 | 0.020 | 0.006  | 14.000     | 21.000     | 432.000      | 18.000     |
| 2     | 0   | 2     | 0   | 0    | 0   | GET    | /api/isu/b14b8bad-6b89-4997-95de-27e85ed058f8/graph | 0.000 | 0.004 | 0.004    | 0.002 | 0.004 | 0.004 | 0.004 | 0.002  | 3075.000   | 3455.000   | 6530.000     | 3265.000   |
| 10    | 0   | 2     | 0   | 8    | 0   | GET    | /api/isu/eb104b95-3532-4828-8550-89da717b9667/graph | 0.008 | 0.008 | 0.020    | 0.002 | 0.004 | 0.008 | 0.008 | 0.003  | 14.000     | 6841.000   | 12280.000    | 1228.000   |
| 3     | 0   | 1     | 2   | 0    | 0   | GET    | /isu/eb104b95-3532-4828-8550-89da717b9667/condition | 0.000 | 0.004 | 0.004    | 0.001 | 0.004 | 0.004 | 0.004 | 0.002  | 0.000      | 528.000    | 528.000      | 176.000    |
| 3     | 0   | 1     | 2   | 0    | 0   | GET    | /isu/d5226f7b-3c7b-477e-ba8b-3cc7a4012e9d/condition | 0.000 | 0.004 | 0.004    | 0.001 | 0.004 | 0.004 | 0.004 | 0.002  | 0.000      | 528.000    | 528.000      | 176.000    |
| 1054  | 0   | 964   | 0   | 90   | 0   | POST   | /api/signout                                        | 0.000 | 0.012 | 0.768    | 0.001 | 0.004 | 0.004 | 0.008 | 0.002  | 0.000      | 21.000     | 1890.000     | 1.793      |
| 2326  | 0   | 1977  | 349 | 0    | 0   | GET    | /                                                   | 0.000 | 0.016 | 1.392    | 0.001 | 0.004 | 0.004 | 0.004 | 0.002  | 528.000    | 528.000    | 1043856.000  | 448.777    |
| 2023  | 0   | 973   | 0   | 1050 | 0   | GET    | /api/user/me                                        | 0.004 | 0.012 | 1.096    | 0.001 | 0.004 | 0.004 | 0.008 | 0.002  | 21.000     | 44.000     | 58948.000    | 29.139     |
| 1     | 0   | 1     | 0   | 0    | 0   | GET    | /api/isu/c39e23ec-1681-4251-bd08-d082b882a74b/icon  | 0.000 | 0.000 | 0.000    | 0.000 | 0.000 | 0.000 | 0.000 | 0.000  | 20510.000  | 20510.000  | 20510.000    | 20510.000  |
| 2     | 0   | 2     | 0   | 0    | 0   | GET    | /api/isu/d5226f7b-3c7b-477e-ba8b-3cc7a4012e9d/graph | 0.000 | 0.000 | 0.000    | 0.000 | 0.000 | 0.000 | 0.000 | 0.000  | 3073.000   | 3456.000   | 6529.000     | 3264.500   |
| 1     | 0   | 1     | 0   | 0    | 0   | GET    | /isu/b14b8bad-6b89-4997-95de-27e85ed058f8/graph     | 0.000 | 0.000 | 0.000    | 0.000 | 0.000 | 0.000 | 0.000 | 0.000  | 528.000    | 528.000    | 528.000      | 528.000    |
| 3     | 0   | 1     | 2   | 0    | 0   | GET    | /isu/b14b8bad-6b89-4997-95de-27e85ed058f8/condition | 0.000 | 0.000 | 0.000    | 0.000 | 0.000 | 0.000 | 0.000 | 0.000  | 0.000      | 528.000    | 528.000      | 176.000    |
| 1     | 0   | 1     | 0   | 0    | 0   | GET    | /isu/b82dcff4-8fae-4773-9956-22ab354adb7e/graph     | 0.000 | 0.000 | 0.000    | 0.000 | 0.000 | 0.000 | 0.000 | 0.000  | 528.000    | 528.000    | 528.000      | 528.000    |
| 1     | 0   | 1     | 0   | 0    | 0   | GET    | /isu/c39e23ec-1681-4251-bd08-d082b882a74b           | 0.000 | 0.000 | 0.000    | 0.000 | 0.000 | 0.000 | 0.000 | 0.000  | 528.000    | 528.000    | 528.000      | 528.000    |
| 3     | 0   | 1     | 0   | 2    | 0   | GET    | /api/isu/b82dcff4-8fae-4773-9956-22ab354adb7e/icon  | 0.000 | 0.000 | 0.000    | 0.000 | 0.000 | 0.000 | 0.000 | 0.000  | 14.000     | 7994.000   | 8029.000     | 2676.333   |
| 1     | 0   | 1     | 0   | 0    | 0   | GET    | /api/isu/b82dcff4-8fae-4773-9956-22ab354adb7e       | 0.000 | 0.000 | 0.000    | 0.000 | 0.000 | 0.000 | 0.000 | 0.000  | 136.000    | 136.000    | 136.000      | 136.000    |
| 1     | 0   | 1     | 0   | 0    | 0   | GET    | /isu/b82dcff4-8fae-4773-9956-22ab354adb7e           | 0.000 | 0.000 | 0.000    | 0.000 | 0.000 | 0.000 | 0.000 | 0.000  | 528.000    | 528.000    | 528.000      | 528.000    |
| 3     | 0   | 1     | 2   | 0    | 0   | GET    | /isu/8fb74e6e-4f8d-4a33-9862-dbcdc0712c7e/condition | 0.000 | 0.000 | 0.000    | 0.000 | 0.000 | 0.000 | 0.000 | 0.000  | 0.000      | 528.000    | 528.000      | 176.000    |
| 1     | 0   | 1     | 0   | 0    | 0   | GET    | /isu/8fb74e6e-4f8d-4a33-9862-dbcdc0712c7e/graph     | 0.000 | 0.000 | 0.000    | 0.000 | 0.000 | 0.000 | 0.000 | 0.000  | 528.000    | 528.000    | 528.000      | 528.000    |
| 1     | 0   | 1     | 0   | 0    | 0   | GET    | /isu/8fb74e6e-4f8d-4a33-9862-dbcdc0712c7e           | 0.000 | 0.000 | 0.000    | 0.000 | 0.000 | 0.000 | 0.000 | 0.000  | 528.000    | 528.000    | 528.000      | 528.000    |
| 3     | 0   | 1     | 2   | 0    | 0   | GET    | /isu/8469e6f6-0d29-4052-87cf-dd9bfde45014/condition | 0.000 | 0.000 | 0.000    | 0.000 | 0.000 | 0.000 | 0.000 | 0.000  | 0.000      | 528.000    | 528.000      | 176.000    |
| 2     | 0   | 2     | 0   | 0    | 0   | GET    | /api/isu/c39e23ec-1681-4251-bd08-d082b882a74b/graph | 0.000 | 0.000 | 0.000    | 0.000 | 0.000 | 0.000 | 0.000 | 0.000  | 3072.000   | 3455.000   | 6527.000     | 3263.500   |
| 1     | 0   | 1     | 0   | 0    | 0   | GET    | /isu/8469e6f6-0d29-4052-87cf-dd9bfde45014           | 0.000 | 0.000 | 0.000    | 0.000 | 0.000 | 0.000 | 0.000 | 0.000  | 528.000    | 528.000    | 528.000      | 528.000    |
| 3     | 0   | 1     | 2   | 0    | 0   | GET    | /isu/15063e10-26fc-4dac-ae3a-1f195e0c6c4a/condition | 0.000 | 0.000 | 0.000    | 0.000 | 0.000 | 0.000 | 0.000 | 0.000  | 0.000      | 528.000    | 528.000      | 176.000    |
| 1     | 0   | 1     | 0   | 0    | 0   | GET    | /isu/15063e10-26fc-4dac-ae3a-1f195e0c6c4a/graph     | 0.000 | 0.000 | 0.000    | 0.000 | 0.000 | 0.000 | 0.000 | 0.000  | 528.000    | 528.000    | 528.000      | 528.000    |
| 1     | 0   | 1     | 0   | 0    | 0   | GET    | /isu/15063e10-26fc-4dac-ae3a-1f195e0c6c4a           | 0.000 | 0.000 | 0.000    | 0.000 | 0.000 | 0.000 | 0.000 | 0.000  | 528.000    | 528.000    | 528.000      | 528.000    |
| 1     | 0   | 1     | 0   | 0    | 0   | GET    | /api/isu/d5226f7b-3c7b-477e-ba8b-3cc7a4012e9d/icon  | 0.000 | 0.000 | 0.000    | 0.000 | 0.000 | 0.000 | 0.000 | 0.000  | 16227.000  | 16227.000  | 16227.000    | 16227.000  |
| 1     | 0   | 1     | 0   | 0    | 0   | GET    | /api/isu/b14b8bad-6b89-4997-95de-27e85ed058f8       | 0.000 | 0.000 | 0.000    | 0.000 | 0.000 | 0.000 | 0.000 | 0.000  | 133.000    | 133.000    | 133.000      | 133.000    |
| 1     | 0   | 1     | 0   | 0    | 0   | GET    | /isu/8469e6f6-0d29-4052-87cf-dd9bfde45014/graph     | 0.000 | 0.000 | 0.000    | 0.000 | 0.000 | 0.000 | 0.000 | 0.000  | 528.000    | 528.000    | 528.000      | 528.000    |
| 1     | 0   | 1     | 0   | 0    | 0   | GET    | /api/isu/f8f9647e-8fbf-4096-83f2-db34f0084270/icon  | 0.000 | 0.000 | 0.000    | 0.000 | 0.000 | 0.000 | 0.000 | 0.000  | 11210.000  | 11210.000  | 11210.000    | 11210.000  |
| 3     | 0   | 1     | 2   | 0    | 0   | GET    | /isu/c39e23ec-1681-4251-bd08-d082b882a74b/condition | 0.000 | 0.000 | 0.000    | 0.000 | 0.000 | 0.000 | 0.000 | 0.000  | 0.000      | 528.000    | 528.000      | 176.000    |
| 3     | 0   | 1     | 2   | 0    | 0   | GET    | /register                                           | 0.000 | 0.000 | 0.000    | 0.000 | 0.000 | 0.000 | 0.000 | 0.000  | 0.000      | 528.000    | 528.000      | 176.000    |
| 1     | 0   | 1     | 0   | 0    | 0   | GET    | /isu/d5226f7b-3c7b-477e-ba8b-3cc7a4012e9d           | 0.000 | 0.000 | 0.000    | 0.000 | 0.000 | 0.000 | 0.000 | 0.000  | 528.000    | 528.000    | 528.000      | 528.000    |
| 3     | 0   | 1     | 2   | 0    | 0   | GET    | /isu/6278f71d-a338-4c5d-8fd9-12ece77add5b/condition | 0.000 | 0.000 | 0.000    | 0.000 | 0.000 | 0.000 | 0.000 | 0.000  | 0.000      | 528.000    | 528.000      | 176.000    |
| 1     | 0   | 1     | 0   | 0    | 0   | GET    | /isu/6278f71d-a338-4c5d-8fd9-12ece77add5b/graph     | 0.000 | 0.000 | 0.000    | 0.000 | 0.000 | 0.000 | 0.000 | 0.000  | 528.000    | 528.000    | 528.000      | 528.000    |
| 1     | 0   | 1     | 0   | 0    | 0   | GET    | /isu/6278f71d-a338-4c5d-8fd9-12ece77add5b           | 0.000 | 0.000 | 0.000    | 0.000 | 0.000 | 0.000 | 0.000 | 0.000  | 528.000    | 528.000    | 528.000      | 528.000    |
| 3     | 0   | 1     | 2   | 0    | 0   | GET    | /isu/5112418b-549f-4da1-baee-30265193657c/condition | 0.000 | 0.000 | 0.000    | 0.000 | 0.000 | 0.000 | 0.000 | 0.000  | 0.000      | 528.000    | 528.000      | 176.000    |
| 1     | 0   | 1     | 0   | 0    | 0   | GET    | /isu/5112418b-549f-4da1-baee-30265193657c/graph     | 0.000 | 0.000 | 0.000    | 0.000 | 0.000 | 0.000 | 0.000 | 0.000  | 528.000    | 528.000    | 528.000      | 528.000    |
| 1     | 0   | 1     | 0   | 0    | 0   | GET    | /isu/5112418b-549f-4da1-baee-30265193657c           | 0.000 | 0.000 | 0.000    | 0.000 | 0.000 | 0.000 | 0.000 | 0.000  | 528.000    | 528.000    | 528.000      | 528.000    |
| 1     | 0   | 1     | 0   | 0    | 0   | GET    | /api/isu/eb104b95-3532-4828-8550-89da717b9667/icon  | 0.000 | 0.000 | 0.000    | 0.000 | 0.000 | 0.000 | 0.000 | 0.000  | 11209.000  | 11209.000  | 11209.000    | 11209.000  |
| 1     | 0   | 1     | 0   | 0    | 0   | GET    | /api/isu/eb104b95-3532-4828-8550-89da717b9667       | 0.000 | 0.000 | 0.000    | 0.000 | 0.000 | 0.000 | 0.000 | 0.000  | 138.000    | 138.000    | 138.000      | 138.000    |
| 1     | 0   | 1     | 0   | 0    | 0   | GET    | /isu/c39e23ec-1681-4251-bd08-d082b882a74b/graph     | 0.000 | 0.000 | 0.000    | 0.000 | 0.000 | 0.000 | 0.000 | 0.000  | 528.000    | 528.000    | 528.000      | 528.000    |
| 1     | 0   | 1     | 0   | 0    | 0   | GET    | /isu/eb104b95-3532-4828-8550-89da717b9667           | 0.000 | 0.000 | 0.000    | 0.000 | 0.000 | 0.000 | 0.000 | 0.000  | 528.000    | 528.000    | 528.000      | 528.000    |
| 1     | 0   | 1     | 0   | 0    | 0   | GET    | /isu/d5226f7b-3c7b-477e-ba8b-3cc7a4012e9d/graph     | 0.000 | 0.000 | 0.000    | 0.000 | 0.000 | 0.000 | 0.000 | 0.000  | 528.000    | 528.000    | 528.000      | 528.000    |
| 3     | 0   | 1     | 2   | 0    | 0   | GET    | /isu/b82dcff4-8fae-4773-9956-22ab354adb7e/condition | 0.000 | 0.000 | 0.000    | 0.000 | 0.000 | 0.000 | 0.000 | 0.000  | 0.000      | 528.000    | 528.000      | 176.000    |
| 1     | 0   | 1     | 0   | 0    | 0   | GET    | /api/isu/d5226f7b-3c7b-477e-ba8b-3cc7a4012e9d       | 0.000 | 0.000 | 0.000    | 0.000 | 0.000 | 0.000 | 0.000 | 0.000  | 139.000    | 139.000    | 139.000      | 139.000    |
| 1     | 0   | 1     | 0   | 0    | 0   | GET    | /isu/b14b8bad-6b89-4997-95de-27e85ed058f8           | 0.000 | 0.000 | 0.000    | 0.000 | 0.000 | 0.000 | 0.000 | 0.000  | 528.000    | 528.000    | 528.000      | 528.000    |
+-------+-----+-------+-----+------+-----+--------+-----------------------------------------------------+-------+-------+----------+-------+-------+-------+-------+--------+------------+------------+--------------+------------+
