+--------+-----+--------+-----+------+-----+--------+-----------------------------------------------------+-------+-------+---------+-------+-------+-------+-------+--------+-----------+-----------+---------------+-----------+
| COUNT  | 1XX |  2XX   | 3XX | 4XX  | 5XX | METHOD |                         URI                         |  MIN  |  MAX  |   SUM   |  AVG  |  P90  |  P95  |  P99  | STDDEV | MIN(BODY) | MAX(BODY) |   SUM(BODY)   | AVG(BODY) |
+--------+-----+--------+-----+------+-----+--------+-----------------------------------------------------+-------+-------+---------+-------+-------+-------+-------+--------+-----------+-----------+---------------+-----------+
| 458    | 0   | 449    | 0   | 9    | 0   | POST   | /api/isu                                            | 0.028 | 0.476 | 70.536  | 0.154 | 0.280 | 0.344 | 0.456 | 0.093  | 0.000     | 144.000   | 54802.000     | 119.655   |
| 1      | 0   | 1      | 0   | 0    | 0   | POST   | /initialize                                         | 0.132 | 0.132 | 0.132   | 0.132 | 0.132 | 0.132 | 0.132 | 0.000  | 18.000    | 18.000    | 18.000        | 18.000    |
| 1      | 0   | 1      | 0   | 0    | 0   | GET    | /api/isu/e6e41507-e4f6-4fbd-9096-56ba0705e34c       | 0.128 | 0.128 | 0.128   | 0.128 | 0.128 | 0.128 | 0.128 | 0.000  | 123.000   | 123.000   | 123.000       | 123.000   |
| 3      | 0   | 3      | 0   | 0    | 0   | GET    | /api/isu/a813101b-ceb6-4aa2-8039-7664545f3865/graph | 0.008 | 0.104 | 0.176   | 0.059 | 0.104 | 0.104 | 0.104 | 0.039  | 2353.000  | 2523.000  | 7232.000      | 2410.667  |
| 2      | 0   | 1      | 0   | 1    | 0   | GET    | /api/isu/a86b679e-56fa-4a7f-b0eb-0cb4e57bac7d       | 0.004 | 0.108 | 0.112   | 0.056 | 0.108 | 0.108 | 0.108 | 0.052  | 21.000    | 117.000   | 138.000       | 69.000    |
| 3      | 0   | 3      | 0   | 0    | 0   | GET    | /api/isu/bd527bda-5240-49a1-a521-1635e68639c5/graph | 0.024 | 0.064 | 0.128   | 0.043 | 0.064 | 0.064 | 0.064 | 0.016  | 2161.000  | 2914.000  | 7319.000      | 2439.667  |
| 7      | 0   | 7      | 0   | 0    | 0   | GET    | /api/isu/cc016f07-6d49-43cf-899a-5cbe444fa650/graph | 0.004 | 0.072 | 0.252   | 0.036 | 0.072 | 0.072 | 0.072 | 0.025  | 2165.000  | 2644.000  | 17168.000     | 2452.571  |
| 3      | 0   | 3      | 0   | 0    | 0   | GET    | /api/isu/cb07381d-1298-4ec5-bb4d-21b2bd063eeb/graph | 0.024 | 0.044 | 0.104   | 0.035 | 0.044 | 0.044 | 0.044 | 0.008  | 1970.000  | 2637.000  | 7236.000      | 2412.000  |
| 5      | 0   | 5      | 0   | 0    | 0   | GET    | /api/isu/a6a65993-b289-47af-ba38-ffea38cc209c/graph | 0.004 | 0.056 | 0.160   | 0.032 | 0.056 | 0.056 | 0.056 | 0.020  | 2161.000  | 2955.000  | 13226.000     | 2645.200  |
| 3      | 0   | 3      | 0   | 0    | 0   | GET    | /api/isu/e78e1393-bc0d-4de3-b37c-34302f847c2c/graph | 0.012 | 0.064 | 0.092   | 0.031 | 0.064 | 0.064 | 0.064 | 0.024  | 2250.000  | 2549.000  | 7343.000      | 2447.667  |
| 5      | 0   | 5      | 0   | 0    | 0   | GET    | /api/isu/da8e0f2b-aaa2-416b-87d3-368cc3781cdc/graph | 0.008 | 0.052 | 0.152   | 0.030 | 0.052 | 0.052 | 0.052 | 0.017  | 1970.000  | 3136.000  | 13331.000     | 2666.200  |
| 7      | 0   | 7      | 0   | 0    | 0   | GET    | /api/isu/dc46ad39-e00a-44d6-a05a-3a5896fb18ee/graph | 0.012 | 0.144 | 0.212   | 0.030 | 0.144 | 0.144 | 0.144 | 0.047  | 2162.000  | 3171.000  | 18545.000     | 2649.286  |
| 4      | 0   | 4      | 0   | 0    | 0   | GET    | /api/isu/bd527bda-5240-49a1-a521-1635e68639c5       | 0.004 | 0.084 | 0.116   | 0.029 | 0.084 | 0.084 | 0.084 | 0.034  | 126.000   | 126.000   | 504.000       | 126.000   |
| 5      | 0   | 5      | 0   | 0    | 0   | GET    | /api/isu/d78bc912-4c09-4494-a7c8-69c1fd0669f6/graph | 0.012 | 0.088 | 0.140   | 0.028 | 0.088 | 0.088 | 0.088 | 0.032  | 2167.000  | 2955.000  | 12892.000     | 2578.400  |
| 1      | 0   | 1      | 0   | 0    | 0   | GET    | /api/isu/e17ffdeb-f95a-42fb-aeca-2767f666ed1d       | 0.028 | 0.028 | 0.028   | 0.028 | 0.028 | 0.028 | 0.028 | 0.000  | 114.000   | 114.000   | 114.000       | 114.000   |
| 1      | 0   | 1      | 0   | 0    | 0   | GET    | /api/isu/dba414d1-9e79-4dbe-ac46-f6ea36578d9f       | 0.028 | 0.028 | 0.028   | 0.028 | 0.028 | 0.028 | 0.028 | 0.000  | 123.000   | 123.000   | 123.000       | 123.000   |
| 2      | 0   | 2      | 0   | 0    | 0   | GET    | /api/isu/d7c2d544-74bb-4b4f-9d89-29bf21357f5e/graph | 0.012 | 0.044 | 0.056   | 0.028 | 0.044 | 0.044 | 0.044 | 0.016  | 2544.000  | 2553.000  | 5097.000      | 2548.500  |
| 3      | 0   | 3      | 0   | 0    | 0   | GET    | /api/isu/dadbb7b1-5fc6-4938-a3d4-dbdbf54274eb/graph | 0.008 | 0.044 | 0.084   | 0.028 | 0.044 | 0.044 | 0.044 | 0.015  | 1970.000  | 3487.000  | 8116.000      | 2705.333  |
| 9      | 0   | 9      | 0   | 0    | 0   | GET    | /api/isu/f690339b-40f7-4e05-95b7-52e689fefd0b/graph | 0.004 | 0.116 | 0.248   | 0.028 | 0.116 | 0.116 | 0.116 | 0.032  | 1970.000  | 3131.000  | 21813.000     | 2423.667  |
| 10     | 0   | 10     | 0   | 0    | 0   | GET    | /api/isu/b8929737-0e03-4447-98c8-2d3be0702fe7/graph | 0.008 | 0.100 | 0.268   | 0.027 | 0.068 | 0.100 | 0.100 | 0.031  | 1970.000  | 3678.000  | 29272.000     | 2927.200  |
| 4      | 0   | 4      | 0   | 0    | 0   | GET    | /api/isu/a8d850ae-aa43-4861-8539-395fe1508d2b       | 0.004 | 0.044 | 0.104   | 0.026 | 0.044 | 0.044 | 0.044 | 0.015  | 117.000   | 117.000   | 468.000       | 117.000   |
| 4      | 0   | 4      | 0   | 0    | 0   | GET    | /api/isu/cbba68e1-8433-4bb6-971b-2826263aa72b       | 0.012 | 0.056 | 0.104   | 0.026 | 0.056 | 0.056 | 0.056 | 0.022  | 120.000   | 120.000   | 480.000       | 120.000   |
| 1      | 0   | 1      | 0   | 0    | 0   | GET    | /api/isu/d9852a08-3ba1-4de4-bebd-7e2d6701105c       | 0.024 | 0.024 | 0.024   | 0.024 | 0.024 | 0.024 | 0.024 | 0.000  | 120.000   | 120.000   | 120.000       | 120.000   |
| 2      | 0   | 2      | 0   | 0    | 0   | GET    | /api/isu/ec667cf5-2bcf-4754-9e85-bc765fb08182/graph | 0.024 | 0.024 | 0.048   | 0.024 | 0.024 | 0.024 | 0.024 | 0.000  | 2163.000  | 2351.000  | 4514.000      | 2257.000  |
| 2      | 0   | 2      | 0   | 0    | 0   | GET    | /api/isu/ce887477-15d4-4c21-a64b-013d742cea9b/graph | 0.004 | 0.044 | 0.048   | 0.024 | 0.044 | 0.044 | 0.044 | 0.020  | 2162.000  | 2269.000  | 4431.000      | 2215.500  |
| 2      | 0   | 2      | 0   | 0    | 0   | GET    | /api/isu/ada450df-ea92-4e23-851a-3920112b14fd/graph | 0.020 | 0.024 | 0.044   | 0.022 | 0.024 | 0.024 | 0.024 | 0.002  | 2311.000  | 2544.000  | 4855.000      | 2427.500  |
| 4      | 0   | 4      | 0   | 0    | 0   | GET    | /api/isu/f6d8fcb7-73c7-480f-87ca-e62f70ff8680/graph | 0.004 | 0.060 | 0.088   | 0.022 | 0.060 | 0.060 | 0.060 | 0.022  | 2163.000  | 2928.000  | 9991.000      | 2497.750  |
| 10     | 0   | 10     | 0   | 0    | 0   | GET    | /api/isu/f0aca363-0510-4874-9464-49680c4dc32f/graph | 0.000 | 0.076 | 0.216   | 0.022 | 0.048 | 0.076 | 0.076 | 0.022  | 2161.000  | 3689.000  | 26749.000     | 2674.900  |
| 1      | 0   | 1      | 0   | 0    | 0   | GET    | /api/isu/f75a0f3d-56f2-4bac-9a12-6052ca5e9ffc       | 0.020 | 0.020 | 0.020   | 0.020 | 0.020 | 0.020 | 0.020 | 0.000  | 114.000   | 114.000   | 114.000       | 114.000   |
| 10     | 0   | 10     | 0   | 0    | 0   | GET    | /api/isu/c29ef2bb-bfe3-4449-b4d8-649125067475/graph | 0.004 | 0.048 | 0.196   | 0.020 | 0.044 | 0.048 | 0.048 | 0.017  | 1970.000  | 3201.000  | 27178.000     | 2717.800  |
| 7      | 0   | 7      | 0   | 0    | 0   | GET    | /api/isu/dd4cbfad-c23f-4811-afad-90a48b421267/graph | 0.016 | 0.036 | 0.136   | 0.019 | 0.036 | 0.036 | 0.036 | 0.012  | 2161.000  | 2750.000  | 17277.000     | 2468.143  |
| 11     | 0   | 11     | 0   | 0    | 0   | GET    | /api/isu/c2f91b8e-797d-482b-84bc-eca5ef6198f3/graph | 0.000 | 0.080 | 0.208   | 0.019 | 0.052 | 0.080 | 0.080 | 0.024  | 1970.000  | 3580.000  | 31201.000     | 2836.455  |
| 2      | 0   | 2      | 0   | 0    | 0   | GET    | /api/isu/d5c89ea1-7ac0-41d1-ad8f-28e0694fecb4/graph | 0.004 | 0.032 | 0.036   | 0.018 | 0.032 | 0.032 | 0.032 | 0.014  | 1970.000  | 2240.000  | 4210.000      | 2105.000  |
| 2      | 0   | 2      | 0   | 0    | 0   | GET    | /api/isu/b34c404d-146c-4c7f-abcf-3538a321ba54/graph | 0.036 | 0.036 | 0.036   | 0.018 | 0.036 | 0.036 | 0.036 | 0.018  | 2351.000  | 3437.000  | 5788.000      | 2894.000  |
| 13     | 0   | 13     | 0   | 0    | 0   | GET    | /api/isu/dda95489-5365-4dc6-9efc-125c5736deca/graph | 0.004 | 0.072 | 0.224   | 0.017 | 0.056 | 0.072 | 0.072 | 0.021  | 1970.000  | 3779.000  | 35077.000     | 2698.231  |
| 1      | 0   | 1      | 0   | 0    | 0   | GET    | /api/isu/c90a01a2-e6dc-489e-88c8-efb54e9acd65       | 0.016 | 0.016 | 0.016   | 0.016 | 0.016 | 0.016 | 0.016 | 0.000  | 120.000   | 120.000   | 120.000       | 120.000   |
| 4      | 0   | 4      | 0   | 0    | 0   | GET    | /api/isu/e0a37b7d-a1f6-4136-9cca-a42bef7bea49       | 0.004 | 0.036 | 0.064   | 0.016 | 0.036 | 0.036 | 0.036 | 0.012  | 120.000   | 120.000   | 480.000       | 120.000   |
| 1      | 0   | 1      | 0   | 0    | 0   | GET    | /api/isu/f2d418f1-7584-41a5-a2ba-284ffcaf07ec       | 0.016 | 0.016 | 0.016   | 0.016 | 0.016 | 0.016 | 0.016 | 0.000  | 117.000   | 117.000   | 117.000       | 117.000   |
| 21     | 0   | 21     | 0   | 0    | 0   | GET    | /api/isu/fae8d9df-bbb3-45d4-a13a-dd1b048aafc4/graph | 0.004 | 0.132 | 0.328   | 0.016 | 0.036 | 0.068 | 0.132 | 0.030  | 1970.000  | 3696.000  | 58444.000     | 2783.048  |
| 8      | 0   | 8      | 0   | 0    | 0   | GET    | /api/isu/db14e24e-6b30-43e4-aeb2-d86d9bc04a59/graph | 0.004 | 0.036 | 0.124   | 0.015 | 0.036 | 0.036 | 0.036 | 0.015  | 1970.000  | 3469.000  | 22136.000     | 2767.000  |
| 5      | 0   | 5      | 0   | 0    | 0   | GET    | /api/isu/a357fe76-77e2-4e76-8585-bbd8af3cffce/graph | 0.004 | 0.028 | 0.076   | 0.015 | 0.028 | 0.028 | 0.028 | 0.010  | 2707.000  | 3264.000  | 14775.000     | 2955.000  |
| 13     | 0   | 13     | 0   | 0    | 0   | GET    | /api/isu/e57fe558-f3f0-430e-b7ac-8245380c448c       | 0.008 | 0.056 | 0.196   | 0.015 | 0.048 | 0.056 | 0.056 | 0.018  | 117.000   | 117.000   | 1521.000      | 117.000   |
| 4      | 0   | 4      | 0   | 0    | 0   | GET    | /api/isu/d78bc912-4c09-4494-a7c8-69c1fd0669f6       | 0.004 | 0.032 | 0.060   | 0.015 | 0.032 | 0.032 | 0.032 | 0.013  | 123.000   | 123.000   | 492.000       | 123.000   |
| 4      | 0   | 4      | 0   | 0    | 0   | GET    | /api/isu/a6a65993-b289-47af-ba38-ffea38cc209c       | 0.052 | 0.052 | 0.060   | 0.015 | 0.052 | 0.052 | 0.052 | 0.022  | 126.000   | 126.000   | 504.000       | 126.000   |
| 4      | 0   | 4      | 0   | 0    | 0   | GET    | /api/isu/aebf187b-0a2f-4021-8f98-72042ec8b887       | 0.004 | 0.040 | 0.060   | 0.015 | 0.040 | 0.040 | 0.040 | 0.016  | 135.000   | 135.000   | 540.000       | 135.000   |
| 4      | 0   | 4      | 0   | 0    | 0   | GET    | /api/isu/c5a5a72c-bc13-4203-83ab-c8e2006837e5       | 0.004 | 0.040 | 0.060   | 0.015 | 0.040 | 0.040 | 0.040 | 0.015  | 132.000   | 132.000   | 528.000       | 132.000   |
| 6      | 0   | 6      | 0   | 0    | 0   | GET    | /api/isu/b8575f80-c60d-465f-a377-5b2e251b48d9/graph | 0.000 | 0.036 | 0.088   | 0.015 | 0.036 | 0.036 | 0.036 | 0.014  | 1970.000  | 3720.000  | 16826.000     | 2804.333  |
| 4      | 0   | 4      | 0   | 0    | 0   | GET    | /api/isu/c5a5a72c-bc13-4203-83ab-c8e2006837e5/graph | 0.004 | 0.028 | 0.056   | 0.014 | 0.028 | 0.028 | 0.028 | 0.009  | 2163.000  | 2561.000  | 9249.000      | 2312.250  |
| 3      | 0   | 3      | 0   | 0    | 0   | GET    | /api/isu/aebf187b-0a2f-4021-8f98-72042ec8b887/graph | 0.004 | 0.028 | 0.040   | 0.013 | 0.028 | 0.028 | 0.028 | 0.010  | 2549.000  | 2742.000  | 7867.000      | 2622.333  |
| 12     | 0   | 12     | 0   | 0    | 0   | GET    | /api/isu/d6dd1c0b-325f-4f42-a272-1894209dccb3/graph | 0.000 | 0.064 | 0.156   | 0.013 | 0.044 | 0.064 | 0.064 | 0.019  | 1970.000  | 3973.000  | 34428.000     | 2869.000  |
| 4      | 0   | 4      | 0   | 0    | 0   | GET    | /api/isu/cb07381d-1298-4ec5-bb4d-21b2bd063eeb       | 0.000 | 0.040 | 0.052   | 0.013 | 0.040 | 0.040 | 0.040 | 0.016  | 123.000   | 123.000   | 492.000       | 123.000   |
| 4      | 0   | 4      | 0   | 0    | 0   | GET    | /api/isu/e41f2656-2e25-4ad7-b875-8c98f95a3200       | 0.004 | 0.040 | 0.052   | 0.013 | 0.040 | 0.040 | 0.040 | 0.016  | 132.000   | 132.000   | 528.000       | 132.000   |
| 52     | 0   | 52     | 0   | 0    | 0   | GET    | /api/isu/dbb988eb-dbbf-4c46-8878-d15ae776aeca/graph | 0.008 | 0.084 | 0.672   | 0.013 | 0.032 | 0.056 | 0.084 | 0.018  | 1970.000  | 3719.000  | 143231.000    | 2754.442  |
| 13     | 0   | 13     | 0   | 0    | 0   | GET    | /api/isu/c80ea875-d8fd-4664-aa66-abf8d60f9c7f/graph | 0.004 | 0.044 | 0.168   | 0.013 | 0.024 | 0.044 | 0.044 | 0.012  | 1970.000  | 3500.000  | 35313.000     | 2716.385  |
| 11     | 0   | 11     | 0   | 0    | 0   | GET    | /api/isu/e57fe558-f3f0-430e-b7ac-8245380c448c/graph | 0.000 | 0.036 | 0.140   | 0.013 | 0.032 | 0.036 | 0.036 | 0.012  | 1970.000  | 3525.000  | 28435.000     | 2585.000  |
| 6      | 0   | 5      | 0   | 1    | 0   | GET    | /api/isu/a2af53a2-edb3-4d57-9387-d579313e50f9       | 0.000 | 0.036 | 0.076   | 0.013 | 0.036 | 0.036 | 0.036 | 0.014  | 0.000     | 126.000   | 630.000       | 105.000   |
| 12     | 0   | 12     | 0   | 0    | 0   | GET    | /api/isu/e1a5b4ef-71c9-4b8a-b01a-29732206638c/graph | 0.004 | 0.048 | 0.148   | 0.012 | 0.040 | 0.048 | 0.048 | 0.015  | 1970.000  | 3615.000  | 31708.000     | 2642.333  |
| 8      | 0   | 8      | 0   | 0    | 0   | GET    | /api/isu/afee0c2c-d1e3-4909-ad73-bc8cc4d1f1c9/graph | 0.004 | 0.036 | 0.096   | 0.012 | 0.036 | 0.036 | 0.036 | 0.011  | 2546.000  | 3116.000  | 22087.000     | 2760.875  |
| 1      | 0   | 1      | 0   | 0    | 0   | GET    | /api/isu/d28e0162-c550-4f4f-846c-d76a21a9f91a       | 0.012 | 0.012 | 0.012   | 0.012 | 0.012 | 0.012 | 0.012 | 0.000  | 117.000   | 117.000   | 117.000       | 117.000   |
| 1      | 0   | 1      | 0   | 0    | 0   | GET    | /api/isu/f03de338-1407-4f41-8387-a2745c2a3ed2       | 0.012 | 0.012 | 0.012   | 0.012 | 0.012 | 0.012 | 0.012 | 0.000  | 120.000   | 120.000   | 120.000       | 120.000   |
| 1      | 0   | 1      | 0   | 0    | 0   | GET    | /api/isu/bcd2c59e-81ea-44fe-8b3a-ecdd981bfe5e       | 0.012 | 0.012 | 0.012   | 0.012 | 0.012 | 0.012 | 0.012 | 0.000  | 120.000   | 120.000   | 120.000       | 120.000   |
| 1      | 0   | 1      | 0   | 0    | 0   | GET    | /api/isu/b05d3512-31fc-4999-8d47-b63e6fd2e0cf       | 0.012 | 0.012 | 0.012   | 0.012 | 0.012 | 0.012 | 0.012 | 0.000  | 114.000   | 114.000   | 114.000       | 114.000   |
| 6      | 0   | 6      | 0   | 0    | 0   | GET    | /api/isu/a2f280df-fb16-495d-bee8-3be124009e31/graph | 0.012 | 0.028 | 0.068   | 0.011 | 0.028 | 0.028 | 0.028 | 0.008  | 1970.000  | 2751.000  | 14536.000     | 2422.667  |
| 10     | 0   | 10     | 0   | 0    | 0   | GET    | /api/isu/c0f767eb-4852-4ac1-be6c-897f150a2e96       | 0.008 | 0.052 | 0.112   | 0.011 | 0.024 | 0.052 | 0.052 | 0.015  | 123.000   | 123.000   | 1230.000      | 123.000   |
| 15     | 0   | 15     | 0   | 0    | 0   | GET    | /api/isu/cc32ad33-efb7-4150-84e4-cda4c0c98e64/graph | 0.008 | 0.060 | 0.168   | 0.011 | 0.032 | 0.060 | 0.060 | 0.016  | 1970.000  | 3638.000  | 39447.000     | 2629.800  |
| 4      | 0   | 4      | 0   | 0    | 0   | GET    | /api/isu/a813101b-ceb6-4aa2-8039-7664545f3865       | 0.004 | 0.028 | 0.044   | 0.011 | 0.028 | 0.028 | 0.028 | 0.010  | 120.000   | 120.000   | 480.000       | 120.000   |
| 4      | 0   | 4      | 0   | 0    | 0   | GET    | /api/isu/a357fe76-77e2-4e76-8585-bbd8af3cffce       | 0.004 | 0.028 | 0.044   | 0.011 | 0.028 | 0.028 | 0.028 | 0.010  | 126.000   | 126.000   | 504.000       | 126.000   |
| 4      | 0   | 4      | 0   | 0    | 0   | GET    | /api/isu/b34c404d-146c-4c7f-abcf-3538a321ba54       | 0.016 | 0.024 | 0.044   | 0.011 | 0.024 | 0.024 | 0.024 | 0.010  | 123.000   | 123.000   | 492.000       | 123.000   |
| 4      | 0   | 4      | 0   | 0    | 0   | GET    | /api/isu/e1012add-6c00-4e06-abfc-79c2d95ca62a       | 0.004 | 0.016 | 0.044   | 0.011 | 0.016 | 0.016 | 0.016 | 0.004  | 132.000   | 132.000   | 528.000       | 132.000   |
| 4      | 0   | 4      | 0   | 0    | 0   | GET    | /api/isu/abdf7950-a2a6-486a-816b-8e39e20f8ebe       | 0.008 | 0.036 | 0.044   | 0.011 | 0.036 | 0.036 | 0.036 | 0.015  | 120.000   | 120.000   | 480.000       | 120.000   |
| 10     | 0   | 10     | 0   | 0    | 0   | GET    | /api/isu/a5e99062-54de-484d-810e-71aad20fffa7       | 0.000 | 0.052 | 0.108   | 0.011 | 0.016 | 0.052 | 0.052 | 0.015  | 120.000   | 120.000   | 1200.000      | 120.000   |
| 16     | 0   | 16     | 0   | 0    | 0   | GET    | /api/isu/c80ea875-d8fd-4664-aa66-abf8d60f9c7f       | 0.016 | 0.072 | 0.172   | 0.011 | 0.024 | 0.072 | 0.072 | 0.018  | 129.000   | 129.000   | 2064.000      | 129.000   |
| 3      | 0   | 3      | 0   | 0    | 0   | GET    | /api/isu/e9d2e615-65e1-4bca-8a0e-c09ed036123d/graph | 0.004 | 0.020 | 0.032   | 0.011 | 0.020 | 0.020 | 0.020 | 0.007  | 1970.000  | 3389.000  | 8098.000      | 2699.333  |
| 9      | 0   | 9      | 0   | 0    | 0   | GET    | /api/isu/d22f4137-2c20-49f8-9cdb-99587a10c2d1/graph | 0.004 | 0.048 | 0.096   | 0.011 | 0.048 | 0.048 | 0.048 | 0.013  | 1970.000  | 3575.000  | 24338.000     | 2704.222  |
| 3      | 0   | 3      | 0   | 0    | 0   | GET    | /api/isu/a02ed5ba-bc6e-42e3-bd78-2d6384876b9e/graph | 0.008 | 0.024 | 0.032   | 0.011 | 0.024 | 0.024 | 0.024 | 0.010  | 2249.000  | 2650.000  | 7191.000      | 2397.000  |
| 23     | 0   | 23     | 0   | 0    | 0   | GET    | /api/isu/a6c1bc94-45df-4bbc-9cfa-0d7f9fd45e41/graph | 0.012 | 0.060 | 0.240   | 0.010 | 0.036 | 0.056 | 0.060 | 0.017  | 1970.000  | 4485.000  | 64746.000     | 2815.043  |
| 5      | 0   | 5      | 0   | 0    | 0   | GET    | /api/isu/bc1d2d5c-ec7a-4f65-83d5-fde3cae361d6/graph | 0.004 | 0.028 | 0.052   | 0.010 | 0.028 | 0.028 | 0.028 | 0.009  | 1970.000  | 3727.000  | 14298.000     | 2859.600  |
| 27     | 0   | 27     | 0   | 0    | 0   | GET    | /api/isu/c15e8c1d-47e8-4287-9022-9e7a0e2dae10/graph | 0.012 | 0.072 | 0.280   | 0.010 | 0.024 | 0.036 | 0.072 | 0.015  | 1970.000  | 3772.000  | 71671.000     | 2654.481  |
| 30338  | 0   | 30328  | 0   | 10   | 0   | GET    | /api/trend                                          | 0.000 | 0.224 | 311.604 | 0.010 | 0.028 | 0.048 | 0.116 | 0.021  | 0.000     | 19116.000 | 324684165.000 | 10702.227 |
| 2      | 0   | 2      | 0   | 0    | 0   | GET    | /api/isu/f7aa1bc9-b144-465b-80d7-c2a1dde7a505/graph | 0.020 | 0.020 | 0.020   | 0.010 | 0.020 | 0.020 | 0.020 | 0.010  | 2540.000  | 2735.000  | 5275.000      | 2637.500  |
| 2      | 0   | 2      | 0   | 0    | 0   | GET    | /api/isu/dfdc9251-f89b-4bdd-b7b8-5530c3784a6b/graph | 0.004 | 0.016 | 0.020   | 0.010 | 0.016 | 0.016 | 0.016 | 0.006  | 2744.000  | 3615.000  | 6359.000      | 3179.500  |
| 2      | 0   | 2      | 0   | 0    | 0   | GET    | /api/isu/ef511dcb-3d09-4959-aa64-088de6b4d73b/graph | 0.020 | 0.020 | 0.020   | 0.010 | 0.020 | 0.020 | 0.020 | 0.010  | 2161.000  | 2432.000  | 4593.000      | 2296.500  |
| 4      | 0   | 4      | 0   | 0    | 0   | GET    | /api/isu/ada450df-ea92-4e23-851a-3920112b14fd       | 0.012 | 0.020 | 0.040   | 0.010 | 0.020 | 0.020 | 0.020 | 0.007  | 123.000   | 123.000   | 492.000       | 123.000   |
| 10     | 0   | 10     | 0   | 0    | 0   | GET    | /api/isu/d22f4137-2c20-49f8-9cdb-99587a10c2d1       | 0.008 | 0.028 | 0.100   | 0.010 | 0.020 | 0.028 | 0.028 | 0.010  | 123.000   | 123.000   | 1230.000      | 123.000   |
| 2      | 0   | 2      | 0   | 0    | 0   | GET    | /api/isu/a2af53a2-edb3-4d57-9387-d579313e50f9/graph | 0.008 | 0.012 | 0.020   | 0.010 | 0.012 | 0.012 | 0.012 | 0.002  | 1970.000  | 2352.000  | 4322.000      | 2161.000  |
| 70     | 0   | 70     | 0   | 0    | 0   | GET    | /api/isu/dbb988eb-dbbf-4c46-8878-d15ae776aeca       | 0.016 | 0.140 | 0.680   | 0.010 | 0.020 | 0.036 | 0.140 | 0.019  | 118.000   | 118.000   | 8260.000      | 118.000   |
| 7      | 0   | 7      | 0   | 0    | 0   | GET    | /api/isu/a2f280df-fb16-495d-bee8-3be124009e31       | 0.004 | 0.032 | 0.068   | 0.010 | 0.032 | 0.032 | 0.032 | 0.011  | 123.000   | 123.000   | 861.000       | 123.000   |
| 10     | 0   | 10     | 0   | 0    | 0   | GET    | /api/isu/adf8e3a3-447a-4b27-9bd3-03a20bddaec1       | 0.004 | 0.024 | 0.096   | 0.010 | 0.024 | 0.024 | 0.024 | 0.009  | 123.000   | 123.000   | 1230.000      | 123.000   |
| 16     | 0   | 16     | 0   | 0    | 0   | GET    | /api/isu/b6213f92-53f0-4d5d-94ee-90eb64e9458a       | 0.000 | 0.068 | 0.152   | 0.010 | 0.028 | 0.068 | 0.068 | 0.017  | 123.000   | 123.000   | 1968.000      | 123.000   |
| 51     | 0   | 51     | 0   | 0    | 0   | GET    | /api/isu/f602128a-4fef-4638-8f2c-2e5259dab6f3/graph | 0.008 | 0.080 | 0.484   | 0.009 | 0.024 | 0.056 | 0.080 | 0.018  | 1970.000  | 4634.000  | 147306.000    | 2888.353  |
| 122    | 0   | 122    | 0   | 0    | 0   | GET    | /api/isu/a4d51dd7-1307-46f3-818a-a30baf51fbbb/graph | 0.000 | 0.064 | 1.148   | 0.009 | 0.028 | 0.036 | 0.052 | 0.013  | 1970.000  | 3723.000  | 342381.000    | 2806.402  |
| 27     | 0   | 23     | 0   | 4    | 0   | GET    | /api/isu/a385a277-e638-4556-b980-b398f255d81b/graph | 0.004 | 0.048 | 0.252   | 0.009 | 0.028 | 0.028 | 0.048 | 0.011  | 14.000    | 3616.000  | 60930.000     | 2256.667  |
| 3      | 0   | 3      | 0   | 0    | 0   | GET    | /api/isu/e1be3673-b43e-40a0-bafc-16a401fd446d/graph | 0.004 | 0.016 | 0.028   | 0.009 | 0.016 | 0.016 | 0.016 | 0.005  | 2167.000  | 2357.000  | 6877.000      | 2292.333  |
| 7      | 0   | 7      | 0   | 0    | 0   | GET    | /api/isu/c29ef2bb-bfe3-4449-b4d8-649125067475       | 0.032 | 0.032 | 0.064   | 0.009 | 0.032 | 0.032 | 0.032 | 0.010  | 111.000   | 111.000   | 777.000       | 111.000   |
| 4      | 0   | 4      | 0   | 0    | 0   | GET    | /api/isu/da8e0f2b-aaa2-416b-87d3-368cc3781cdc       | 0.004 | 0.032 | 0.036   | 0.009 | 0.032 | 0.032 | 0.032 | 0.013  | 132.000   | 132.000   | 528.000       | 132.000   |
| 4      | 0   | 4      | 0   | 0    | 0   | GET    | /api/isu/ec667cf5-2bcf-4754-9e85-bc765fb08182       | 0.008 | 0.012 | 0.036   | 0.009 | 0.012 | 0.012 | 0.012 | 0.002  | 123.000   | 123.000   | 492.000       | 123.000   |
| 4      | 0   | 4      | 0   | 0    | 0   | GET    | /api/isu/a76ba06c-f63f-404a-9923-33272f3a5924       | 0.004 | 0.016 | 0.036   | 0.009 | 0.016 | 0.016 | 0.016 | 0.004  | 129.000   | 129.000   | 516.000       | 129.000   |
| 4      | 0   | 4      | 0   | 0    | 0   | GET    | /api/isu/f6d8fcb7-73c7-480f-87ca-e62f70ff8680       | 0.004 | 0.024 | 0.036   | 0.009 | 0.024 | 0.024 | 0.024 | 0.009  | 117.000   | 117.000   | 468.000       | 117.000   |
| 13     | 0   | 13     | 0   | 0    | 0   | GET    | /api/isu/f690339b-40f7-4e05-95b7-52e689fefd0b       | 0.000 | 0.036 | 0.112   | 0.009 | 0.032 | 0.036 | 0.036 | 0.012  | 123.000   | 123.000   | 1599.000      | 123.000   |
| 8      | 0   | 8      | 0   | 0    | 0   | GET    | /api/isu/a5e99062-54de-484d-810e-71aad20fffa7/graph | 0.008 | 0.032 | 0.068   | 0.009 | 0.032 | 0.032 | 0.032 | 0.009  | 1970.000  | 2735.000  | 18860.000     | 2357.500  |
| 9      | 0   | 9      | 0   | 0    | 0   | GET    | /api/isu/adf8e3a3-447a-4b27-9bd3-03a20bddaec1/graph | 0.000 | 0.020 | 0.076   | 0.008 | 0.020 | 0.020 | 0.020 | 0.006  | 1970.000  | 3574.000  | 24926.000     | 2769.556  |
| 10     | 0   | 10     | 0   | 0    | 0   | GET    | /api/isu/b89a0ce1-914e-499f-bd44-fffcd800018c/graph | 0.004 | 0.032 | 0.084   | 0.008 | 0.028 | 0.032 | 0.032 | 0.012  | 1970.000  | 3656.000  | 28898.000     | 2889.800  |
| 4      | 0   | 4      | 0   | 0    | 0   | GET    | /api/isu/ee26390d-db8d-412a-9bb2-7e0cb8a4e3b0       | 0.000 | 0.028 | 0.032   | 0.008 | 0.028 | 0.028 | 0.028 | 0.012  | 123.000   | 123.000   | 492.000       | 123.000   |
| 1      | 0   | 1      | 0   | 0    | 0   | GET    | /api/isu/bf3f25ee-fbd0-4a4a-920b-4a7d58d03a5e       | 0.008 | 0.008 | 0.008   | 0.008 | 0.008 | 0.008 | 0.008 | 0.000  | 111.000   | 111.000   | 111.000       | 111.000   |
| 4      | 0   | 4      | 0   | 0    | 0   | GET    | /api/isu/cc016f07-6d49-43cf-899a-5cbe444fa650       | 0.028 | 0.028 | 0.032   | 0.008 | 0.028 | 0.028 | 0.028 | 0.012  | 132.000   | 132.000   | 528.000       | 132.000   |
| 2      | 0   | 2      | 0   | 0    | 0   | GET    | /api/isu/a618b068-cfc4-4ed0-a335-585ce5d41d4a       | 0.008 | 0.008 | 0.016   | 0.008 | 0.008 | 0.008 | 0.008 | 0.000  | 120.000   | 120.000   | 240.000       | 120.000   |
| 4      | 0   | 4      | 0   | 0    | 0   | GET    | /api/isu/a3615ddf-62ec-4829-9b94-0d0e25e08586       | 0.004 | 0.020 | 0.032   | 0.008 | 0.020 | 0.020 | 0.020 | 0.007  | 120.000   | 120.000   | 480.000       | 120.000   |
| 1      | 0   | 1      | 0   | 0    | 0   | GET    | /api/isu/ef3e2f36-0fb1-41f4-be24-f2c766249ee3       | 0.008 | 0.008 | 0.008   | 0.008 | 0.008 | 0.008 | 0.008 | 0.000  | 123.000   | 123.000   | 123.000       | 123.000   |
| 1      | 0   | 1      | 0   | 0    | 0   | GET    | /api/isu/ad0bcb0e-5ee4-41cd-aa97-94fac6b43958       | 0.008 | 0.008 | 0.008   | 0.008 | 0.008 | 0.008 | 0.008 | 0.000  | 129.000   | 129.000   | 129.000       | 129.000   |
| 4      | 0   | 4      | 0   | 0    | 0   | GET    | /api/isu/d83ac539-6343-476d-a3df-c8fb66e4de7e       | 0.000 | 0.016 | 0.032   | 0.008 | 0.016 | 0.016 | 0.016 | 0.008  | 123.000   | 123.000   | 492.000       | 123.000   |
| 3      | 0   | 3      | 0   | 0    | 0   | GET    | /api/isu/b0d94e9c-56af-4612-b923-99afab0fe49b       | 0.012 | 0.012 | 0.024   | 0.008 | 0.012 | 0.012 | 0.012 | 0.006  | 129.000   | 129.000   | 387.000       | 129.000   |
| 2      | 0   | 2      | 0   | 0    | 0   | GET    | /api/isu/cbba68e1-8433-4bb6-971b-2826263aa72b/graph | 0.004 | 0.012 | 0.016   | 0.008 | 0.012 | 0.012 | 0.012 | 0.004  | 2161.000  | 3125.000  | 5286.000      | 2643.000  |
| 4      | 0   | 4      | 0   | 0    | 0   | GET    | /api/isu/d5c89ea1-7ac0-41d1-ad8f-28e0694fecb4       | 0.004 | 0.012 | 0.032   | 0.008 | 0.012 | 0.012 | 0.012 | 0.004  | 123.000   | 123.000   | 492.000       | 123.000   |
| 2      | 0   | 2      | 0   | 0    | 0   | GET    | /api/isu/f1bfb371-6f82-4ea4-9167-8e55bc9c2777/graph | 0.004 | 0.012 | 0.016   | 0.008 | 0.012 | 0.012 | 0.012 | 0.004  | 2543.000  | 2748.000  | 5291.000      | 2645.500  |
| 3      | 0   | 3      | 0   | 0    | 0   | GET    | /api/isu/d83ac539-6343-476d-a3df-c8fb66e4de7e/graph | 0.000 | 0.012 | 0.024   | 0.008 | 0.012 | 0.012 | 0.012 | 0.006  | 2350.000  | 3327.000  | 8606.000      | 2868.667  |
| 7      | 0   | 7      | 0   | 0    | 0   | GET    | /api/isu/af52306a-1302-42b8-aabc-83f14a076842       | 0.012 | 0.016 | 0.056   | 0.008 | 0.016 | 0.016 | 0.016 | 0.006  | 126.000   | 126.000   | 882.000       | 126.000   |
| 21     | 0   | 17     | 0   | 4    | 0   | GET    | /api/isu/b3ef214c-ad41-4e2a-a3a1-07c91cad8eac/graph | 0.004 | 0.024 | 0.160   | 0.008 | 0.020 | 0.024 | 0.024 | 0.007  | 14.000    | 4180.000  | 53069.000     | 2527.095  |
| 11777  | 0   | 11511  | 0   | 266  | 0   | GET    | /api/condition/[a-z0-9-]+                           | 0.012 | 0.168 | 88.420  | 0.008 | 0.020 | 0.036 | 0.064 | 0.014  | 3.000     | 6342.000  | 45312499.000  | 3847.542  |
| 8      | 0   | 8      | 0   | 0    | 0   | GET    | /api/isu/e38480bb-9e9c-4e7e-815d-6e328e7a0368/graph | 0.008 | 0.020 | 0.060   | 0.007 | 0.020 | 0.020 | 0.020 | 0.008  | 1970.000  | 3308.000  | 22829.000     | 2853.625  |
| 7      | 0   | 7      | 0   | 0    | 0   | GET    | /api/isu/a9c5af11-1021-4cb4-b504-3fa22f8278fe       | 0.004 | 0.016 | 0.052   | 0.007 | 0.016 | 0.016 | 0.016 | 0.006  | 126.000   | 126.000   | 882.000       | 126.000   |
| 22     | 0   | 22     | 0   | 0    | 0   | GET    | /api/isu/d57319b8-67af-4ba4-8f4a-b92a2f08cb60/graph | 0.004 | 0.032 | 0.156   | 0.007 | 0.012 | 0.024 | 0.032 | 0.007  | 1970.000  | 4379.000  | 62082.000     | 2821.909  |
| 13     | 0   | 13     | 0   | 0    | 0   | GET    | /api/isu/e1a5b4ef-71c9-4b8a-b01a-29732206638c       | 0.000 | 0.024 | 0.092   | 0.007 | 0.016 | 0.024 | 0.024 | 0.007  | 111.000   | 111.000   | 1443.000      | 111.000   |
| 4      | 0   | 4      | 0   | 0    | 0   | GET    | /api/isu/e9d2e615-65e1-4bca-8a0e-c09ed036123d       | 0.008 | 0.012 | 0.028   | 0.007 | 0.012 | 0.012 | 0.012 | 0.004  | 120.000   | 120.000   | 480.000       | 120.000   |
| 4      | 0   | 4      | 0   | 0    | 0   | GET    | /api/isu/ef511dcb-3d09-4959-aa64-088de6b4d73b       | 0.000 | 0.028 | 0.028   | 0.007 | 0.028 | 0.028 | 0.028 | 0.012  | 117.000   | 117.000   | 468.000       | 117.000   |
| 4      | 0   | 4      | 0   | 0    | 0   | GET    | /api/isu/e1be3673-b43e-40a0-bafc-16a401fd446d       | 0.004 | 0.012 | 0.028   | 0.007 | 0.012 | 0.012 | 0.012 | 0.003  | 123.000   | 123.000   | 492.000       | 123.000   |
| 4      | 0   | 4      | 0   | 0    | 0   | GET    | /api/isu/f7aa1bc9-b144-465b-80d7-c2a1dde7a505       | 0.004 | 0.016 | 0.028   | 0.007 | 0.016 | 0.016 | 0.016 | 0.006  | 123.000   | 123.000   | 492.000       | 123.000   |
| 4      | 0   | 4      | 0   | 0    | 0   | GET    | /api/isu/a8d850ae-aa43-4861-8539-395fe1508d2b/graph | 0.008 | 0.020 | 0.028   | 0.007 | 0.020 | 0.020 | 0.020 | 0.008  | 2165.000  | 2640.000  | 9785.000      | 2446.250  |
| 7      | 0   | 7      | 0   | 0    | 0   | GET    | /api/isu/b850ce48-0081-4fe4-bcac-c49127ea198b/graph | 0.004 | 0.024 | 0.048   | 0.007 | 0.024 | 0.024 | 0.024 | 0.008  | 1970.000  | 3783.000  | 19330.000     | 2761.429  |
| 7      | 0   | 7      | 0   | 0    | 0   | GET    | /api/isu/db14e24e-6b30-43e4-aeb2-d86d9bc04a59       | 0.000 | 0.024 | 0.048   | 0.007 | 0.024 | 0.024 | 0.024 | 0.008  | 117.000   | 117.000   | 819.000       | 117.000   |
| 7      | 0   | 7      | 0   | 0    | 0   | GET    | /api/isu/dd4cbfad-c23f-4811-afad-90a48b421267       | 0.000 | 0.032 | 0.048   | 0.007 | 0.032 | 0.032 | 0.032 | 0.011  | 129.000   | 129.000   | 903.000       | 129.000   |
| 52     | 0   | 52     | 0   | 0    | 0   | GET    | /api/isu/c15e8c1d-47e8-4287-9022-9e7a0e2dae10       | 0.008 | 0.044 | 0.352   | 0.007 | 0.020 | 0.028 | 0.044 | 0.010  | 120.000   | 120.000   | 6240.000      | 120.000   |
| 53     | 0   | 53     | 0   | 0    | 0   | GET    | /api/isu/b8ae1c41-a74c-4395-bfee-754f8bae8324/graph | 0.008 | 0.064 | 0.356   | 0.007 | 0.016 | 0.040 | 0.064 | 0.013  | 1970.000  | 3880.000  | 138836.000    | 2619.547  |
| 124    | 0   | 124    | 0   | 0    | 0   | GET    | /api/isu/a4d51dd7-1307-46f3-818a-a30baf51fbbb       | 0.000 | 0.048 | 0.828   | 0.007 | 0.020 | 0.032 | 0.040 | 0.009  | 122.000   | 122.000   | 15128.000     | 122.000   |
| 3      | 0   | 3      | 0   | 0    | 0   | GET    | /api/isu/ee26390d-db8d-412a-9bb2-7e0cb8a4e3b0/graph | 0.012 | 0.012 | 0.020   | 0.007 | 0.012 | 0.012 | 0.012 | 0.005  | 2930.000  | 3128.000  | 9066.000      | 3022.000  |
| 30     | 0   | 28     | 0   | 2    | 0   | GET    | /api/isu/ce36daf4-4da0-4e41-9b7b-32ccc43f03ef       | 0.004 | 0.100 | 0.192   | 0.006 | 0.008 | 0.012 | 0.100 | 0.018  | 14.000    | 123.000   | 3479.000      | 115.967   |
| 10     | 0   | 10     | 0   | 0    | 0   | GET    | /api/isu/afee0c2c-d1e3-4909-ad73-bc8cc4d1f1c9       | 0.012 | 0.016 | 0.064   | 0.006 | 0.012 | 0.016 | 0.016 | 0.005  | 132.000   | 132.000   | 1320.000      | 132.000   |
| 22     | 0   | 22     | 0   | 0    | 0   | GET    | /api/isu/ce36daf4-4da0-4e41-9b7b-32ccc43f03ef/graph | 0.004 | 0.044 | 0.140   | 0.006 | 0.012 | 0.020 | 0.044 | 0.009  | 1970.000  | 3777.000  | 63033.000     | 2865.136  |
| 21     | 0   | 21     | 0   | 0    | 0   | GET    | /api/isu/b68f8e87-baa7-4f17-8880-5b691358e9d7/graph | 0.000 | 0.048 | 0.132   | 0.006 | 0.012 | 0.020 | 0.048 | 0.011  | 1970.000  | 3670.000  | 56578.000     | 2694.190  |
| 6      | 0   | 6      | 0   | 0    | 0   | GET    | /api/isu/af52306a-1302-42b8-aabc-83f14a076842/graph | 0.004 | 0.016 | 0.036   | 0.006 | 0.016 | 0.016 | 0.016 | 0.006  | 1970.000  | 3645.000  | 16383.000     | 2730.500  |
| 4      | 0   | 4      | 0   | 0    | 0   | GET    | /api/isu/dc46ad39-e00a-44d6-a05a-3a5896fb18ee       | 0.004 | 0.016 | 0.024   | 0.006 | 0.016 | 0.016 | 0.016 | 0.006  | 114.000   | 114.000   | 456.000       | 114.000   |
| 4      | 0   | 4      | 0   | 0    | 0   | GET    | /api/isu/dfdc9251-f89b-4bdd-b7b8-5530c3784a6b       | 0.004 | 0.012 | 0.024   | 0.006 | 0.012 | 0.012 | 0.012 | 0.003  | 114.000   | 114.000   | 456.000       | 114.000   |
| 2      | 0   | 2      | 0   | 0    | 0   | GET    | /api/isu/eecd0859-f51b-47cf-9045-75185319dab9/graph | 0.004 | 0.008 | 0.012   | 0.006 | 0.008 | 0.008 | 0.008 | 0.002  | 2546.000  | 3277.000  | 5823.000      | 2911.500  |
| 4      | 0   | 4      | 0   | 0    | 0   | GET    | /api/isu/a203cfd8-04ad-4074-98e2-8a5e3b736188       | 0.012 | 0.012 | 0.024   | 0.006 | 0.012 | 0.012 | 0.012 | 0.004  | 123.000   | 123.000   | 492.000       | 123.000   |
| 4      | 0   | 4      | 0   | 0    | 0   | GET    | /api/isu/e86dd322-4dbd-46da-a466-e2708789d80e       | 0.000 | 0.012 | 0.024   | 0.006 | 0.012 | 0.012 | 0.012 | 0.004  | 117.000   | 117.000   | 468.000       | 117.000   |
| 4      | 0   | 4      | 0   | 0    | 0   | GET    | /api/isu/f1bfb371-6f82-4ea4-9167-8e55bc9c2777       | 0.000 | 0.012 | 0.024   | 0.006 | 0.012 | 0.012 | 0.012 | 0.004  | 132.000   | 132.000   | 528.000       | 132.000   |
| 4      | 0   | 4      | 0   | 0    | 0   | GET    | /api/isu/fd6f8f2d-0af7-40f1-a20f-2c49f99c4564       | 0.020 | 0.020 | 0.024   | 0.006 | 0.020 | 0.020 | 0.020 | 0.008  | 132.000   | 132.000   | 528.000       | 132.000   |
| 34     | 0   | 34     | 0   | 0    | 0   | GET    | /api/isu/b68f8e87-baa7-4f17-8880-5b691358e9d7       | 0.000 | 0.040 | 0.200   | 0.006 | 0.020 | 0.024 | 0.040 | 0.009  | 123.000   | 123.000   | 4182.000      | 123.000   |
| 36     | 0   | 34     | 0   | 2    | 0   | GET    | /api/isu/a385a277-e638-4556-b980-b398f255d81b       | 0.052 | 0.052 | 0.208   | 0.006 | 0.012 | 0.016 | 0.052 | 0.009  | 14.000    | 120.000   | 4115.000      | 114.306   |
| 10     | 0   | 10     | 0   | 0    | 0   | GET    | /api/isu/b850ce48-0081-4fe4-bcac-c49127ea198b       | 0.000 | 0.032 | 0.056   | 0.006 | 0.012 | 0.032 | 0.032 | 0.010  | 114.000   | 114.000   | 1140.000      | 114.000   |
| 1827   | 0   | 1515   | 0   | 312  | 0   | POST   | /api/auth                                           | 0.004 | 0.120 | 10.208  | 0.006 | 0.016 | 0.024 | 0.048 | 0.010  | 0.000     | 19.000    | 3588.000      | 1.964     |
| 36     | 0   | 36     | 0   | 0    | 0   | GET    | /api/isu/fa92f31f-7f3b-44f0-82cb-f7b3106ee222/graph | 0.004 | 0.040 | 0.196   | 0.005 | 0.012 | 0.040 | 0.040 | 0.009  | 1970.000  | 3989.000  | 101713.000    | 2825.361  |
| 181591 | 0   | 181333 | 0   | 253  | 5   | POST   | /api/condition/[a-z0-9-]+                           | 0.034 | 0.296 | 977.445 | 0.005 | 0.016 | 0.020 | 0.040 | 0.010  | 0.000     | 0.000     | 0.000         | 0.000     |
| 3      | 0   | 3      | 0   | 0    | 0   | GET    | /api/isu/fd6f8f2d-0af7-40f1-a20f-2c49f99c4564/graph | 0.004 | 0.008 | 0.016   | 0.005 | 0.008 | 0.008 | 0.008 | 0.002  | 2653.000  | 3787.000  | 10141.000     | 3380.333  |
| 6      | 0   | 6      | 0   | 0    | 0   | GET    | /api/isu/c0f767eb-4852-4ac1-be6c-897f150a2e96/graph | 0.000 | 0.012 | 0.032   | 0.005 | 0.012 | 0.012 | 0.012 | 0.004  | 2541.000  | 3132.000  | 17679.000     | 2946.500  |
| 3      | 0   | 3      | 0   | 0    | 0   | GET    | /api/isu/e41f2656-2e25-4ad7-b875-8c98f95a3200/graph | 0.004 | 0.008 | 0.016   | 0.005 | 0.008 | 0.008 | 0.008 | 0.002  | 2635.000  | 3030.000  | 8401.000      | 2800.333  |
| 8296   | 0   | 7962   | 0   | 334  | 0   | GET    | /api/isu/[0-9]+                                     | 0.000 | 0.160 | 44.040  | 0.005 | 0.016 | 0.024 | 0.052 | 0.010  | 0.000     | 4673.000  | 9983543.000   | 1203.416  |
| 65     | 0   | 65     | 0   | 0    | 0   | GET    | /api/isu/c22194fd-13c6-4a57-aebf-7f412ff203c5/graph | 0.040 | 0.060 | 0.340   | 0.005 | 0.012 | 0.020 | 0.060 | 0.010  | 1970.000  | 3889.000  | 179138.000    | 2755.969  |
| 21     | 0   | 21     | 0   | 0    | 0   | GET    | /api/isu/bb91a8a4-1b06-4b3f-af4b-138b16e5c544       | 0.004 | 0.020 | 0.108   | 0.005 | 0.016 | 0.016 | 0.020 | 0.006  | 123.000   | 123.000   | 2583.000      | 123.000   |
| 4      | 0   | 4      | 0   | 0    | 0   | GET    | /api/isu/d7c2d544-74bb-4b4f-9d89-29bf21357f5e       | 0.004 | 0.008 | 0.020   | 0.005 | 0.008 | 0.008 | 0.008 | 0.002  | 111.000   | 111.000   | 444.000       | 111.000   |
| 4      | 0   | 4      | 0   | 0    | 0   | GET    | /api/isu/dadbb7b1-5fc6-4938-a3d4-dbdbf54274eb       | 0.004 | 0.012 | 0.020   | 0.005 | 0.012 | 0.012 | 0.012 | 0.004  | 120.000   | 120.000   | 480.000       | 120.000   |
| 28     | 0   | 28     | 0   | 0    | 0   | GET    | /api/isu/fb2863d2-367b-4761-a6f9-17c4e481d3a2/graph | 0.004 | 0.040 | 0.140   | 0.005 | 0.012 | 0.032 | 0.040 | 0.009  | 1970.000  | 3863.000  | 74951.000     | 2676.821  |
| 4      | 0   | 4      | 0   | 0    | 0   | GET    | /api/isu/a02ed5ba-bc6e-42e3-bd78-2d6384876b9e       | 0.000 | 0.016 | 0.020   | 0.005 | 0.016 | 0.016 | 0.016 | 0.007  | 117.000   | 117.000   | 468.000       | 117.000   |
| 13     | 0   | 13     | 0   | 0    | 0   | GET    | /api/isu/b89a0ce1-914e-499f-bd44-fffcd800018c       | 0.004 | 0.020 | 0.064   | 0.005 | 0.012 | 0.020 | 0.020 | 0.005  | 117.000   | 117.000   | 1521.000      | 117.000   |
| 13     | 0   | 13     | 0   | 0    | 0   | GET    | /api/isu/dda95489-5365-4dc6-9efc-125c5736deca       | 0.004 | 0.048 | 0.064   | 0.005 | 0.008 | 0.048 | 0.048 | 0.013  | 120.000   | 120.000   | 1560.000      | 120.000   |
| 10     | 0   | 10     | 0   | 0    | 0   | GET    | /api/isu/b6213f92-53f0-4d5d-94ee-90eb64e9458a/graph | 0.004 | 0.028 | 0.048   | 0.005 | 0.008 | 0.028 | 0.028 | 0.008  | 1970.000  | 3132.000  | 24811.000     | 2481.100  |
| 77     | 0   | 77     | 0   | 0    | 0   | GET    | /api/isu/ea3d5772-b061-46ac-a17c-6c0a3313ebb2/graph | 0.012 | 0.060 | 0.364   | 0.005 | 0.012 | 0.020 | 0.060 | 0.009  | 1970.000  | 4071.000  | 225101.000    | 2923.390  |
| 25     | 0   | 25     | 0   | 0    | 0   | GET    | /api/isu/fae8d9df-bbb3-45d4-a13a-dd1b048aafc4       | 0.008 | 0.032 | 0.116   | 0.005 | 0.012 | 0.016 | 0.032 | 0.007  | 120.000   | 120.000   | 3000.000      | 120.000   |
| 13     | 0   | 13     | 0   | 0    | 0   | GET    | /api/isu/bb91a8a4-1b06-4b3f-af4b-138b16e5c544/graph | 0.004 | 0.016 | 0.060   | 0.005 | 0.012 | 0.016 | 0.016 | 0.005  | 1970.000  | 4086.000  | 35207.000     | 2708.231  |
| 7      | 0   | 7      | 0   | 0    | 0   | GET    | /api/isu/c2f91b8e-797d-482b-84bc-eca5ef6198f3       | 0.000 | 0.016 | 0.032   | 0.005 | 0.016 | 0.016 | 0.016 | 0.006  | 117.000   | 117.000   | 819.000       | 117.000   |
| 31     | 0   | 31     | 0   | 0    | 0   | GET    | /api/isu/d57319b8-67af-4ba4-8f4a-b92a2f08cb60       | 0.004 | 0.032 | 0.140   | 0.005 | 0.012 | 0.028 | 0.032 | 0.008  | 123.000   | 123.000   | 3813.000      | 123.000   |
| 59     | 0   | 59     | 0   | 0    | 0   | GET    | /api/isu/c972c274-e1c2-4120-84bc-907f4b52b167/graph | 0.000 | 0.084 | 0.264   | 0.004 | 0.012 | 0.024 | 0.084 | 0.012  | 1970.000  | 4186.000  | 169063.000    | 2865.475  |
| 48     | 0   | 44     | 0   | 4    | 0   | GET    | /api/isu/b411e13e-00cc-4df3-a84f-00dbf30a22a5/graph | 0.008 | 0.064 | 0.212   | 0.004 | 0.008 | 0.020 | 0.064 | 0.010  | 14.000    | 3724.000  | 122449.000    | 2551.021  |
| 10     | 0   | 10     | 0   | 0    | 0   | GET    | /api/isu/b8929737-0e03-4447-98c8-2d3be0702fe7       | 0.000 | 0.016 | 0.044   | 0.004 | 0.012 | 0.016 | 0.016 | 0.005  | 117.000   | 117.000   | 1170.000      | 117.000   |
| 19     | 0   | 19     | 0   | 0    | 0   | GET    | /api/isu/d6dd1c0b-325f-4f42-a272-1894209dccb3       | 0.004 | 0.032 | 0.080   | 0.004 | 0.012 | 0.032 | 0.032 | 0.007  | 138.000   | 138.000   | 2622.000      | 138.000   |
| 43     | 0   | 43     | 0   | 0    | 0   | GET    | /api/isu/e48ba253-68b1-4c56-9462-55753ccd884a/graph | 0.004 | 0.036 | 0.180   | 0.004 | 0.008 | 0.024 | 0.036 | 0.008  | 1970.000  | 4026.000  | 113238.000    | 2633.442  |
| 22     | 0   | 22     | 0   | 0    | 0   | GET    | /api/isu/cc32ad33-efb7-4150-84e4-cda4c0c98e64       | 0.028 | 0.028 | 0.092   | 0.004 | 0.008 | 0.012 | 0.028 | 0.006  | 117.000   | 117.000   | 2574.000      | 117.000   |
| 73     | 0   | 73     | 0   | 0    | 0   | GET    | /api/isu/dc4e446c-87f8-4fe4-a650-de4392b54803/graph | 0.004 | 0.036 | 0.300   | 0.004 | 0.012 | 0.020 | 0.036 | 0.006  | 1970.000  | 4102.000  | 215106.000    | 2946.658  |
| 28     | 0   | 28     | 0   | 0    | 0   | GET    | /api/isu/d20984fc-a5b2-4fd3-b1b9-80c7a4c1fb6c/graph | 0.004 | 0.024 | 0.112   | 0.004 | 0.012 | 0.020 | 0.024 | 0.006  | 1970.000  | 3305.000  | 70999.000     | 2535.679  |
| 1      | 0   | 1      | 0   | 0    | 0   | GET    | /api/isu/b622348c-752f-4288-be63-4aef835bbf37       | 0.004 | 0.004 | 0.004   | 0.004 | 0.004 | 0.004 | 0.004 | 0.000  | 123.000   | 123.000   | 123.000       | 123.000   |
| 1      | 0   | 1      | 0   | 0    | 0   | GET    | /api/isu/e7d6b74f-d884-4442-b504-dafaab88cc49       | 0.004 | 0.004 | 0.004   | 0.004 | 0.004 | 0.004 | 0.004 | 0.000  | 129.000   | 129.000   | 129.000       | 129.000   |
| 2      | 0   | 2      | 0   | 0    | 0   | GET    | /api/isu/a203cfd8-04ad-4074-98e2-8a5e3b736188/graph | 0.004 | 0.004 | 0.008   | 0.004 | 0.004 | 0.004 | 0.004 | 0.000  | 2353.000  | 2546.000  | 4899.000      | 2449.500  |
| 2      | 0   | 2      | 0   | 0    | 0   | GET    | /api/isu/bf34fcc9-3ece-427b-ba7e-27b1813fc0b3       | 0.004 | 0.004 | 0.008   | 0.004 | 0.004 | 0.004 | 0.004 | 0.000  | 114.000   | 114.000   | 228.000       | 114.000   |
| 1      | 0   | 1      | 0   | 0    | 0   | GET    | /api/isu/e9a2ab79-4d93-4cc5-812f-cd680ba9ffbf       | 0.004 | 0.004 | 0.004   | 0.004 | 0.004 | 0.004 | 0.004 | 0.000  | 126.000   | 126.000   | 126.000       | 126.000   |
| 3      | 0   | 3      | 0   | 0    | 0   | GET    | /api/isu/a3615ddf-62ec-4829-9b94-0d0e25e08586/graph | 0.008 | 0.008 | 0.012   | 0.004 | 0.008 | 0.008 | 0.008 | 0.003  | 2816.000  | 3576.000  | 9599.000      | 3199.667  |
| 4      | 0   | 4      | 0   | 0    | 0   | GET    | /api/isu/a9c5af11-1021-4cb4-b504-3fa22f8278fe/graph | 0.000 | 0.016 | 0.016   | 0.004 | 0.016 | 0.016 | 0.016 | 0.007  | 1970.000  | 3012.000  | 10072.000     | 2518.000  |
| 2      | 0   | 0      | 0   | 2    | 0   | GET    | /api/isu/ce36daf4-4da0-4e41-9b7b-32ccc43f03ef/icon  | 0.004 | 0.004 | 0.008   | 0.004 | 0.004 | 0.004 | 0.004 | 0.000  | 14.000    | 21.000    | 35.000        | 17.500    |
| 1      | 0   | 1      | 0   | 0    | 0   | GET    | /api/isu/f98316fe-2b4e-495c-b4d6-8e9b8fe69dca       | 0.004 | 0.004 | 0.004   | 0.004 | 0.004 | 0.004 | 0.004 | 0.000  | 129.000   | 129.000   | 129.000       | 129.000   |
| 25     | 0   | 25     | 0   | 0    | 0   | GET    | /api/isu/b3ef214c-ad41-4e2a-a3a1-07c91cad8eac       | 0.004 | 0.024 | 0.100   | 0.004 | 0.012 | 0.020 | 0.024 | 0.006  | 122.000   | 122.000   | 3050.000      | 122.000   |
| 1      | 0   | 1      | 0   | 0    | 0   | GET    | /api/isu/d57e12de-c1d1-4763-be99-b510997595bb       | 0.004 | 0.004 | 0.004   | 0.004 | 0.004 | 0.004 | 0.004 | 0.000  | 123.000   | 123.000   | 123.000       | 123.000   |
| 9056   | 0   | 9017   | 0   | 39   | 0   | GET    | /api/isu                                            | 0.004 | 0.088 | 35.936  | 0.004 | 0.008 | 0.016 | 0.040 | 0.008  | 3.000     | 8059.000  | 19425002.000  | 2144.987  |
| 103    | 0   | 103    | 0   | 0    | 0   | GET    | /api/isu/dc4e446c-87f8-4fe4-a650-de4392b54803       | 0.008 | 0.104 | 0.404   | 0.004 | 0.008 | 0.012 | 0.044 | 0.011  | 122.000   | 122.000   | 12566.000     | 122.000   |
| 27     | 0   | 25     | 0   | 2    | 0   | GET    | /api/isu/a6c1bc94-45df-4bbc-9cfa-0d7f9fd45e41       | 0.016 | 0.032 | 0.104   | 0.004 | 0.012 | 0.016 | 0.032 | 0.007  | 14.000    | 138.000   | 3485.000      | 129.074   |
| 43     | 0   | 43     | 0   | 0    | 0   | GET    | /api/isu/d20984fc-a5b2-4fd3-b1b9-80c7a4c1fb6c       | 0.004 | 0.040 | 0.152   | 0.004 | 0.008 | 0.016 | 0.040 | 0.007  | 128.000   | 128.000   | 5504.000      | 128.000   |
| 42     | 0   | 42     | 0   | 0    | 0   | GET    | /api/isu/fc8b6668-c642-40ea-85f9-09418e8b0855/graph | 0.000 | 0.032 | 0.148   | 0.004 | 0.008 | 0.012 | 0.032 | 0.006  | 1970.000  | 4371.000  | 124495.000    | 2964.167  |
| 49     | 0   | 49     | 0   | 0    | 0   | GET    | /api/isu/b9c2fe06-ee4c-46e4-bafd-2faa43a78de0/graph | 0.004 | 0.020 | 0.172   | 0.004 | 0.012 | 0.016 | 0.020 | 0.005  | 1970.000  | 4039.000  | 138312.000    | 2822.694  |
| 75     | 0   | 75     | 0   | 0    | 0   | GET    | /api/isu/e004f92b-2142-4c98-9bd5-e760a6df0767/graph | 0.000 | 0.040 | 0.256   | 0.003 | 0.008 | 0.012 | 0.040 | 0.006  | 1970.000  | 5085.000  | 225875.000    | 3011.667  |
| 58     | 0   | 58     | 0   | 0    | 0   | GET    | /api/isu/bd87ee04-d41b-45e3-aae5-1c28545d2761/graph | 0.004 | 0.040 | 0.196   | 0.003 | 0.008 | 0.016 | 0.040 | 0.007  | 1970.000  | 4018.000  | 159430.000    | 2748.793  |
| 30     | 0   | 30     | 0   | 0    | 0   | GET    | /api/isu/d2dd5927-6938-483b-84fa-d64268a2fd74/graph | 0.008 | 0.020 | 0.100   | 0.003 | 0.008 | 0.008 | 0.020 | 0.004  | 1970.000  | 3927.000  | 81091.000     | 2703.033  |
| 36     | 0   | 36     | 0   | 0    | 0   | GET    | /api/isu/dc4cc9bd-5cec-4137-90b8-96799b54fa4c/graph | 0.004 | 0.024 | 0.120   | 0.003 | 0.008 | 0.012 | 0.024 | 0.005  | 1970.000  | 3728.000  | 94935.000     | 2637.083  |
| 6      | 0   | 2      | 0   | 4    | 0   | GET    | /api/isu/b82dcff4-8fae-4773-9956-22ab354adb7e/graph | 0.008 | 0.008 | 0.020   | 0.003 | 0.008 | 0.008 | 0.008 | 0.004  | 14.000    | 4234.000  | 7682.000      | 1280.333  |
| 70     | 0   | 66     | 0   | 4    | 0   | GET    | /api/isu/b3cb40d8-f554-4716-88ac-980d3d09bfbf/graph | 0.004 | 0.044 | 0.232   | 0.003 | 0.008 | 0.012 | 0.044 | 0.006  | 14.000    | 4068.000  | 183737.000    | 2624.814  |
| 61     | 0   | 61     | 0   | 0    | 0   | GET    | /api/isu/cc50ca81-2a12-4e69-8be7-609c2a2b6f04/graph | 0.004 | 0.040 | 0.200   | 0.003 | 0.008 | 0.008 | 0.040 | 0.006  | 1970.000  | 3592.000  | 162588.000    | 2665.377  |
| 102    | 0   | 100    | 0   | 2    | 0   | GET    | /api/isu/ea3d5772-b061-46ac-a17c-6c0a3313ebb2       | 0.008 | 0.040 | 0.320   | 0.003 | 0.008 | 0.012 | 0.020 | 0.006  | 14.000    | 116.000   | 11635.000     | 114.069   |
| 68     | 0   | 64     | 0   | 4    | 0   | GET    | /api/isu/eb41348e-b44e-4742-b746-40a0c781a0bc/graph | 0.004 | 0.024 | 0.212   | 0.003 | 0.008 | 0.008 | 0.024 | 0.004  | 14.000    | 4061.000  | 175776.000    | 2584.941  |
| 70     | 0   | 70     | 0   | 0    | 0   | GET    | /api/isu/ddaf911a-abd2-4dea-94ec-4d90c19a4f79/graph | 0.000 | 0.020 | 0.212   | 0.003 | 0.008 | 0.012 | 0.020 | 0.005  | 1970.000  | 4111.000  | 189433.000    | 2706.186  |
| 4      | 0   | 4      | 0   | 0    | 0   | GET    | /api/isu/ff77191d-a04d-4a04-9b89-fc80e61fa504       | 0.004 | 0.008 | 0.012   | 0.003 | 0.008 | 0.008 | 0.008 | 0.003  | 120.000   | 120.000   | 480.000       | 120.000   |
| 4      | 0   | 4      | 0   | 0    | 0   | GET    | /api/isu/e78e1393-bc0d-4de3-b37c-34302f847c2c       | 0.004 | 0.004 | 0.012   | 0.003 | 0.004 | 0.004 | 0.004 | 0.002  | 123.000   | 123.000   | 492.000       | 123.000   |
| 82     | 0   | 82     | 0   | 0    | 0   | GET    | /api/isu/ddaf911a-abd2-4dea-94ec-4d90c19a4f79       | 0.008 | 0.044 | 0.244   | 0.003 | 0.008 | 0.012 | 0.044 | 0.007  | 116.000   | 116.000   | 9512.000      | 116.000   |
| 1357   | 0   | 1316   | 0   | 41   | 0   | POST   | /api/signout                                        | 0.000 | 0.056 | 3.860   | 0.003 | 0.008 | 0.012 | 0.024 | 0.005  | 0.000     | 21.000    | 861.000       | 0.634     |
| 2749   | 0   | 1397   | 0   | 1352 | 0   | GET    | /api/user/me                                        | 0.004 | 0.044 | 7.792   | 0.003 | 0.008 | 0.012 | 0.028 | 0.005  | 21.000    | 46.000    | 74151.000     | 26.974    |
| 53     | 0   | 53     | 0   | 0    | 0   | GET    | /api/isu/dc4cc9bd-5cec-4137-90b8-96799b54fa4c       | 0.004 | 0.048 | 0.148   | 0.003 | 0.004 | 0.004 | 0.048 | 0.007  | 116.000   | 116.000   | 6148.000      | 116.000   |
| 58     | 0   | 58     | 0   | 0    | 0   | GET    | /api/isu/b411e13e-00cc-4df3-a84f-00dbf30a22a5       | 0.000 | 0.048 | 0.156   | 0.003 | 0.008 | 0.020 | 0.048 | 0.007  | 111.000   | 111.000   | 6438.000      | 111.000   |
| 48     | 0   | 48     | 0   | 0    | 0   | GET    | /api/isu/eeba9392-9acc-476b-be72-334019ba6dde/graph | 0.000 | 0.020 | 0.128   | 0.003 | 0.008 | 0.008 | 0.020 | 0.004  | 1970.000  | 4107.000  | 128170.000    | 2670.208  |
| 3      | 0   | 3      | 0   | 0    | 0   | GET    | /api/isu/abdf7950-a2a6-486a-816b-8e39e20f8ebe/graph | 0.004 | 0.004 | 0.008   | 0.003 | 0.004 | 0.004 | 0.004 | 0.002  | 2162.000  | 3118.000  | 7986.000      | 2662.000  |
| 3      | 0   | 3      | 0   | 0    | 0   | GET    | /api/isu/e1012add-6c00-4e06-abfc-79c2d95ca62a/graph | 0.000 | 0.004 | 0.008   | 0.003 | 0.004 | 0.004 | 0.004 | 0.002  | 1970.000  | 2483.000  | 6814.000      | 2271.333  |
| 3      | 0   | 3      | 0   | 0    | 0   | GET    | /api/isu/e0a37b7d-a1f6-4136-9cca-a42bef7bea49/graph | 0.004 | 0.004 | 0.008   | 0.003 | 0.004 | 0.004 | 0.004 | 0.002  | 2275.000  | 2555.000  | 7190.000      | 2396.667  |
| 58     | 0   | 58     | 0   | 0    | 0   | GET    | /api/isu/f602128a-4fef-4638-8f2c-2e5259dab6f3       | 0.004 | 0.056 | 0.144   | 0.002 | 0.004 | 0.008 | 0.056 | 0.008  | 131.000   | 131.000   | 7598.000      | 131.000   |
| 7      | 0   | 7      | 0   | 0    | 0   | GET    | /api/isu/f0aca363-0510-4874-9464-49680c4dc32f       | 0.000 | 0.008 | 0.016   | 0.002 | 0.008 | 0.008 | 0.008 | 0.003  | 126.000   | 126.000   | 882.000       | 126.000   |
| 64     | 0   | 64     | 0   | 0    | 0   | GET    | /api/isu/b9c2fe06-ee4c-46e4-bafd-2faa43a78de0       | 0.004 | 0.024 | 0.144   | 0.002 | 0.004 | 0.008 | 0.024 | 0.004  | 116.000   | 116.000   | 7424.000      | 116.000   |
| 52     | 0   | 52     | 0   | 0    | 0   | GET    | /api/isu/e48ba253-68b1-4c56-9462-55753ccd884a       | 0.004 | 0.040 | 0.116   | 0.002 | 0.004 | 0.008 | 0.040 | 0.006  | 122.000   | 122.000   | 6344.000      | 122.000   |
| 40     | 0   | 40     | 0   | 0    | 0   | GET    | /api/isu/fb2863d2-367b-4761-a6f9-17c4e481d3a2       | 0.004 | 0.012 | 0.088   | 0.002 | 0.004 | 0.008 | 0.012 | 0.003  | 125.000   | 125.000   | 5000.000      | 125.000   |
| 73     | 0   | 73     | 0   | 0    | 0   | GET    | /api/isu/c972c274-e1c2-4120-84bc-907f4b52b167       | 0.000 | 0.036 | 0.160   | 0.002 | 0.004 | 0.012 | 0.036 | 0.005  | 134.000   | 134.000   | 9782.000      | 134.000   |
| 76     | 0   | 76     | 0   | 0    | 0   | GET    | /api/isu/eb41348e-b44e-4742-b746-40a0c781a0bc       | 0.004 | 0.028 | 0.160   | 0.002 | 0.004 | 0.008 | 0.028 | 0.005  | 122.000   | 122.000   | 9272.000      | 122.000   |
| 64     | 0   | 64     | 0   | 0    | 0   | GET    | /api/isu/b8ae1c41-a74c-4395-bfee-754f8bae8324       | 0.004 | 0.024 | 0.128   | 0.002 | 0.004 | 0.008 | 0.024 | 0.004  | 125.000   | 125.000   | 8000.000      | 125.000   |
| 2      | 0   | 0      | 0   | 2    | 0   | GET    | /api/isu/eeba9392-9acc-476b-be72-334019ba6dde/icon  | 0.004 | 0.004 | 0.004   | 0.002 | 0.004 | 0.004 | 0.004 | 0.002  | 14.000    | 21.000    | 35.000        | 17.500    |
| 2      | 0   | 2      | 0   | 0    | 0   | GET    | /api/isu/e86dd322-4dbd-46da-a466-e2708789d80e/graph | 0.000 | 0.004 | 0.004   | 0.002 | 0.004 | 0.004 | 0.004 | 0.002  | 2547.000  | 3284.000  | 5831.000      | 2915.500  |
| 4      | 0   | 4      | 0   | 0    | 0   | GET    | /api/isu/ce887477-15d4-4c21-a64b-013d742cea9b       | 0.000 | 0.004 | 0.008   | 0.002 | 0.004 | 0.004 | 0.004 | 0.002  | 120.000   | 120.000   | 480.000       | 120.000   |
| 2      | 0   | 2      | 0   | 0    | 0   | GET    | /api/isu/ae90fe02-dfdd-4f95-8660-7ea3b96d95d4       | 0.004 | 0.004 | 0.004   | 0.002 | 0.004 | 0.004 | 0.004 | 0.002  | 123.000   | 123.000   | 246.000       | 123.000   |
| 2      | 0   | 2      | 0   | 0    | 0   | GET    | /api/isu/eb104b95-3532-4828-8550-89da717b9667/graph | 0.004 | 0.004 | 0.004   | 0.002 | 0.004 | 0.004 | 0.004 | 0.002  | 3374.000  | 4200.000  | 7574.000      | 3787.000  |
| 2      | 0   | 0      | 0   | 2    | 0   | GET    | /api/isu/ddaf911a-abd2-4dea-94ec-4d90c19a4f79/icon  | 0.004 | 0.004 | 0.004   | 0.002 | 0.004 | 0.004 | 0.004 | 0.002  | 14.000    | 21.000    | 35.000        | 17.500    |
| 2      | 0   | 2      | 0   | 0    | 0   | GET    | /api/isu/ff77191d-a04d-4a04-9b89-fc80e61fa504/graph | 0.004 | 0.004 | 0.004   | 0.002 | 0.004 | 0.004 | 0.004 | 0.002  | 1970.000  | 3121.000  | 5091.000      | 2545.500  |
| 4      | 0   | 4      | 0   | 0    | 0   | GET    | /api/isu/eecd0859-f51b-47cf-9045-75185319dab9       | 0.000 | 0.008 | 0.008   | 0.002 | 0.008 | 0.008 | 0.008 | 0.003  | 121.000   | 121.000   | 484.000       | 121.000   |
| 97     | 0   | 97     | 0   | 0    | 0   | GET    | /api/isu/e004f92b-2142-4c98-9bd5-e760a6df0767       | 0.000 | 0.064 | 0.188   | 0.002 | 0.004 | 0.004 | 0.064 | 0.007  | 114.000   | 114.000   | 11058.000     | 114.000   |
| 82     | 0   | 82     | 0   | 0    | 0   | GET    | /api/isu/c22194fd-13c6-4a57-aebf-7f412ff203c5       | 0.000 | 0.028 | 0.156   | 0.002 | 0.004 | 0.008 | 0.028 | 0.004  | 119.000   | 119.000   | 9758.000      | 119.000   |
| 70     | 0   | 70     | 0   | 0    | 0   | GET    | /api/isu/bd87ee04-d41b-45e3-aae5-1c28545d2761       | 0.036 | 0.036 | 0.132   | 0.002 | 0.004 | 0.008 | 0.036 | 0.005  | 125.000   | 125.000   | 8750.000      | 125.000   |
| 85     | 0   | 85     | 0   | 0    | 0   | GET    | /api/isu/b3cb40d8-f554-4716-88ac-980d3d09bfbf       | 0.008 | 0.016 | 0.160   | 0.002 | 0.004 | 0.008 | 0.016 | 0.003  | 122.000   | 122.000   | 10370.000     | 122.000   |
| 46     | 0   | 46     | 0   | 0    | 0   | GET    | /api/isu/fa92f31f-7f3b-44f0-82cb-f7b3106ee222       | 0.004 | 0.020 | 0.084   | 0.002 | 0.008 | 0.008 | 0.020 | 0.004  | 119.000   | 119.000   | 5474.000      | 119.000   |
| 70     | 0   | 70     | 0   | 0    | 0   | GET    | /api/isu/eeba9392-9acc-476b-be72-334019ba6dde       | 0.000 | 0.020 | 0.124   | 0.002 | 0.004 | 0.008 | 0.020 | 0.003  | 116.000   | 116.000   | 8120.000      | 116.000   |
| 83     | 0   | 81     | 0   | 2    | 0   | GET    | /api/isu/cc50ca81-2a12-4e69-8be7-609c2a2b6f04       | 0.008 | 0.020 | 0.144   | 0.002 | 0.004 | 0.008 | 0.020 | 0.004  | 14.000    | 114.000   | 9269.000      | 111.675   |
| 7      | 0   | 7      | 0   | 0    | 0   | GET    | /api/isu/b8575f80-c60d-465f-a377-5b2e251b48d9       | 0.000 | 0.004 | 0.012   | 0.002 | 0.004 | 0.004 | 0.004 | 0.002  | 123.000   | 123.000   | 861.000       | 123.000   |
| 10     | 0   | 10     | 0   | 0    | 0   | GET    | /api/isu/e38480bb-9e9c-4e7e-815d-6e328e7a0368       | 0.000 | 0.004 | 0.016   | 0.002 | 0.004 | 0.004 | 0.004 | 0.002  | 114.000   | 114.000   | 1140.000      | 114.000   |
| 46     | 0   | 46     | 0   | 0    | 0   | GET    | /api/isu/d2dd5927-6938-483b-84fa-d64268a2fd74       | 0.004 | 0.012 | 0.064   | 0.001 | 0.004 | 0.008 | 0.012 | 0.003  | 119.000   | 119.000   | 5474.000      | 119.000   |
| 3      | 0   | 1      | 0   | 2    | 0   | GET    | /api/isu/b82dcff4-8fae-4773-9956-22ab354adb7e       | 0.004 | 0.004 | 0.004   | 0.001 | 0.004 | 0.004 | 0.004 | 0.002  | 14.000    | 119.000   | 154.000       | 51.333    |
| 64     | 0   | 64     | 0   | 0    | 0   | GET    | /api/isu/fc8b6668-c642-40ea-85f9-09418e8b0855       | 0.004 | 0.008 | 0.068   | 0.001 | 0.004 | 0.004 | 0.008 | 0.002  | 122.000   | 122.000   | 7808.000      | 122.000   |
| 4      | 0   | 0      | 0   | 4    | 0   | GET    | /api/isu/c648b087-fe00-4ea2-a524-b2e80555893f       | 0.000 | 0.004 | 0.004   | 0.001 | 0.004 | 0.004 | 0.004 | 0.002  | 14.000    | 21.000    | 70.000        | 17.500    |
| 4      | 0   | 0      | 0   | 4    | 0   | GET    | /api/isu/cab99f63-bb3a-4648-b6df-376396f2c7ab       | 0.000 | 0.004 | 0.004   | 0.001 | 0.004 | 0.004 | 0.004 | 0.002  | 14.000    | 21.000    | 70.000        | 17.500    |
| 4      | 0   | 0      | 0   | 4    | 0   | GET    | /api/isu/c648b087-fe00-4ea2-a524-b2e80555893f/icon  | 0.000 | 0.004 | 0.004   | 0.001 | 0.004 | 0.004 | 0.004 | 0.002  | 14.000    | 21.000    | 70.000        | 17.500    |
| 4      | 0   | 0      | 0   | 4    | 0   | GET    | /api/isu/cab99f63-bb3a-4648-b6df-376396f2c7ab/icon  | 0.004 | 0.004 | 0.004   | 0.001 | 0.004 | 0.004 | 0.004 | 0.002  | 14.000    | 21.000    | 70.000        | 17.500    |
| 5      | 0   | 1      | 0   | 4    | 0   | GET    | /api/isu/eb104b95-3532-4828-8550-89da717b9667       | 0.000 | 0.004 | 0.004   | 0.001 | 0.004 | 0.004 | 0.004 | 0.002  | 14.000    | 121.000   | 191.000       | 38.200    |
| 7      | 0   | 7      | 0   | 0    | 0   | GET    | /api/isu/bc1d2d5c-ec7a-4f65-83d5-fde3cae361d6       | 0.000 | 0.004 | 0.004   | 0.001 | 0.004 | 0.004 | 0.004 | 0.001  | 123.000   | 123.000   | 861.000       | 123.000   |
| 8      | 0   | 0      | 0   | 8    | 0   | GET    | /api/isu/c648b087-fe00-4ea2-a524-b2e80555893f/graph | 0.000 | 0.004 | 0.004   | 0.001 | 0.004 | 0.004 | 0.004 | 0.001  | 14.000    | 21.000    | 144.000       | 18.000    |
| 2      | 0   | 0      | 0   | 2    | 0   | GET    | /api/isu/fc8b6668-c642-40ea-85f9-09418e8b0855/icon  | 0.000 | 0.000 | 0.000   | 0.000 | 0.000 | 0.000 | 0.000 | 0.000  | 14.000    | 21.000    | 35.000        | 17.500    |
| 2      | 0   | 2      | 0   | 0    | 0   | GET    | /api/isu/c39e23ec-1681-4251-bd08-d082b882a74b/graph | 0.000 | 0.000 | 0.000   | 0.000 | 0.000 | 0.000 | 0.000 | 0.000  | 2177.000  | 2386.000  | 4563.000      | 2281.500  |
| 1      | 0   | 1      | 0   | 0    | 0   | GET    | /api/isu/c6288551-821e-49a0-89a2-e29b74e0ee02       | 0.000 | 0.000 | 0.000   | 0.000 | 0.000 | 0.000 | 0.000 | 0.000  | 135.000   | 135.000   | 135.000       | 135.000   |
| 8      | 0   | 0      | 0   | 8    | 0   | GET    | /api/isu/cab99f63-bb3a-4648-b6df-376396f2c7ab/graph | 0.000 | 0.000 | 0.000   | 0.000 | 0.000 | 0.000 | 0.000 | 0.000  | 14.000    | 21.000    | 144.000       | 18.000    |
| 1      | 0   | 1      | 0   | 0    | 0   | GET    | /api/isu/da83a9af-baa9-4faf-b5e0-0dba75268953       | 0.000 | 0.000 | 0.000   | 0.000 | 0.000 | 0.000 | 0.000 | 0.000  | 120.000   | 120.000   | 120.000       | 120.000   |
| 1      | 0   | 1      | 0   | 0    | 0   | GET    | /api/isu/d0eb7efe-e112-4a59-9c3b-c3a9e76eb530       | 0.000 | 0.000 | 0.000   | 0.000 | 0.000 | 0.000 | 0.000 | 0.000  | 123.000   | 123.000   | 123.000       | 123.000   |
| 1      | 0   | 1      | 0   | 0    | 0   | GET    | /api/isu/cfb71fe8-0114-434c-a95e-922c06638e0a       | 0.000 | 0.000 | 0.000   | 0.000 | 0.000 | 0.000 | 0.000 | 0.000  | 123.000   | 123.000   | 123.000       | 123.000   |
| 2      | 0   | 2      | 0   | 0    | 0   | GET    | /api/isu/a76ba06c-f63f-404a-9923-33272f3a5924/graph | 0.000 | 0.000 | 0.000   | 0.000 | 0.000 | 0.000 | 0.000 | 0.000  | 2739.000  | 3403.000  | 6142.000      | 3071.000  |
| 1      | 0   | 1      | 0   | 0    | 0   | GET    | /api/isu/bac30470-0b40-4d22-a3a1-7870b66508e6       | 0.000 | 0.000 | 0.000   | 0.000 | 0.000 | 0.000 | 0.000 | 0.000  | 117.000   | 117.000   | 117.000       | 117.000   |
| 1      | 0   | 1      | 0   | 0    | 0   | GET    | /api/isu/dfc27d1b-67b3-4c07-be9e-5483cdafb417       | 0.000 | 0.000 | 0.000   | 0.000 | 0.000 | 0.000 | 0.000 | 0.000  | 117.000   | 117.000   | 117.000       | 117.000   |
| 2      | 0   | 0      | 0   | 2    | 0   | GET    | /api/isu/ea78c8f4-3b61-4f59-a5e3-2be4d5cc9d00/icon  | 0.000 | 0.000 | 0.000   | 0.000 | 0.000 | 0.000 | 0.000 | 0.000  | 14.000    | 21.000    | 35.000        | 17.500    |
| 1      | 0   | 1      | 0   | 0    | 0   | GET    | /api/isu/b2cdf09a-48dd-43b0-89d5-89a564883e0e       | 0.000 | 0.000 | 0.000   | 0.000 | 0.000 | 0.000 | 0.000 | 0.000  | 114.000   | 114.000   | 114.000       | 114.000   |
| 1      | 0   | 1      | 0   | 0    | 0   | GET    | /api/isu/c61954aa-185b-4967-b691-a6b66ca61695       | 0.000 | 0.000 | 0.000   | 0.000 | 0.000 | 0.000 | 0.000 | 0.000  | 114.000   | 114.000   | 114.000       | 114.000   |
| 1      | 0   | 1      | 0   | 0    | 0   | GET    | /api/isu/c39e23ec-1681-4251-bd08-d082b882a74b       | 0.000 | 0.000 | 0.000   | 0.000 | 0.000 | 0.000 | 0.000 | 0.000  | 125.000   | 125.000   | 125.000       | 125.000   |
| 1      | 0   | 1      | 0   | 0    | 0   | GET    | /api/isu/ec9b0596-52b1-4620-a129-926a257b445e       | 0.000 | 0.000 | 0.000   | 0.000 | 0.000 | 0.000 | 0.000 | 0.000  | 126.000   | 126.000   | 126.000       | 126.000   |
| 1      | 0   | 1      | 0   | 0    | 0   | GET    | /api/isu/fe8c9465-c6f1-4d91-89ea-556fac0063ea       | 0.000 | 0.000 | 0.000   | 0.000 | 0.000 | 0.000 | 0.000 | 0.000  | 117.000   | 117.000   | 117.000       | 117.000   |
| 1      | 0   | 1      | 0   | 0    | 0   | GET    | /api/isu/efcdbe34-ddda-4aab-8956-fd6f98921000       | 0.000 | 0.000 | 0.000   | 0.000 | 0.000 | 0.000 | 0.000 | 0.000  | 117.000   | 117.000   | 117.000       | 117.000   |
| 1      | 0   | 1      | 0   | 0    | 0   | GET    | /api/isu/a380e6b3-76a7-4eaa-a44a-5b93cad8b404       | 0.000 | 0.000 | 0.000   | 0.000 | 0.000 | 0.000 | 0.000 | 0.000  | 120.000   | 120.000   | 120.000       | 120.000   |
| 1      | 0   | 1      | 0   | 0    | 0   | GET    | /api/isu/f60fef64-39fc-47c1-b573-a59957bec478       | 0.000 | 0.000 | 0.000   | 0.000 | 0.000 | 0.000 | 0.000 | 0.000  | 117.000   | 117.000   | 117.000       | 117.000   |
| 2      | 0   | 0      | 0   | 2    | 0   | GET    | /api/isu/ea3d5772-b061-46ac-a17c-6c0a3313ebb2/icon  | 0.000 | 0.000 | 0.000   | 0.000 | 0.000 | 0.000 | 0.000 | 0.000  | 14.000    | 21.000    | 35.000        | 17.500    |
| 1      | 0   | 1      | 0   | 0    | 0   | GET    | /api/isu/ca887fb3-f9a5-41d6-9942-8b22e7fa6c90       | 0.000 | 0.000 | 0.000   | 0.000 | 0.000 | 0.000 | 0.000 | 0.000  | 123.000   | 123.000   | 123.000       | 123.000   |
+--------+-----+--------+-----+------+-----+--------+-----------------------------------------------------+-------+-------+---------+-------+-------+-------+-------+--------+-----------+-----------+---------------+-----------+
