+--------+-----+--------+-------+------+-----+--------+-----------------------------------------------------+-------+-------+----------+-------+-------+-------+-------+--------+-----------+-----------+---------------+-----------+
| COUNT  | 1XX |  2XX   |  3XX  | 4XX  | 5XX | METHOD |                         URI                         |  MIN  |  MAX  |   SUM    |  AVG  |  P90  |  P95  |  P99  | STDDEV | MIN(BODY) | MAX(BODY) |   SUM(BODY)   | AVG(BODY) |
+--------+-----+--------+-------+------+-----+--------+-----------------------------------------------------+-------+-------+----------+-------+-------+-------+-------+--------+-----------+-----------+---------------+-----------+
| 1      | 0   | 1      | 0     | 0    | 0   | GET    | /api/isu/d4c1dd3f-79c8-4bf1-a489-a889c7932d12       | 0.560 | 0.560 | 0.560    | 0.560 | 0.560 | 0.560 | 0.560 | 0.000  | 120.000   | 120.000   | 120.000       | 120.000   |
| 1      | 0   | 1      | 0     | 0    | 0   | GET    | /api/isu/e559cc81-9040-469b-86ae-3e2a26661ed1       | 0.472 | 0.472 | 0.472    | 0.472 | 0.472 | 0.472 | 0.472 | 0.000  | 135.000   | 135.000   | 135.000       | 135.000   |
| 1      | 0   | 1      | 0     | 0    | 0   | GET    | /api/isu/fcc4fa00-7793-4602-b648-898f840d3e0b       | 0.384 | 0.384 | 0.384    | 0.384 | 0.384 | 0.384 | 0.384 | 0.000  | 120.000   | 120.000   | 120.000       | 120.000   |
| 2      | 0   | 2      | 0     | 0    | 0   | GET    | /api/isu/d9727394-0be1-4e3a-9b69-1244f35934b2       | 0.012 | 0.720 | 0.732    | 0.366 | 0.720 | 0.720 | 0.720 | 0.354  | 126.000   | 126.000   | 252.000       | 126.000   |
| 2      | 0   | 2      | 0     | 0    | 0   | GET    | /api/isu/af886b61-3ad5-4a1d-af9c-57aa170780bd/graph | 0.060 | 0.608 | 0.668    | 0.334 | 0.608 | 0.608 | 0.608 | 0.274  | 1970.000  | 3120.000  | 5090.000      | 2545.000  |
| 4      | 0   | 4      | 0     | 0    | 0   | GET    | /api/isu/aa5d15a8-1694-467b-8df8-8df6cb3582a1       | 0.000 | 0.656 | 1.236    | 0.309 | 0.656 | 0.656 | 0.656 | 0.305  | 120.000   | 120.000   | 480.000       | 120.000   |
| 1      | 0   | 1      | 0     | 0    | 0   | GET    | /api/isu/c438279a-13aa-46c9-aaf9-dcbffd53c90b       | 0.292 | 0.292 | 0.292    | 0.292 | 0.292 | 0.292 | 0.292 | 0.000  | 120.000   | 120.000   | 120.000       | 120.000   |
| 1      | 0   | 1      | 0     | 0    | 0   | GET    | /api/isu/e857ed96-020a-4d00-823e-883cea04e2e3       | 0.260 | 0.260 | 0.260    | 0.260 | 0.260 | 0.260 | 0.260 | 0.000  | 120.000   | 120.000   | 120.000       | 120.000   |
| 5      | 0   | 5      | 0     | 0    | 0   | GET    | /api/isu/b704a51b-4691-44ad-835c-92bc51b8658b/graph | 0.020 | 0.948 | 1.288    | 0.258 | 0.948 | 0.948 | 0.948 | 0.349  | 2451.000  | 2976.000  | 13341.000     | 2668.200  |
| 7      | 0   | 6      | 0     | 1    | 0   | GET    | /api/isu/da114b5b-5dd3-4544-a079-c14dabb5d1e3/graph | 0.084 | 0.396 | 1.800    | 0.257 | 0.396 | 0.396 | 0.396 | 0.119  | 0.000     | 3331.000  | 15355.000     | 2193.571  |
| 1      | 0   | 1      | 0     | 0    | 0   | GET    | /api/isu/a400d6d0-23bd-4125-8fc2-719e456c6550       | 0.256 | 0.256 | 0.256    | 0.256 | 0.256 | 0.256 | 0.256 | 0.000  | 120.000   | 120.000   | 120.000       | 120.000   |
| 4      | 0   | 4      | 0     | 0    | 0   | GET    | /api/isu/b5c3b552-aa27-4816-9548-932cbdb92d27/graph | 0.012 | 0.400 | 0.812    | 0.203 | 0.400 | 0.400 | 0.400 | 0.166  | 2462.000  | 2829.000  | 10752.000     | 2688.000  |
| 338    | 0   | 323    | 0     | 15   | 0   | POST   | /api/isu                                            | 0.052 | 1.092 | 62.242   | 0.184 | 0.356 | 0.432 | 0.980 | 0.162  | 0.000     | 137.000   | 39430.000     | 116.657   |
| 2      | 0   | 2      | 0     | 0    | 0   | GET    | /api/isu/fd771b66-4eeb-4094-9d9c-246ae2039287       | 0.368 | 0.368 | 0.368    | 0.184 | 0.368 | 0.368 | 0.368 | 0.184  | 108.000   | 108.000   | 216.000       | 108.000   |
| 1      | 0   | 1      | 0     | 0    | 0   | POST   | /initialize                                         | 0.172 | 0.172 | 0.172    | 0.172 | 0.172 | 0.172 | 0.172 | 0.000  | 18.000    | 18.000    | 18.000        | 18.000    |
| 4      | 0   | 4      | 0     | 0    | 0   | GET    | /api/isu/b785b435-c55b-46aa-92d2-9e1a9dd798af       | 0.204 | 0.248 | 0.684    | 0.171 | 0.248 | 0.248 | 0.248 | 0.100  | 117.000   | 117.000   | 468.000       | 117.000   |
| 1      | 0   | 1      | 0     | 0    | 0   | GET    | /api/isu/a58f2d16-5577-46a4-a389-558f0f3f7ef4       | 0.136 | 0.136 | 0.136    | 0.136 | 0.136 | 0.136 | 0.136 | 0.000  | 123.000   | 123.000   | 123.000       | 123.000   |
| 4      | 0   | 4      | 0     | 0    | 0   | GET    | /api/isu/f323fe51-ca63-434c-ab4c-9e917edfbf05       | 0.004 | 0.324 | 0.520    | 0.130 | 0.324 | 0.324 | 0.324 | 0.126  | 117.000   | 117.000   | 468.000       | 117.000   |
| 5      | 0   | 5      | 0     | 0    | 0   | GET    | /api/isu/b0d2a46d-9448-41f7-af96-b299bc0b6c32       | 0.008 | 0.392 | 0.592    | 0.118 | 0.392 | 0.392 | 0.392 | 0.152  | 132.000   | 132.000   | 660.000       | 132.000   |
| 7      | 0   | 6      | 0     | 1    | 0   | GET    | /api/isu/c95eed7c-0c5c-4cde-8311-6603f0f301e2       | 0.148 | 0.612 | 0.808    | 0.115 | 0.612 | 0.612 | 0.612 | 0.209  | 0.000     | 123.000   | 738.000       | 105.429   |
| 15     | 0   | 15     | 0     | 0    | 0   | GET    | /api/isu/a97aec30-70c9-430a-b679-0eacaff6f294/graph | 0.008 | 0.872 | 1.728    | 0.115 | 0.332 | 0.872 | 0.872 | 0.221  | 1970.000  | 3346.000  | 39083.000     | 2605.533  |
| 4      | 0   | 4      | 0     | 0    | 0   | GET    | /api/isu/f323fe51-ca63-434c-ab4c-9e917edfbf05/graph | 0.004 | 0.356 | 0.440    | 0.110 | 0.356 | 0.356 | 0.356 | 0.145  | 2240.000  | 2543.000  | 9788.000      | 2447.000  |
| 1      | 0   | 1      | 0     | 0    | 0   | GET    | /api/isu/d1e3744d-2300-432d-9a1e-173b4cab75a2       | 0.104 | 0.104 | 0.104    | 0.104 | 0.104 | 0.104 | 0.104 | 0.000  | 126.000   | 126.000   | 126.000       | 126.000   |
| 3      | 0   | 3      | 0     | 0    | 0   | GET    | /api/isu/da7866a3-c645-4e03-aba6-84b0dc49f494       | 0.004 | 0.232 | 0.300    | 0.100 | 0.232 | 0.232 | 0.232 | 0.096  | 132.000   | 132.000   | 396.000       | 132.000   |
| 2      | 0   | 2      | 0     | 0    | 0   | GET    | /api/isu/fa97ede5-efe1-45bd-80bc-4d0bc48ffae5/graph | 0.004 | 0.196 | 0.200    | 0.100 | 0.196 | 0.196 | 0.196 | 0.096  | 2693.000  | 2747.000  | 5440.000      | 2720.000  |
| 4      | 0   | 4      | 0     | 0    | 0   | GET    | /api/isu/fdf7a88d-eceb-4c19-a3c8-1bec32527e97/graph | 0.004 | 0.324 | 0.396    | 0.099 | 0.324 | 0.324 | 0.324 | 0.131  | 2451.000  | 3399.000  | 11127.000     | 2781.750  |
| 4      | 0   | 4      | 0     | 0    | 0   | GET    | /api/isu/c8c53d67-1fa8-4d25-9067-f01c6e217a99       | 0.020 | 0.204 | 0.372    | 0.093 | 0.204 | 0.204 | 0.204 | 0.068  | 123.000   | 123.000   | 492.000       | 123.000   |
| 5      | 0   | 5      | 0     | 0    | 0   | GET    | /api/isu/e15808b1-5b7e-4e2c-800a-e09a0f0c157c       | 0.004 | 0.188 | 0.464    | 0.093 | 0.188 | 0.188 | 0.188 | 0.072  | 123.000   | 123.000   | 615.000       | 123.000   |
| 2      | 0   | 2      | 0     | 0    | 0   | GET    | /api/isu/a053dd36-c0da-430c-80e5-749cecfb9cd7/graph | 0.044 | 0.132 | 0.176    | 0.088 | 0.132 | 0.132 | 0.132 | 0.044  | 2271.000  | 2896.000  | 5167.000      | 2583.500  |
| 5      | 0   | 5      | 0     | 0    | 0   | GET    | /api/isu/b704a51b-4691-44ad-835c-92bc51b8658b       | 0.004 | 0.268 | 0.420    | 0.084 | 0.268 | 0.268 | 0.268 | 0.098  | 126.000   | 126.000   | 630.000       | 126.000   |
| 4      | 0   | 4      | 0     | 0    | 0   | GET    | /api/isu/f6a03a57-3366-4c27-bedd-fede6e5c0be4       | 0.004 | 0.248 | 0.328    | 0.082 | 0.248 | 0.248 | 0.248 | 0.100  | 117.000   | 117.000   | 468.000       | 117.000   |
| 3      | 0   | 3      | 0     | 0    | 0   | GET    | /api/isu/b1ce99dc-2748-4766-910b-5e003a69883b/graph | 0.008 | 0.144 | 0.244    | 0.081 | 0.144 | 0.144 | 0.144 | 0.056  | 2342.000  | 3087.000  | 8054.000      | 2684.667  |
| 5      | 0   | 5      | 0     | 0    | 0   | GET    | /api/isu/cedd061a-a58a-4555-be23-d2d1d35717e0/graph | 0.004 | 0.320 | 0.404    | 0.081 | 0.320 | 0.320 | 0.320 | 0.121  | 2161.000  | 3335.000  | 13790.000     | 2758.000  |
| 2      | 0   | 2      | 0     | 0    | 0   | GET    | /api/isu/b0d2a46d-9448-41f7-af96-b299bc0b6c32/graph | 0.064 | 0.096 | 0.160    | 0.080 | 0.096 | 0.096 | 0.096 | 0.016  | 1970.000  | 2893.000  | 4863.000      | 2431.500  |
| 2      | 0   | 2      | 0     | 0    | 0   | GET    | /api/isu/d6145db0-c207-41d1-b12c-750f8afd7642/graph | 0.012 | 0.136 | 0.148    | 0.074 | 0.136 | 0.136 | 0.136 | 0.062  | 2274.000  | 2758.000  | 5032.000      | 2516.000  |
| 7      | 0   | 6      | 0     | 1    | 0   | GET    | /api/isu/bfb52f40-bda7-477c-8765-7088cbbbdcf9/graph | 0.004 | 0.264 | 0.500    | 0.071 | 0.264 | 0.264 | 0.264 | 0.093  | 0.000     | 3669.000  | 16263.000     | 2323.286  |
| 4      | 0   | 0      | 0     | 4    | 0   | GET    | /api/isu/ba1b7448-e060-407f-87e0-0c896f0778ce/graph | 0.216 | 0.216 | 0.260    | 0.065 | 0.216 | 0.216 | 0.216 | 0.088  | 14.000    | 21.000    | 72.000        | 18.000    |
| 4      | 0   | 4      | 0     | 0    | 0   | GET    | /api/isu/ab7ca1b7-88c0-48b9-a64e-c04525630b66       | 0.008 | 0.140 | 0.256    | 0.064 | 0.140 | 0.140 | 0.140 | 0.056  | 126.000   | 126.000   | 504.000       | 126.000   |
| 6      | 0   | 6      | 0     | 0    | 0   | GET    | /api/isu/c5ce663a-8ca8-429f-aacd-305b3296ba6e/graph | 0.024 | 0.176 | 0.384    | 0.064 | 0.176 | 0.176 | 0.176 | 0.052  | 1970.000  | 3132.000  | 15572.000     | 2595.333  |
| 4      | 0   | 4      | 0     | 0    | 0   | GET    | /api/isu/ad4ec4b2-70e7-4998-8b55-5c0f1a9365b8/graph | 0.028 | 0.132 | 0.256    | 0.064 | 0.132 | 0.132 | 0.132 | 0.040  | 2546.000  | 3422.000  | 11879.000     | 2969.750  |
| 15     | 0   | 15     | 0     | 0    | 0   | GET    | /api/isu/f6a6858c-0056-4bb1-b3ab-01730e32dd2c/graph | 0.004 | 0.368 | 0.948    | 0.063 | 0.328 | 0.368 | 0.368 | 0.114  | 1970.000  | 3946.000  | 41804.000     | 2786.933  |
| 24     | 0   | 24     | 0     | 0    | 0   | GET    | /api/isu/f759e52f-3905-48d9-8ba3-23772ced3212/graph | 0.000 | 0.516 | 1.512    | 0.063 | 0.148 | 0.180 | 0.516 | 0.107  | 1970.000  | 3393.000  | 62514.000     | 2604.750  |
| 3      | 0   | 2      | 0     | 0    | 1   | GET    | /api/isu/f6a03a57-3366-4c27-bedd-fede6e5c0be4/graph | 0.000 | 0.100 | 0.184    | 0.061 | 0.100 | 0.100 | 0.100 | 0.044  | 588.000   | 2648.000  | 5594.000      | 1864.667  |
| 3      | 0   | 3      | 0     | 0    | 0   | GET    | /api/isu/b785b435-c55b-46aa-92d2-9e1a9dd798af/graph | 0.020 | 0.124 | 0.184    | 0.061 | 0.124 | 0.124 | 0.124 | 0.045  | 2928.000  | 3386.000  | 9323.000      | 3107.667  |
| 7      | 0   | 7      | 0     | 0    | 0   | GET    | /api/isu/b457504a-e778-4f7b-8882-f5b63acbd493/graph | 0.016 | 0.172 | 0.408    | 0.058 | 0.172 | 0.172 | 0.172 | 0.055  | 1970.000  | 3501.000  | 19389.000     | 2769.857  |
| 2      | 0   | 2      | 0     | 0    | 0   | GET    | /api/isu/dc027612-93e9-4d0d-b29e-df0c74906949/graph | 0.040 | 0.076 | 0.116    | 0.058 | 0.076 | 0.076 | 0.076 | 0.018  | 1970.000  | 2353.000  | 4323.000      | 2161.500  |
| 19     | 0   | 19     | 0     | 0    | 0   | GET    | /api/isu/a97aec30-70c9-430a-b679-0eacaff6f294       | 0.008 | 0.328 | 1.064    | 0.056 | 0.312 | 0.328 | 0.328 | 0.098  | 126.000   | 126.000   | 2394.000      | 126.000   |
| 4      | 0   | 4      | 0     | 0    | 0   | GET    | /api/isu/a6413ea6-9a61-499d-8a52-65c8e48c65ae       | 0.004 | 0.180 | 0.224    | 0.056 | 0.180 | 0.180 | 0.180 | 0.073  | 120.000   | 120.000   | 480.000       | 120.000   |
| 9      | 0   | 9      | 0     | 0    | 0   | GET    | /api/isu/b4c47f5f-cf8f-4f6f-9ceb-5f8b587df496/graph | 0.008 | 0.204 | 0.484    | 0.054 | 0.204 | 0.204 | 0.204 | 0.068  | 1970.000  | 3118.000  | 23561.000     | 2617.889  |
| 7      | 0   | 7      | 0     | 0    | 0   | GET    | /api/isu/da114b5b-5dd3-4544-a079-c14dabb5d1e3       | 0.004 | 0.180 | 0.372    | 0.053 | 0.180 | 0.180 | 0.180 | 0.057  | 129.000   | 129.000   | 903.000       | 129.000   |
| 10     | 0   | 10     | 0     | 0    | 0   | GET    | /api/isu/bfb52f40-bda7-477c-8765-7088cbbbdcf9       | 0.008 | 0.324 | 0.520    | 0.052 | 0.100 | 0.324 | 0.324 | 0.096  | 117.000   | 117.000   | 1170.000      | 117.000   |
| 1      | 0   | 1      | 0     | 0    | 0   | GET    | /api/isu/a679b76a-56a3-413e-b4c3-f21c799d4c12       | 0.052 | 0.052 | 0.052    | 0.052 | 0.052 | 0.052 | 0.052 | 0.000  | 126.000   | 126.000   | 126.000       | 126.000   |
| 11     | 0   | 11     | 0     | 0    | 0   | GET    | /api/isu/bfba869a-5ea7-4ceb-a383-456ee6cfaafa/graph | 0.004 | 0.292 | 0.564    | 0.051 | 0.088 | 0.292 | 0.292 | 0.081  | 1970.000  | 3397.000  | 29839.000     | 2712.636  |
| 4      | 0   | 4      | 0     | 0    | 0   | GET    | /api/isu/d8cba60b-5702-487e-9f0d-7c3a1f2b6e41       | 0.004 | 0.172 | 0.204    | 0.051 | 0.172 | 0.172 | 0.172 | 0.071  | 124.000   | 124.000   | 496.000       | 124.000   |
| 1      | 0   | 1      | 0     | 0    | 0   | GET    | /api/isu/fdd2508f-dae8-4cbc-925c-5b5e6cd0d8c9       | 0.048 | 0.048 | 0.048    | 0.048 | 0.048 | 0.048 | 0.048 | 0.000  | 111.000   | 111.000   | 111.000       | 111.000   |
| 7      | 0   | 7      | 0     | 0    | 0   | GET    | /api/isu/effea4b2-316c-4b13-a146-748663cb8c61       | 0.004 | 0.188 | 0.336    | 0.048 | 0.188 | 0.188 | 0.188 | 0.064  | 123.000   | 123.000   | 861.000       | 123.000   |
| 6      | 0   | 6      | 0     | 0    | 0   | GET    | /api/isu/f6f5869b-4019-4d6b-9c2a-2da7936c7a9f/graph | 0.072 | 0.152 | 0.276    | 0.046 | 0.152 | 0.152 | 0.152 | 0.055  | 1970.000  | 3225.000  | 15282.000     | 2547.000  |
| 3      | 0   | 3      | 0     | 0    | 0   | GET    | /api/isu/d469b745-7ef5-4eb0-abf5-be9667c9466f/graph | 0.008 | 0.084 | 0.136    | 0.045 | 0.084 | 0.084 | 0.084 | 0.031  | 2433.000  | 2533.000  | 7434.000      | 2478.000  |
| 8      | 0   | 8      | 0     | 0    | 0   | GET    | /api/isu/ad31ede9-ea05-4319-8ff0-bef0d8a3b35e/graph | 0.032 | 0.164 | 0.360    | 0.045 | 0.164 | 0.164 | 0.164 | 0.053  | 2543.000  | 3140.000  | 22397.000     | 2799.625  |
| 1      | 0   | 1      | 0     | 0    | 0   | GET    | /api/isu/d25d0cb4-ffce-4f88-b75a-595445ac9a2e       | 0.044 | 0.044 | 0.044    | 0.044 | 0.044 | 0.044 | 0.044 | 0.000  | 120.000   | 120.000   | 120.000       | 120.000   |
| 4      | 0   | 4      | 0     | 0    | 0   | GET    | /api/isu/ad31ede9-ea05-4319-8ff0-bef0d8a3b35e       | 0.004 | 0.108 | 0.168    | 0.042 | 0.108 | 0.108 | 0.108 | 0.042  | 126.000   | 126.000   | 504.000       | 126.000   |
| 3      | 0   | 3      | 0     | 0    | 0   | GET    | /api/isu/a5200578-ab90-4ae7-a910-629ba5c52aa3/graph | 0.004 | 0.096 | 0.124    | 0.041 | 0.096 | 0.096 | 0.096 | 0.040  | 2161.000  | 2555.000  | 7147.000      | 2382.333  |
| 4      | 0   | 4      | 0     | 0    | 0   | GET    | /api/isu/db8b5cda-9139-4b27-ab34-22fe20c0d969       | 0.000 | 0.152 | 0.164    | 0.041 | 0.152 | 0.152 | 0.152 | 0.064  | 120.000   | 120.000   | 480.000       | 120.000   |
| 4      | 0   | 4      | 0     | 0    | 0   | GET    | /api/isu/fdf7a88d-eceb-4c19-a3c8-1bec32527e97       | 0.004 | 0.080 | 0.160    | 0.040 | 0.080 | 0.080 | 0.080 | 0.034  | 120.000   | 120.000   | 480.000       | 120.000   |
| 1      | 0   | 1      | 0     | 0    | 0   | GET    | /api/isu/beb36c56-213a-4229-a0c2-b663c7ccd9c9       | 0.040 | 0.040 | 0.040    | 0.040 | 0.040 | 0.040 | 0.040 | 0.000  | 114.000   | 114.000   | 114.000       | 114.000   |
| 1      | 0   | 1      | 0     | 0    | 0   | GET    | /api/isu/c0e8d3e5-54a3-4860-83e8-8f1faac8ad32       | 0.040 | 0.040 | 0.040    | 0.040 | 0.040 | 0.040 | 0.040 | 0.000  | 117.000   | 117.000   | 117.000       | 117.000   |
| 18     | 0   | 18     | 0     | 0    | 0   | GET    | /api/isu/e5ffc37a-b69f-440f-9c01-0bda387211e6/graph | 0.004 | 0.172 | 0.696    | 0.039 | 0.144 | 0.172 | 0.172 | 0.051  | 1970.000  | 3694.000  | 48802.000     | 2711.222  |
| 4      | 0   | 4      | 0     | 0    | 0   | GET    | /api/isu/ad4ec4b2-70e7-4998-8b55-5c0f1a9365b8       | 0.004 | 0.096 | 0.148    | 0.037 | 0.096 | 0.096 | 0.096 | 0.037  | 123.000   | 123.000   | 492.000       | 123.000   |
| 40     | 0   | 40     | 0     | 0    | 0   | GET    | /api/isu/f759e52f-3905-48d9-8ba3-23772ced3212       | 0.004 | 0.316 | 1.476    | 0.037 | 0.096 | 0.132 | 0.316 | 0.062  | 117.000   | 117.000   | 4680.000      | 117.000   |
| 19455  | 0   | 19344  | 0     | 100  | 11  | GET    | /api/trend                                          | 0.052 | 1.052 | 717.311  | 0.037 | 0.100 | 0.172 | 0.500 | 0.093  | 0.000     | 14632.000 | 165633698.000 | 8513.683  |
| 39     | 0   | 34     | 0     | 5    | 0   | GET    | /api/isu/b523cd48-9f55-45a0-9b71-998ffa728ed8/graph | 0.008 | 0.728 | 1.436    | 0.037 | 0.152 | 0.256 | 0.728 | 0.124  | 0.000     | 4479.000  | 91344.000     | 2342.154  |
| 7317   | 0   | 7078   | 0     | 238  | 1   | GET    | /api/condition/[a-z0-9-]+                           | 0.036 | 1.056 | 268.034  | 0.037 | 0.100 | 0.188 | 0.540 | 0.103  | 0.000     | 6299.000  | 28576456.000  | 3905.488  |
| 4      | 0   | 4      | 0     | 0    | 0   | GET    | /api/isu/af886b61-3ad5-4a1d-af9c-57aa170780bd       | 0.056 | 0.076 | 0.144    | 0.036 | 0.076 | 0.076 | 0.076 | 0.031  | 120.000   | 120.000   | 480.000       | 120.000   |
| 2      | 0   | 2      | 0     | 0    | 0   | GET    | /api/isu/e464b0e6-c7c2-4daa-9066-35284e0b821d/graph | 0.012 | 0.060 | 0.072    | 0.036 | 0.060 | 0.060 | 0.060 | 0.024  | 1970.000  | 2545.000  | 4515.000      | 2257.500  |
| 1      | 0   | 1      | 0     | 0    | 0   | GET    | /api/isu/a23a7e05-d950-4fb1-ac32-8dda162e6ec9       | 0.036 | 0.036 | 0.036    | 0.036 | 0.036 | 0.036 | 0.036 | 0.000  | 115.000   | 115.000   | 115.000       | 115.000   |
| 3      | 0   | 3      | 0     | 0    | 0   | GET    | /api/isu/f04964f3-ff82-4afc-a81a-68420135d7de/graph | 0.000 | 0.092 | 0.104    | 0.035 | 0.092 | 0.092 | 0.092 | 0.041  | 2625.000  | 3320.000  | 8679.000      | 2893.000  |
| 2      | 0   | 2      | 0     | 0    | 0   | GET    | /api/isu/c0c12c00-03fc-4ef1-b3fe-6539ac3b8892/graph | 0.012 | 0.056 | 0.068    | 0.034 | 0.056 | 0.056 | 0.056 | 0.022  | 2932.000  | 3140.000  | 6072.000      | 3036.000  |
| 4      | 0   | 4      | 0     | 0    | 0   | GET    | /api/isu/d469b745-7ef5-4eb0-abf5-be9667c9466f       | 0.008 | 0.068 | 0.136    | 0.034 | 0.068 | 0.068 | 0.068 | 0.022  | 129.000   | 129.000   | 516.000       | 129.000   |
| 11     | 0   | 11     | 0     | 0    | 0   | GET    | /api/isu/e4159bc6-de37-422a-8abd-2e61659f0e02/graph | 0.004 | 0.148 | 0.372    | 0.034 | 0.108 | 0.148 | 0.148 | 0.047  | 1970.000  | 3530.000  | 31789.000     | 2889.909  |
| 7      | 0   | 7      | 0     | 0    | 0   | GET    | /api/isu/f6f5869b-4019-4d6b-9c2a-2da7936c7a9f       | 0.004 | 0.148 | 0.228    | 0.033 | 0.148 | 0.148 | 0.148 | 0.048  | 120.000   | 120.000   | 840.000       | 120.000   |
| 1      | 0   | 1      | 0     | 0    | 0   | GET    | /api/isu/acabf36a-3753-44b7-8ee1-5c32af5e094e       | 0.032 | 0.032 | 0.032    | 0.032 | 0.032 | 0.032 | 0.032 | 0.000  | 129.000   | 129.000   | 129.000       | 129.000   |
| 4      | 0   | 4      | 0     | 0    | 0   | GET    | /api/isu/f04964f3-ff82-4afc-a81a-68420135d7de       | 0.036 | 0.052 | 0.128    | 0.032 | 0.052 | 0.052 | 0.052 | 0.019  | 123.000   | 123.000   | 492.000       | 123.000   |
| 1      | 0   | 1      | 0     | 0    | 0   | GET    | /api/isu/b5d9a4e7-c651-41de-b3cf-da121a6df155       | 0.032 | 0.032 | 0.032    | 0.032 | 0.032 | 0.032 | 0.032 | 0.000  | 117.000   | 117.000   | 117.000       | 117.000   |
| 1      | 0   | 1      | 0     | 0    | 0   | GET    | /api/isu/ba1b7448-e060-407f-87e0-0c896f0778ce       | 0.032 | 0.032 | 0.032    | 0.032 | 0.032 | 0.032 | 0.032 | 0.000  | 114.000   | 114.000   | 114.000       | 114.000   |
| 6      | 0   | 6      | 0     | 0    | 0   | GET    | /api/isu/d8cba60b-5702-487e-9f0d-7c3a1f2b6e41/graph | 0.004 | 0.108 | 0.192    | 0.032 | 0.108 | 0.108 | 0.108 | 0.039  | 2360.000  | 3335.000  | 17030.000     | 2838.333  |
| 2      | 0   | 2      | 0     | 0    | 0   | GET    | /api/isu/ec3d5032-2db4-4f25-8398-b7fecedc3f40/graph | 0.024 | 0.040 | 0.064    | 0.032 | 0.040 | 0.040 | 0.040 | 0.008  | 1970.000  | 2163.000  | 4133.000      | 2066.500  |
| 2      | 0   | 2      | 0     | 0    | 0   | GET    | /api/isu/f5fa3c78-5fc8-48a9-ad5f-fa7a9fc39d4c       | 0.004 | 0.056 | 0.060    | 0.030 | 0.056 | 0.056 | 0.056 | 0.026  | 126.000   | 126.000   | 252.000       | 126.000   |
| 6      | 0   | 6      | 0     | 0    | 0   | GET    | /api/isu/dc027612-93e9-4d0d-b29e-df0c74906949       | 0.004 | 0.096 | 0.176    | 0.029 | 0.096 | 0.096 | 0.096 | 0.033  | 126.000   | 126.000   | 756.000       | 126.000   |
| 7      | 0   | 7      | 0     | 0    | 0   | GET    | /api/isu/fbd40c23-e2c2-464d-a378-8c64f1fcb9b1       | 0.004 | 0.108 | 0.204    | 0.029 | 0.108 | 0.108 | 0.108 | 0.037  | 120.000   | 120.000   | 840.000       | 120.000   |
| 9      | 0   | 9      | 0     | 0    | 0   | GET    | /api/isu/fbd40c23-e2c2-464d-a378-8c64f1fcb9b1/graph | 0.000 | 0.076 | 0.260    | 0.029 | 0.076 | 0.076 | 0.076 | 0.025  | 1970.000  | 3296.000  | 25673.000     | 2852.556  |
| 4      | 0   | 4      | 0     | 0    | 0   | GET    | /api/isu/b5c3b552-aa27-4816-9548-932cbdb92d27       | 0.000 | 0.052 | 0.104    | 0.026 | 0.052 | 0.052 | 0.052 | 0.024  | 123.000   | 123.000   | 492.000       | 123.000   |
| 7      | 0   | 7      | 0     | 0    | 0   | GET    | /api/isu/b4c47f5f-cf8f-4f6f-9ceb-5f8b587df496       | 0.024 | 0.076 | 0.180    | 0.026 | 0.076 | 0.076 | 0.076 | 0.025  | 129.000   | 129.000   | 903.000       | 129.000   |
| 3      | 0   | 3      | 0     | 0    | 0   | GET    | /api/isu/db8b5cda-9139-4b27-ab34-22fe20c0d969/graph | 0.068 | 0.068 | 0.072    | 0.024 | 0.068 | 0.068 | 0.068 | 0.031  | 2165.000  | 2638.000  | 7238.000      | 2412.667  |
| 7      | 0   | 7      | 0     | 0    | 0   | GET    | /api/isu/b457504a-e778-4f7b-8882-f5b63acbd493       | 0.004 | 0.084 | 0.168    | 0.024 | 0.084 | 0.084 | 0.084 | 0.028  | 114.000   | 114.000   | 798.000       | 114.000   |
| 1      | 0   | 1      | 0     | 0    | 0   | GET    | /api/isu/e3a198d9-a54f-4d3f-9dec-38f409d1802d       | 0.024 | 0.024 | 0.024    | 0.024 | 0.024 | 0.024 | 0.024 | 0.000  | 123.000   | 123.000   | 123.000       | 123.000   |
| 1      | 0   | 1      | 0     | 0    | 0   | GET    | /api/isu/c906f16e-b8f4-4561-9853-f0ca1ca643ec       | 0.024 | 0.024 | 0.024    | 0.024 | 0.024 | 0.024 | 0.024 | 0.000  | 120.000   | 120.000   | 120.000       | 120.000   |
| 1      | 0   | 1      | 0     | 0    | 0   | GET    | /api/isu/b0b7a453-4ed4-4dc4-ac75-ca2ae9052cc6       | 0.024 | 0.024 | 0.024    | 0.024 | 0.024 | 0.024 | 0.024 | 0.000  | 120.000   | 120.000   | 120.000       | 120.000   |
| 12     | 0   | 8      | 0     | 4    | 0   | GET    | /api/isu/aa78ccc7-933e-43d0-bcfc-608295383733/graph | 0.004 | 0.100 | 0.280    | 0.023 | 0.072 | 0.100 | 0.100 | 0.030  | 14.000    | 3159.000  | 22222.000     | 1851.833  |
| 23     | 0   | 23     | 0     | 0    | 0   | GET    | /api/isu/db528a44-4b18-45f6-94d6-10440c128e42/graph | 0.068 | 0.132 | 0.532    | 0.023 | 0.096 | 0.128 | 0.132 | 0.043  | 1970.000  | 3829.000  | 63869.000     | 2776.913  |
| 4      | 0   | 4      | 0     | 0    | 0   | GET    | /api/isu/a5200578-ab90-4ae7-a910-629ba5c52aa3       | 0.008 | 0.040 | 0.092    | 0.023 | 0.040 | 0.040 | 0.040 | 0.011  | 123.000   | 123.000   | 492.000       | 123.000   |
| 7      | 0   | 7      | 0     | 0    | 0   | GET    | /api/isu/c5ce663a-8ca8-429f-aacd-305b3296ba6e       | 0.004 | 0.144 | 0.152    | 0.022 | 0.144 | 0.144 | 0.144 | 0.050  | 123.000   | 123.000   | 861.000       | 123.000   |
| 13     | 0   | 13     | 0     | 0    | 0   | GET    | /api/isu/f0a4ddc4-d2ab-4a81-acd7-6bf813062a53       | 0.004 | 0.164 | 0.280    | 0.022 | 0.044 | 0.164 | 0.164 | 0.043  | 126.000   | 126.000   | 1638.000      | 126.000   |
| 4      | 0   | 4      | 0     | 0    | 0   | GET    | /api/isu/fa97ede5-efe1-45bd-80bc-4d0bc48ffae5       | 0.008 | 0.028 | 0.084    | 0.021 | 0.028 | 0.028 | 0.028 | 0.008  | 120.000   | 120.000   | 480.000       | 120.000   |
| 4      | 0   | 0      | 0     | 4    | 0   | GET    | /api/isu/c648b087-fe00-4ea2-a524-b2e80555893f       | 0.028 | 0.056 | 0.084    | 0.021 | 0.056 | 0.056 | 0.056 | 0.023  | 14.000    | 21.000    | 70.000        | 17.500    |
| 4645   | 0   | 4394   | 0     | 250  | 1   | GET    | /api/isu/[0-9]+                                     | 0.024 | 1.016 | 96.995   | 0.021 | 0.048 | 0.104 | 0.332 | 0.068  | 0.000     | 4910.000  | 5294801.000   | 1139.893  |
| 2      | 0   | 2      | 0     | 0    | 0   | GET    | /api/isu/aa534271-6381-45a9-93a8-3c3ccd1f9b79/graph | 0.016 | 0.024 | 0.040    | 0.020 | 0.024 | 0.024 | 0.024 | 0.004  | 3001.000  | 3115.000  | 6116.000      | 3058.000  |
| 4      | 0   | 4      | 0     | 0    | 0   | GET    | /api/isu/d4520124-56ea-45f3-af42-7e0e31598cd3       | 0.004 | 0.060 | 0.080    | 0.020 | 0.060 | 0.060 | 0.060 | 0.023  | 132.000   | 132.000   | 528.000       | 132.000   |
| 6      | 0   | 2      | 0     | 4    | 0   | GET    | /api/isu/eb104b95-3532-4828-8550-89da717b9667/graph | 0.004 | 0.104 | 0.120    | 0.020 | 0.104 | 0.104 | 0.104 | 0.038  | 14.000    | 4200.000  | 7646.000      | 1274.333  |
| 1      | 0   | 1      | 0     | 0    | 0   | GET    | /api/isu/d3bfb3da-3fc9-46ba-82ef-71e068926389       | 0.020 | 0.020 | 0.020    | 0.020 | 0.020 | 0.020 | 0.020 | 0.000  | 114.000   | 114.000   | 114.000       | 114.000   |
| 10     | 0   | 10     | 0     | 0    | 0   | GET    | /api/isu/aa78ccc7-933e-43d0-bcfc-608295383733       | 0.008 | 0.068 | 0.196    | 0.020 | 0.036 | 0.068 | 0.068 | 0.020  | 117.000   | 117.000   | 1170.000      | 117.000   |
| 20     | 0   | 20     | 0     | 0    | 0   | GET    | /api/isu/c0c51910-865c-47ff-802a-36702ebbcd1a/graph | 0.000 | 0.136 | 0.384    | 0.019 | 0.056 | 0.088 | 0.136 | 0.035  | 1970.000  | 3778.000  | 55929.000     | 2796.450  |
| 3      | 0   | 3      | 0     | 0    | 0   | GET    | /api/isu/f33f73a3-726b-4382-b0b8-1571c18dfdc0/graph | 0.004 | 0.040 | 0.056    | 0.019 | 0.040 | 0.040 | 0.040 | 0.015  | 2353.000  | 3124.000  | 7833.000      | 2611.000  |
| 4      | 0   | 4      | 0     | 0    | 0   | GET    | /api/isu/d071d07d-256a-4c78-b873-9598be3fe6fe       | 0.004 | 0.032 | 0.072    | 0.018 | 0.032 | 0.032 | 0.032 | 0.011  | 123.000   | 123.000   | 492.000       | 123.000   |
| 21     | 0   | 21     | 0     | 0    | 0   | GET    | /api/isu/bfba869a-5ea7-4ceb-a383-456ee6cfaafa       | 0.060 | 0.068 | 0.368    | 0.018 | 0.044 | 0.060 | 0.068 | 0.021  | 123.000   | 123.000   | 2583.000      | 123.000   |
| 8      | 0   | 0      | 0     | 8    | 0   | GET    | /api/isu/c648b087-fe00-4ea2-a524-b2e80555893f/graph | 0.012 | 0.088 | 0.136    | 0.017 | 0.088 | 0.088 | 0.088 | 0.028  | 14.000    | 21.000    | 144.000       | 18.000    |
| 4      | 0   | 4      | 0     | 0    | 0   | GET    | /api/isu/b68248e9-8881-46f0-8d5d-f8599bfba887       | 0.000 | 0.056 | 0.068    | 0.017 | 0.056 | 0.056 | 0.056 | 0.023  | 126.000   | 126.000   | 504.000       | 126.000   |
| 4      | 0   | 4      | 0     | 0    | 0   | GET    | /api/isu/b1ce99dc-2748-4766-910b-5e003a69883b       | 0.000 | 0.068 | 0.068    | 0.017 | 0.068 | 0.068 | 0.068 | 0.029  | 132.000   | 132.000   | 528.000       | 132.000   |
| 48     | 0   | 45     | 0     | 3    | 0   | GET    | /api/isu/fb640383-c030-4ea6-b188-4bad69653395       | 0.008 | 0.704 | 0.816    | 0.017 | 0.004 | 0.012 | 0.704 | 0.100  | 0.000     | 134.000   | 6065.000      | 126.354   |
| 44     | 0   | 44     | 0     | 0    | 0   | GET    | /api/isu/b3627182-e749-42d7-8494-b4bc1c510b43/graph | 0.020 | 0.328 | 0.740    | 0.017 | 0.020 | 0.060 | 0.328 | 0.051  | 1970.000  | 4458.000  | 129199.000    | 2936.341  |
| 5      | 0   | 5      | 0     | 0    | 0   | GET    | /api/isu/ab7ca1b7-88c0-48b9-a64e-c04525630b66/graph | 0.004 | 0.044 | 0.080    | 0.016 | 0.044 | 0.044 | 0.044 | 0.015  | 1970.000  | 2868.000  | 12403.000     | 2480.600  |
| 2      | 0   | 2      | 0     | 0    | 0   | GET    | /api/isu/acc271ef-acfa-4289-aa52-e2c43f2e83b7       | 0.012 | 0.020 | 0.032    | 0.016 | 0.020 | 0.020 | 0.020 | 0.004  | 126.000   | 126.000   | 252.000       | 126.000   |
| 1      | 0   | 1      | 0     | 0    | 0   | GET    | /api/isu/dcbb606f-0dbf-43b6-a739-bf91d4d8f1a4       | 0.016 | 0.016 | 0.016    | 0.016 | 0.016 | 0.016 | 0.016 | 0.000  | 120.000   | 120.000   | 120.000       | 120.000   |
| 1      | 0   | 1      | 0     | 0    | 0   | GET    | /api/isu/e93fe289-a0b4-4702-b707-ebc6f668b1f4       | 0.016 | 0.016 | 0.016    | 0.016 | 0.016 | 0.016 | 0.016 | 0.000  | 129.000   | 129.000   | 129.000       | 129.000   |
| 4      | 0   | 4      | 0     | 0    | 0   | GET    | /api/isu/c0c12c00-03fc-4ef1-b3fe-6539ac3b8892       | 0.004 | 0.024 | 0.060    | 0.015 | 0.024 | 0.024 | 0.024 | 0.009  | 117.000   | 117.000   | 468.000       | 117.000   |
| 4      | 0   | 0      | 0     | 4    | 0   | GET    | /api/isu/c648b087-fe00-4ea2-a524-b2e80555893f/icon  | 0.028 | 0.032 | 0.060    | 0.015 | 0.032 | 0.032 | 0.032 | 0.015  | 14.000    | 21.000    | 70.000        | 17.500    |
| 4      | 0   | 4      | 0     | 0    | 0   | GET    | /api/isu/ec3d5032-2db4-4f25-8398-b7fecedc3f40       | 0.000 | 0.060 | 0.060    | 0.015 | 0.060 | 0.060 | 0.060 | 0.026  | 123.000   | 123.000   | 492.000       | 123.000   |
| 43     | 0   | 43     | 0     | 0    | 0   | GET    | /api/isu/f2245cf1-ba91-473f-94fb-dc9b9be876a7       | 0.268 | 0.288 | 0.623    | 0.014 | 0.004 | 0.012 | 0.288 | 0.058  | 113.000   | 113.000   | 4859.000      | 113.000   |
| 1143   | 0   | 900    | 0     | 242  | 1   | POST   | /api/auth                                           | 0.040 | 1.000 | 16.512   | 0.014 | 0.024 | 0.064 | 0.212 | 0.054  | 0.000     | 588.000   | 3348.000      | 2.929     |
| 4      | 0   | 4      | 0     | 0    | 0   | GET    | /api/isu/a053dd36-c0da-430c-80e5-749cecfb9cd7       | 0.000 | 0.048 | 0.056    | 0.014 | 0.048 | 0.048 | 0.048 | 0.020  | 120.000   | 120.000   | 480.000       | 120.000   |
| 4      | 0   | 4      | 0     | 0    | 0   | GET    | /api/isu/cedd061a-a58a-4555-be23-d2d1d35717e0       | 0.004 | 0.020 | 0.056    | 0.014 | 0.020 | 0.020 | 0.020 | 0.007  | 120.000   | 120.000   | 480.000       | 120.000   |
| 2      | 0   | 2      | 0     | 0    | 0   | GET    | /api/isu/f9f68495-37b5-4944-a7a2-286d722efea1/graph | 0.004 | 0.024 | 0.028    | 0.014 | 0.024 | 0.024 | 0.024 | 0.010  | 1970.000  | 2740.000  | 4710.000      | 2355.000  |
| 2      | 0   | 2      | 0     | 0    | 0   | GET    | /api/isu/bf5a9b53-964c-4938-ad88-64dc2750fd30/graph | 0.012 | 0.016 | 0.028    | 0.014 | 0.016 | 0.016 | 0.016 | 0.002  | 1970.000  | 2352.000  | 4322.000      | 2161.000  |
| 2      | 0   | 2      | 0     | 0    | 0   | GET    | /api/isu/fd887e7f-6c9e-41c7-b4d7-87692ade5059/graph | 0.004 | 0.024 | 0.028    | 0.014 | 0.024 | 0.024 | 0.024 | 0.010  | 2161.000  | 3587.000  | 5748.000      | 2874.000  |
| 8      | 0   | 8      | 0     | 0    | 0   | GET    | /api/isu/effea4b2-316c-4b13-a146-748663cb8c61/graph | 0.000 | 0.036 | 0.108    | 0.013 | 0.036 | 0.036 | 0.036 | 0.011  | 1970.000  | 2750.000  | 18468.000     | 2308.500  |
| 60     | 0   | 60     | 0     | 0    | 0   | GET    | /api/isu/b6558e3c-4e5f-4b1b-9921-3a27a9772805/graph | 0.004 | 0.356 | 0.808    | 0.013 | 0.016 | 0.032 | 0.356 | 0.049  | 1970.000  | 4290.000  | 165224.000    | 2753.733  |
| 22     | 0   | 22     | 0     | 0    | 0   | GET    | /api/isu/f25605cd-f1e2-4af1-b3ed-0460f3ea49e6/graph | 0.004 | 0.108 | 0.296    | 0.013 | 0.024 | 0.084 | 0.108 | 0.027  | 1970.000  | 3987.000  | 61485.000     | 2794.773  |
| 4704   | 0   | 4664   | 0     | 36   | 4   | GET    | /api/isu                                            | 0.092 | 1.000 | 63.287   | 0.013 | 0.024 | 0.064 | 0.228 | 0.048  | 0.000     | 3783.000  | 10098360.000  | 2146.760  |
| 3      | 0   | 3      | 0     | 0    | 0   | GET    | /api/isu/e4745a52-60d0-43af-b3f6-99d491d45c6f/graph | 0.024 | 0.024 | 0.040    | 0.013 | 0.024 | 0.024 | 0.024 | 0.010  | 2835.000  | 3520.000  | 9474.000      | 3158.000  |
| 5      | 0   | 5      | 0     | 0    | 0   | GET    | /api/isu/c8c53d67-1fa8-4d25-9067-f01c6e217a99/graph | 0.000 | 0.040 | 0.064    | 0.013 | 0.040 | 0.040 | 0.040 | 0.014  | 2351.000  | 3421.000  | 14288.000     | 2857.600  |
| 35     | 0   | 35     | 0     | 0    | 0   | GET    | /api/isu/f2245cf1-ba91-473f-94fb-dc9b9be876a7/graph | 0.004 | 0.116 | 0.436    | 0.012 | 0.020 | 0.108 | 0.116 | 0.028  | 1970.000  | 3972.000  | 96038.000     | 2743.943  |
| 25     | 0   | 25     | 0     | 0    | 0   | GET    | /api/isu/c0c51910-865c-47ff-802a-36702ebbcd1a       | 0.004 | 0.124 | 0.308    | 0.012 | 0.024 | 0.092 | 0.124 | 0.029  | 108.000   | 108.000   | 2700.000      | 108.000   |
| 43     | 0   | 43     | 0     | 0    | 0   | GET    | /api/isu/e4ca6bb6-da44-491e-9621-3d91d401f5f0/graph | 0.004 | 0.228 | 0.528    | 0.012 | 0.012 | 0.056 | 0.228 | 0.037  | 1970.000  | 4134.000  | 110611.000    | 2572.349  |
| 16     | 0   | 16     | 0     | 0    | 0   | GET    | /api/isu/e4159bc6-de37-422a-8abd-2e61659f0e02       | 0.004 | 0.084 | 0.196    | 0.012 | 0.020 | 0.084 | 0.084 | 0.020  | 132.000   | 132.000   | 2112.000      | 132.000   |
| 13     | 0   | 13     | 0     | 0    | 0   | GET    | /api/isu/d6c9fee9-8768-4c7b-ab9d-deae24471e01       | 0.000 | 0.088 | 0.156    | 0.012 | 0.028 | 0.088 | 0.088 | 0.023  | 111.000   | 111.000   | 1443.000      | 111.000   |
| 3      | 0   | 3      | 0     | 0    | 0   | GET    | /api/isu/ffd51264-76b3-48a6-8c21-d6af146499a6/graph | 0.008 | 0.020 | 0.036    | 0.012 | 0.020 | 0.020 | 0.020 | 0.006  | 2433.000  | 3303.000  | 8664.000      | 2888.000  |
| 1      | 0   | 1      | 0     | 0    | 0   | GET    | /api/isu/d177188f-395f-4e0a-bb0d-966ef5c946fe       | 0.012 | 0.012 | 0.012    | 0.012 | 0.012 | 0.012 | 0.012 | 0.000  | 123.000   | 123.000   | 123.000       | 123.000   |
| 1      | 0   | 1      | 0     | 0    | 0   | GET    | /api/isu/f00d6c50-0d93-40b8-a958-9763c32a690b       | 0.012 | 0.012 | 0.012    | 0.012 | 0.012 | 0.012 | 0.012 | 0.000  | 126.000   | 126.000   | 126.000       | 126.000   |
| 1      | 0   | 1      | 0     | 0    | 0   | GET    | /api/isu/f3b39583-7c93-45a0-9acc-2c0256a3cccf       | 0.012 | 0.012 | 0.012    | 0.012 | 0.012 | 0.012 | 0.012 | 0.000  | 117.000   | 117.000   | 117.000       | 117.000   |
| 16     | 0   | 16     | 0     | 0    | 0   | GET    | /api/isu/f6a6858c-0056-4bb1-b3ab-01730e32dd2c       | 0.008 | 0.056 | 0.184    | 0.011 | 0.052 | 0.056 | 0.056 | 0.017  | 125.000   | 125.000   | 2000.000      | 125.000   |
| 28     | 0   | 28     | 0     | 0    | 0   | GET    | /api/isu/c284735a-de42-4651-a701-18d8a0c2d94e/graph | 0.004 | 0.108 | 0.320    | 0.011 | 0.032 | 0.044 | 0.108 | 0.022  | 1970.000  | 3998.000  | 73620.000     | 2629.286  |
| 31     | 0   | 31     | 0     | 0    | 0   | GET    | /api/isu/e5ffc37a-b69f-440f-9c01-0bda387211e6       | 0.024 | 0.072 | 0.352    | 0.011 | 0.032 | 0.052 | 0.072 | 0.018  | 123.000   | 123.000   | 3813.000      | 123.000   |
| 43     | 0   | 43     | 0     | 0    | 0   | GET    | /api/isu/dc107376-7da5-4c22-b6c5-839b5c454bf5       | 0.004 | 0.256 | 0.488    | 0.011 | 0.012 | 0.032 | 0.256 | 0.041  | 125.000   | 125.000   | 5375.000      | 125.000   |
| 9      | 0   | 9      | 0     | 0    | 0   | GET    | /api/isu/b4264110-d42d-40ba-9bca-c695f7c496dc/graph | 0.004 | 0.044 | 0.100    | 0.011 | 0.044 | 0.044 | 0.044 | 0.013  | 1970.000  | 4163.000  | 24582.000     | 2731.333  |
| 3      | 0   | 3      | 0     | 0    | 0   | GET    | /api/isu/aa5d15a8-1694-467b-8df8-8df6cb3582a1/graph | 0.012 | 0.020 | 0.032    | 0.011 | 0.020 | 0.020 | 0.020 | 0.008  | 1970.000  | 2930.000  | 7454.000      | 2484.667  |
| 36     | 0   | 36     | 0     | 0    | 0   | GET    | /api/isu/d3a967eb-b3ef-4664-a211-442440b43508/graph | 0.052 | 0.120 | 0.360    | 0.010 | 0.024 | 0.052 | 0.120 | 0.021  | 1970.000  | 3692.000  | 96345.000     | 2676.250  |
| 2      | 0   | 0      | 0     | 2    | 0   | GET    | /api/isu/d6c9fee9-8768-4c7b-ab9d-deae24471e01/icon  | 0.008 | 0.012 | 0.020    | 0.010 | 0.012 | 0.012 | 0.012 | 0.002  | 14.000    | 21.000    | 35.000        | 17.500    |
| 2      | 0   | 0      | 0     | 2    | 0   | GET    | /api/isu/b075680d-aa09-460b-9605-2f8dfe1812c4/icon  | 0.004 | 0.016 | 0.020    | 0.010 | 0.016 | 0.016 | 0.016 | 0.006  | 14.000    | 21.000    | 35.000        | 17.500    |
| 4      | 0   | 4      | 0     | 0    | 0   | GET    | /api/isu/f33f73a3-726b-4382-b0b8-1571c18dfdc0       | 0.008 | 0.028 | 0.040    | 0.010 | 0.028 | 0.028 | 0.028 | 0.011  | 135.000   | 135.000   | 540.000       | 135.000   |
| 2      | 0   | 0      | 0     | 2    | 0   | GET    | /api/isu/b523cd48-9f55-45a0-9b71-998ffa728ed8/icon  | 0.000 | 0.020 | 0.020    | 0.010 | 0.020 | 0.020 | 0.020 | 0.010  | 14.000    | 21.000    | 35.000        | 17.500    |
| 2      | 0   | 2      | 0     | 0    | 0   | GET    | /api/isu/d071d07d-256a-4c78-b873-9598be3fe6fe/graph | 0.004 | 0.016 | 0.020    | 0.010 | 0.016 | 0.016 | 0.016 | 0.006  | 1970.000  | 3386.000  | 5356.000      | 2678.000  |
| 4      | 0   | 4      | 0     | 0    | 0   | GET    | /api/isu/fd887e7f-6c9e-41c7-b4d7-87692ade5059       | 0.004 | 0.020 | 0.040    | 0.010 | 0.020 | 0.020 | 0.020 | 0.007  | 111.000   | 111.000   | 444.000       | 111.000   |
| 2      | 0   | 2      | 0     | 0    | 0   | GET    | /api/isu/d4520124-56ea-45f3-af42-7e0e31598cd3/graph | 0.004 | 0.016 | 0.020    | 0.010 | 0.016 | 0.016 | 0.016 | 0.006  | 1970.000  | 2927.000  | 4897.000      | 2448.500  |
| 135279 | 0   | 132607 | 0     | 2153 | 519 | POST   | /api/condition/[a-z0-9-]+                           | 0.004 | 0.399 | 1345.027 | 0.010 | 0.024 | 0.044 | 0.100 | 0.020  | 0.000     | 186.000   | 96660.000     | 0.715     |
| 73     | 0   | 73     | 0     | 0    | 0   | GET    | /api/isu/e4ca6bb6-da44-491e-9621-3d91d401f5f0       | 0.008 | 0.468 | 0.716    | 0.010 | 0.008 | 0.036 | 0.468 | 0.055  | 122.000   | 122.000   | 8906.000      | 122.000   |
| 12     | 0   | 12     | 0     | 0    | 0   | GET    | /api/isu/bbba3328-2fcf-4503-822e-1e3b687838c1/graph | 0.004 | 0.048 | 0.116    | 0.010 | 0.028 | 0.048 | 0.048 | 0.014  | 1970.000  | 4076.000  | 35167.000     | 2930.583  |
| 5      | 0   | 5      | 0     | 0    | 0   | GET    | /api/isu/f9f68495-37b5-4944-a7a2-286d722efea1       | 0.000 | 0.028 | 0.048    | 0.010 | 0.028 | 0.028 | 0.028 | 0.012  | 126.000   | 126.000   | 630.000       | 126.000   |
| 81     | 0   | 79     | 0     | 2    | 0   | GET    | /api/isu/b6558e3c-4e5f-4b1b-9921-3a27a9772805       | 0.004 | 0.576 | 0.776    | 0.010 | 0.004 | 0.008 | 0.576 | 0.064  | 14.000    | 122.000   | 9673.000      | 119.420   |
| 52     | 0   | 52     | 0     | 0    | 0   | GET    | /api/isu/ad32ae25-3dc0-4568-8405-afba197c5959       | 0.004 | 0.180 | 0.448    | 0.009 | 0.008 | 0.020 | 0.180 | 0.032  | 122.000   | 122.000   | 6344.000      | 122.000   |
| 41     | 0   | 37     | 0     | 4    | 0   | GET    | /api/isu/ad32ae25-3dc0-4568-8405-afba197c5959/graph | 0.004 | 0.116 | 0.352    | 0.009 | 0.012 | 0.020 | 0.116 | 0.020  | 14.000    | 3506.000  | 102766.000    | 2506.488  |
| 8      | 0   | 8      | 0     | 0    | 0   | GET    | /api/isu/f0a4ddc4-d2ab-4a81-acd7-6bf813062a53/graph | 0.004 | 0.024 | 0.068    | 0.009 | 0.024 | 0.024 | 0.024 | 0.008  | 1970.000  | 3198.000  | 20329.000     | 2541.125  |
| 9      | 0   | 9      | 0     | 0    | 0   | GET    | /api/isu/b52628c7-de52-471d-ac96-d3eb358daf9a/graph | 0.000 | 0.044 | 0.076    | 0.008 | 0.044 | 0.044 | 0.044 | 0.013  | 1970.000  | 3691.000  | 25261.000     | 2806.778  |
| 2      | 0   | 2      | 0     | 0    | 0   | GET    | /api/isu/e4f242b7-b390-495b-899f-e03386e53120       | 0.004 | 0.012 | 0.016    | 0.008 | 0.012 | 0.012 | 0.012 | 0.004  | 123.000   | 123.000   | 246.000       | 123.000   |
| 2      | 0   | 2      | 0     | 0    | 0   | GET    | /api/isu/a6413ea6-9a61-499d-8a52-65c8e48c65ae/graph | 0.008 | 0.008 | 0.016    | 0.008 | 0.008 | 0.008 | 0.008 | 0.000  | 2735.000  | 2935.000  | 5670.000      | 2835.000  |
| 1      | 0   | 1      | 0     | 0    | 0   | GET    | /api/isu/b0587d2a-dd86-45de-a6d0-fb2ce754d4a3       | 0.008 | 0.008 | 0.008    | 0.008 | 0.008 | 0.008 | 0.008 | 0.000  | 117.000   | 117.000   | 117.000       | 117.000   |
| 4      | 0   | 4      | 0     | 0    | 0   | GET    | /api/isu/e4745a52-60d0-43af-b3f6-99d491d45c6f       | 0.004 | 0.020 | 0.032    | 0.008 | 0.020 | 0.020 | 0.020 | 0.007  | 114.000   | 114.000   | 456.000       | 114.000   |
| 16     | 0   | 12     | 0     | 4    | 0   | GET    | /api/isu/d6c9fee9-8768-4c7b-ab9d-deae24471e01/graph | 0.000 | 0.020 | 0.120    | 0.008 | 0.016 | 0.020 | 0.020 | 0.006  | 14.000    | 3633.000  | 36057.000     | 2253.562  |
| 42     | 0   | 38     | 0     | 4    | 0   | GET    | /api/isu/f30dfb16-7bc1-47f6-a0eb-389298f3d45e/graph | 0.004 | 0.052 | 0.308    | 0.007 | 0.028 | 0.032 | 0.052 | 0.011  | 14.000    | 3886.000  | 102966.000    | 2451.571  |
| 51     | 0   | 49     | 0     | 2    | 0   | GET    | /api/isu/b523cd48-9f55-45a0-9b71-998ffa728ed8       | 0.128 | 0.132 | 0.360    | 0.007 | 0.004 | 0.016 | 0.132 | 0.025  | 14.000    | 125.000   | 6160.000      | 120.784   |
| 4      | 0   | 4      | 0     | 0    | 0   | GET    | /api/isu/ffd51264-76b3-48a6-8c21-d6af146499a6       | 0.004 | 0.012 | 0.028    | 0.007 | 0.012 | 0.012 | 0.012 | 0.005  | 114.000   | 114.000   | 456.000       | 114.000   |
| 4      | 0   | 4      | 0     | 0    | 0   | GET    | /api/isu/bf5a9b53-964c-4938-ad88-64dc2750fd30       | 0.000 | 0.024 | 0.028    | 0.007 | 0.024 | 0.024 | 0.024 | 0.010  | 117.000   | 117.000   | 468.000       | 117.000   |
| 4      | 0   | 4      | 0     | 0    | 0   | GET    | /api/isu/d6145db0-c207-41d1-b12c-750f8afd7642       | 0.012 | 0.012 | 0.028    | 0.007 | 0.012 | 0.012 | 0.012 | 0.005  | 123.000   | 123.000   | 492.000       | 123.000   |
| 20347  | 0   | 1820   | 18491 | 0    | 36  | GET    | /                                                   | 0.028 | 0.136 | 136.819  | 0.007 | 0.020 | 0.028 | 0.052 | 0.011  | 0.000     | 588.000   | 976500.000    | 47.992    |
| 27     | 0   | 27     | 0     | 0    | 0   | GET    | /api/isu/f5ce49b6-c4bb-4ea4-bd08-1426b0cfe48f/graph | 0.028 | 0.060 | 0.180    | 0.007 | 0.012 | 0.028 | 0.060 | 0.012  | 1970.000  | 3810.000  | 75916.000     | 2811.704  |
| 34     | 0   | 34     | 0     | 0    | 0   | GET    | /api/isu/db528a44-4b18-45f6-94d6-10440c128e42       | 0.064 | 0.096 | 0.224    | 0.007 | 0.008 | 0.064 | 0.096 | 0.019  | 119.000   | 119.000   | 4046.000      | 119.000   |
| 10     | 0   | 10     | 0     | 0    | 0   | GET    | /api/isu/b52628c7-de52-471d-ac96-d3eb358daf9a       | 0.004 | 0.016 | 0.064    | 0.006 | 0.012 | 0.016 | 0.016 | 0.005  | 120.000   | 120.000   | 1200.000      | 120.000   |
| 31     | 0   | 31     | 0     | 0    | 0   | GET    | /api/isu/dc107376-7da5-4c22-b6c5-839b5c454bf5/graph | 0.008 | 0.024 | 0.188    | 0.006 | 0.016 | 0.020 | 0.024 | 0.006  | 1970.000  | 4078.000  | 81236.000     | 2620.516  |
| 4      | 0   | 4      | 0     | 0    | 0   | GET    | /api/isu/aa534271-6381-45a9-93a8-3c3ccd1f9b79       | 0.004 | 0.012 | 0.024    | 0.006 | 0.012 | 0.012 | 0.012 | 0.004  | 126.000   | 126.000   | 504.000       | 126.000   |
| 2      | 0   | 2      | 0     | 0    | 0   | GET    | /api/isu/c95eed7c-0c5c-4cde-8311-6603f0f301e2/graph | 0.000 | 0.012 | 0.012    | 0.006 | 0.012 | 0.012 | 0.012 | 0.006  | 1970.000  | 2246.000  | 4216.000      | 2108.000  |
| 2      | 0   | 2      | 0     | 0    | 0   | GET    | /api/isu/b68248e9-8881-46f0-8d5d-f8599bfba887/graph | 0.004 | 0.008 | 0.012    | 0.006 | 0.008 | 0.008 | 0.008 | 0.002  | 2356.000  | 2750.000  | 5106.000      | 2553.000  |
| 61     | 0   | 61     | 0     | 0    | 0   | GET    | /api/isu/b3627182-e749-42d7-8494-b4bc1c510b43       | 0.012 | 0.128 | 0.356    | 0.006 | 0.008 | 0.012 | 0.128 | 0.019  | 128.000   | 128.000   | 7808.000      | 128.000   |
| 15     | 0   | 13     | 0     | 2    | 0   | GET    | /api/isu/bbba3328-2fcf-4503-822e-1e3b687838c1       | 0.008 | 0.044 | 0.084    | 0.006 | 0.008 | 0.044 | 0.044 | 0.011  | 14.000    | 126.000   | 1673.000      | 111.533   |
| 43     | 0   | 43     | 0     | 0    | 0   | GET    | /api/isu/c284735a-de42-4651-a701-18d8a0c2d94e       | 0.000 | 0.096 | 0.240    | 0.006 | 0.012 | 0.012 | 0.096 | 0.015  | 119.000   | 119.000   | 5117.000      | 119.000   |
| 33     | 0   | 31     | 0     | 2    | 0   | GET    | /api/isu/f25605cd-f1e2-4af1-b3ed-0460f3ea49e6       | 0.000 | 0.088 | 0.160    | 0.005 | 0.008 | 0.016 | 0.088 | 0.015  | 14.000    | 113.000   | 3538.000      | 107.212   |
| 23     | 0   | 23     | 0     | 0    | 0   | GET    | /api/isu/d3be3b9a-3040-4e37-b5ef-f409a45be526/graph | 0.004 | 0.024 | 0.108    | 0.005 | 0.016 | 0.024 | 0.024 | 0.008  | 1970.000  | 3470.000  | 60364.000     | 2624.522  |
| 36     | 0   | 32     | 0     | 4    | 0   | GET    | /api/isu/c06b2c24-7a00-4808-a0b8-f11ac7cc84a5/graph | 0.004 | 0.036 | 0.160    | 0.004 | 0.008 | 0.012 | 0.036 | 0.006  | 14.000    | 3961.000  | 91849.000     | 2551.361  |
| 31     | 0   | 31     | 0     | 0    | 0   | GET    | /api/isu/cb42eabc-b546-41ce-a21d-db2d1a2eb4d3/graph | 0.004 | 0.028 | 0.136    | 0.004 | 0.008 | 0.012 | 0.028 | 0.005  | 1970.000  | 4067.000  | 81740.000     | 2636.774  |
| 25     | 0   | 25     | 0     | 0    | 0   | GET    | /api/isu/eec14c33-57ff-476f-87f6-33d85feccce5/graph | 0.000 | 0.028 | 0.104    | 0.004 | 0.012 | 0.016 | 0.028 | 0.006  | 1970.000  | 4209.000  | 68473.000     | 2738.920  |
| 22     | 0   | 22     | 0     | 0    | 0   | GET    | /api/isu/eed1b8f9-d354-4091-b83c-0ed42901aea3/graph | 0.004 | 0.012 | 0.088    | 0.004 | 0.008 | 0.012 | 0.012 | 0.004  | 1970.000  | 3824.000  | 61041.000     | 2774.591  |
| 1      | 0   | 1      | 0     | 0    | 0   | GET    | /isu/8fb74e6e-4f8d-4a33-9862-dbcdc0712c7e/graph     | 0.004 | 0.004 | 0.004    | 0.004 | 0.004 | 0.004 | 0.004 | 0.000  | 528.000   | 528.000   | 528.000       | 528.000   |
| 1      | 0   | 1      | 0     | 0    | 0   | GET    | /api/isu/d3e7e19f-baa3-4c10-b3e1-63453b426009       | 0.004 | 0.004 | 0.004    | 0.004 | 0.004 | 0.004 | 0.004 | 0.000  | 111.000   | 111.000   | 111.000       | 111.000   |
| 1      | 0   | 1      | 0     | 0    | 0   | GET    | /api/isu/f6f3a24a-30cc-4d2c-9605-fad610dbe9ab       | 0.004 | 0.004 | 0.004    | 0.004 | 0.004 | 0.004 | 0.004 | 0.000  | 116.000   | 116.000   | 116.000       | 116.000   |
| 1      | 0   | 1      | 0     | 0    | 0   | GET    | /api/isu/f0f6711c-4319-4983-a4e4-a72f1e8ad1a2       | 0.004 | 0.004 | 0.004    | 0.004 | 0.004 | 0.004 | 0.004 | 0.000  | 123.000   | 123.000   | 123.000       | 123.000   |
| 1      | 0   | 1      | 0     | 0    | 0   | GET    | /api/isu/ab819596-61a8-4404-a1c6-e95c173dc6ca       | 0.004 | 0.004 | 0.004    | 0.004 | 0.004 | 0.004 | 0.004 | 0.000  | 120.000   | 120.000   | 120.000       | 120.000   |
| 2      | 0   | 0      | 0     | 2    | 0   | GET    | /api/isu/aa78ccc7-933e-43d0-bcfc-608295383733/icon  | 0.004 | 0.004 | 0.008    | 0.004 | 0.004 | 0.004 | 0.004 | 0.000  | 14.000    | 21.000    | 35.000        | 17.500    |
| 26     | 0   | 26     | 0     | 0    | 0   | GET    | /api/isu/fb640383-c030-4ea6-b188-4bad69653395/graph | 0.008 | 0.020 | 0.092    | 0.004 | 0.008 | 0.016 | 0.020 | 0.005  | 1970.000  | 3913.000  | 65680.000     | 2526.154  |
| 1580   | 0   | 807    | 0     | 773  | 0   | GET    | /api/user/me                                        | 0.032 | 0.060 | 5.380    | 0.003 | 0.008 | 0.016 | 0.032 | 0.007  | 21.000    | 40.000    | 43129.000     | 27.297    |
| 43     | 0   | 43     | 0     | 0    | 0   | GET    | /api/isu/eec14c33-57ff-476f-87f6-33d85feccce5       | 0.004 | 0.048 | 0.144    | 0.003 | 0.004 | 0.012 | 0.048 | 0.008  | 119.000   | 119.000   | 5117.000      | 119.000   |
| 58     | 0   | 58     | 0     | 0    | 0   | GET    | /api/isu/f30dfb16-7bc1-47f6-a0eb-389298f3d45e       | 0.020 | 0.064 | 0.192    | 0.003 | 0.004 | 0.012 | 0.064 | 0.009  | 134.000   | 134.000   | 7772.000      | 134.000   |
| 22     | 0   | 22     | 0     | 0    | 0   | GET    | /api/isu/efe22030-9994-4d15-9675-b9088daf03ad/graph | 0.004 | 0.020 | 0.072    | 0.003 | 0.008 | 0.008 | 0.020 | 0.004  | 1970.000  | 4390.000  | 57746.000     | 2624.818  |
| 42     | 0   | 40     | 0     | 2    | 0   | GET    | /api/isu/efe22030-9994-4d15-9675-b9088daf03ad       | 0.004 | 0.032 | 0.124    | 0.003 | 0.004 | 0.008 | 0.032 | 0.006  | 14.000    | 120.000   | 4835.000      | 115.119   |
| 777    | 0   | 745    | 0     | 32   | 0   | POST   | /api/signout                                        | 0.000 | 0.096 | 2.244    | 0.003 | 0.008 | 0.012 | 0.032 | 0.006  | 0.000     | 21.000    | 672.000       | 0.865     |
| 46     | 0   | 46     | 0     | 0    | 0   | GET    | /api/isu/f5ce49b6-c4bb-4ea4-bd08-1426b0cfe48f       | 0.004 | 0.012 | 0.124    | 0.003 | 0.008 | 0.008 | 0.012 | 0.003  | 116.000   | 116.000   | 5336.000      | 116.000   |
| 23     | 0   | 23     | 0     | 0    | 0   | GET    | /api/isu/e4ca34ca-a6a9-4988-b030-3fa1ba5526aa/graph | 0.004 | 0.012 | 0.060    | 0.003 | 0.008 | 0.008 | 0.012 | 0.003  | 1970.000  | 3970.000  | 65359.000     | 2841.696  |
| 40     | 0   | 40     | 0     | 0    | 0   | GET    | /api/isu/e4ca34ca-a6a9-4988-b030-3fa1ba5526aa       | 0.004 | 0.028 | 0.104    | 0.003 | 0.004 | 0.012 | 0.028 | 0.006  | 119.000   | 119.000   | 4760.000      | 119.000   |
| 54     | 0   | 52     | 0     | 2    | 0   | GET    | /api/isu/d3a967eb-b3ef-4664-a211-442440b43508       | 0.000 | 0.012 | 0.136    | 0.003 | 0.008 | 0.008 | 0.012 | 0.003  | 14.000    | 122.000   | 6379.000      | 118.130   |
| 13     | 0   | 13     | 0     | 0    | 0   | GET    | /api/isu/b4264110-d42d-40ba-9bca-c695f7c496dc       | 0.004 | 0.008 | 0.028    | 0.002 | 0.008 | 0.008 | 0.008 | 0.003  | 116.000   | 116.000   | 1508.000      | 116.000   |
| 39     | 0   | 37     | 0     | 2    | 0   | GET    | /api/isu/d3be3b9a-3040-4e37-b5ef-f409a45be526       | 0.004 | 0.008 | 0.080    | 0.002 | 0.004 | 0.008 | 0.008 | 0.002  | 14.000    | 128.000   | 4771.000      | 122.333   |
| 2      | 0   | 2      | 0     | 0    | 0   | GET    | /api/isu/b82dcff4-8fae-4773-9956-22ab354adb7e/graph | 0.000 | 0.004 | 0.004    | 0.002 | 0.004 | 0.004 | 0.004 | 0.002  | 3376.000  | 4234.000  | 7610.000      | 3805.000  |
| 4      | 0   | 4      | 0     | 0    | 0   | GET    | /api/isu/e464b0e6-c7c2-4daa-9066-35284e0b821d       | 0.004 | 0.004 | 0.008    | 0.002 | 0.004 | 0.004 | 0.004 | 0.002  | 117.000   | 117.000   | 468.000       | 117.000   |
| 2      | 0   | 2      | 0     | 0    | 0   | GET    | /api/isu/e15808b1-5b7e-4e2c-800a-e09a0f0c157c/graph | 0.004 | 0.004 | 0.004    | 0.002 | 0.004 | 0.004 | 0.004 | 0.002  | 1970.000  | 2542.000  | 4512.000      | 2256.000  |
| 2      | 0   | 2      | 0     | 0    | 0   | GET    | /api/isu/cab99f63-bb3a-4648-b6df-376396f2c7ab/graph | 0.000 | 0.004 | 0.004    | 0.002 | 0.004 | 0.004 | 0.004 | 0.002  | 1970.000  | 2199.000  | 4169.000      | 2084.500  |
| 2      | 0   | 0      | 0     | 2    | 0   | GET    | /api/isu/f30dfb16-7bc1-47f6-a0eb-389298f3d45e/icon  | 0.004 | 0.004 | 0.004    | 0.002 | 0.004 | 0.004 | 0.004 | 0.002  | 14.000    | 21.000    | 35.000        | 17.500    |
| 48     | 0   | 46     | 0     | 2    | 0   | GET    | /api/isu/cb42eabc-b546-41ce-a21d-db2d1a2eb4d3       | 0.000 | 0.012 | 0.092    | 0.002 | 0.004 | 0.004 | 0.012 | 0.003  | 14.000    | 119.000   | 5509.000      | 114.771   |
| 46     | 0   | 46     | 0     | 0    | 0   | GET    | /api/isu/c06b2c24-7a00-4808-a0b8-f11ac7cc84a5       | 0.004 | 0.012 | 0.088    | 0.002 | 0.004 | 0.008 | 0.012 | 0.003  | 116.000   | 116.000   | 5336.000      | 116.000   |
| 37     | 0   | 37     | 0     | 0    | 0   | GET    | /api/isu/eed1b8f9-d354-4091-b83c-0ed42901aea3       | 0.004 | 0.008 | 0.056    | 0.002 | 0.004 | 0.008 | 0.008 | 0.003  | 125.000   | 125.000   | 4625.000      | 125.000   |
| 3      | 0   | 1      | 2     | 0    | 0   | GET    | /isu/15063e10-26fc-4dac-ae3a-1f195e0c6c4a/condition | 0.000 | 0.004 | 0.004    | 0.001 | 0.004 | 0.004 | 0.004 | 0.002  | 0.000     | 528.000   | 528.000       | 176.000   |
| 3      | 0   | 1      | 2     | 0    | 0   | GET    | /register                                           | 0.004 | 0.004 | 0.004    | 0.001 | 0.004 | 0.004 | 0.004 | 0.002  | 0.000     | 528.000   | 528.000       | 176.000   |
| 4      | 0   | 0      | 0     | 4    | 0   | GET    | /api/isu/b14b8bad-6b89-4997-95de-27e85ed058f8/graph | 0.004 | 0.004 | 0.004    | 0.001 | 0.004 | 0.004 | 0.004 | 0.002  | 14.000    | 21.000    | 72.000        | 18.000    |
| 1      | 0   | 1      | 0     | 0    | 0   | GET    | /isu/cab99f63-bb3a-4648-b6df-376396f2c7ab           | 0.000 | 0.000 | 0.000    | 0.000 | 0.000 | 0.000 | 0.000 | 0.000  | 528.000   | 528.000   | 528.000       | 528.000   |
| 1      | 0   | 1      | 0     | 0    | 0   | GET    | /isu/15063e10-26fc-4dac-ae3a-1f195e0c6c4a           | 0.000 | 0.000 | 0.000    | 0.000 | 0.000 | 0.000 | 0.000 | 0.000  | 528.000   | 528.000   | 528.000       | 528.000   |
| 1      | 0   | 1      | 0     | 0    | 0   | GET    | /api/isu/cab99f63-bb3a-4648-b6df-376396f2c7ab       | 0.000 | 0.000 | 0.000    | 0.000 | 0.000 | 0.000 | 0.000 | 0.000  | 128.000   | 128.000   | 128.000       | 128.000   |
| 3      | 0   | 1      | 2     | 0    | 0   | GET    | /isu/8fb74e6e-4f8d-4a33-9862-dbcdc0712c7e/condition | 0.000 | 0.000 | 0.000    | 0.000 | 0.000 | 0.000 | 0.000 | 0.000  | 0.000     | 528.000   | 528.000       | 176.000   |
| 2      | 0   | 0      | 0     | 2    | 0   | GET    | /api/isu/c39e23ec-1681-4251-bd08-d082b882a74b/icon  | 0.000 | 0.000 | 0.000    | 0.000 | 0.000 | 0.000 | 0.000 | 0.000  | 14.000    | 21.000    | 35.000        | 17.500    |
| 1      | 0   | 1      | 0     | 0    | 0   | GET    | /isu/15063e10-26fc-4dac-ae3a-1f195e0c6c4a/graph     | 0.000 | 0.000 | 0.000    | 0.000 | 0.000 | 0.000 | 0.000 | 0.000  | 528.000   | 528.000   | 528.000       | 528.000   |
| 1      | 0   | 1      | 0     | 0    | 0   | GET    | /isu/eb104b95-3532-4828-8550-89da717b9667/graph     | 0.000 | 0.000 | 0.000    | 0.000 | 0.000 | 0.000 | 0.000 | 0.000  | 528.000   | 528.000   | 528.000       | 528.000   |
| 1      | 0   | 1      | 0     | 0    | 0   | GET    | /isu/8469e6f6-0d29-4052-87cf-dd9bfde45014           | 0.000 | 0.000 | 0.000    | 0.000 | 0.000 | 0.000 | 0.000 | 0.000  | 528.000   | 528.000   | 528.000       | 528.000   |
| 1      | 0   | 1      | 0     | 0    | 0   | GET    | /isu/8469e6f6-0d29-4052-87cf-dd9bfde45014/graph     | 0.000 | 0.000 | 0.000    | 0.000 | 0.000 | 0.000 | 0.000 | 0.000  | 528.000   | 528.000   | 528.000       | 528.000   |
| 3      | 0   | 1      | 2     | 0    | 0   | GET    | /isu/8469e6f6-0d29-4052-87cf-dd9bfde45014/condition | 0.000 | 0.000 | 0.000    | 0.000 | 0.000 | 0.000 | 0.000 | 0.000  | 0.000     | 528.000   | 528.000       | 176.000   |
| 1      | 0   | 1      | 0     | 0    | 0   | GET    | /isu/8fb74e6e-4f8d-4a33-9862-dbcdc0712c7e           | 0.000 | 0.000 | 0.000    | 0.000 | 0.000 | 0.000 | 0.000 | 0.000  | 528.000   | 528.000   | 528.000       | 528.000   |
| 1      | 0   | 1      | 0     | 0    | 0   | GET    | /isu/cab99f63-bb3a-4648-b6df-376396f2c7ab/graph     | 0.000 | 0.000 | 0.000    | 0.000 | 0.000 | 0.000 | 0.000 | 0.000  | 528.000   | 528.000   | 528.000       | 528.000   |
| 2      | 0   | 0      | 0     | 2    | 0   | GET    | /api/isu/d5226f7b-3c7b-477e-ba8b-3cc7a4012e9d       | 0.000 | 0.000 | 0.000    | 0.000 | 0.000 | 0.000 | 0.000 | 0.000  | 14.000    | 21.000    | 35.000        | 17.500    |
| 1      | 0   | 1      | 0     | 0    | 0   | GET    | /api/isu/eb104b95-3532-4828-8550-89da717b9667       | 0.000 | 0.000 | 0.000    | 0.000 | 0.000 | 0.000 | 0.000 | 0.000  | 121.000   | 121.000   | 121.000       | 121.000   |
| 3      | 0   | 1      | 2     | 0    | 0   | GET    | /isu/eb104b95-3532-4828-8550-89da717b9667/condition | 0.000 | 0.000 | 0.000    | 0.000 | 0.000 | 0.000 | 0.000 | 0.000  | 0.000     | 528.000   | 528.000       | 176.000   |
| 3      | 0   | 1      | 0     | 2    | 0   | GET    | /api/isu/b82dcff4-8fae-4773-9956-22ab354adb7e       | 0.000 | 0.000 | 0.000    | 0.000 | 0.000 | 0.000 | 0.000 | 0.000  | 14.000    | 119.000   | 154.000       | 51.333    |
| 3      | 0   | 1      | 2     | 0    | 0   | GET    | /isu/b82dcff4-8fae-4773-9956-22ab354adb7e/condition | 0.000 | 0.000 | 0.000    | 0.000 | 0.000 | 0.000 | 0.000 | 0.000  | 0.000     | 528.000   | 528.000       | 176.000   |
| 1      | 0   | 1      | 0     | 0    | 0   | GET    | /isu/eb104b95-3532-4828-8550-89da717b9667           | 0.000 | 0.000 | 0.000    | 0.000 | 0.000 | 0.000 | 0.000 | 0.000  | 528.000   | 528.000   | 528.000       | 528.000   |
| 3      | 0   | 1      | 2     | 0    | 0   | GET    | /isu/cab99f63-bb3a-4648-b6df-376396f2c7ab/condition | 0.000 | 0.000 | 0.000    | 0.000 | 0.000 | 0.000 | 0.000 | 0.000  | 0.000     | 528.000   | 528.000       | 176.000   |
| 1      | 0   | 1      | 0     | 0    | 0   | GET    | /api/isu/fd67fd50-6772-4e9a-aa21-69572fbc238d       | 0.000 | 0.000 | 0.000    | 0.000 | 0.000 | 0.000 | 0.000 | 0.000  | 126.000   | 126.000   | 126.000       | 126.000   |
| 1      | 0   | 1      | 0     | 0    | 0   | GET    | /api/isu/c9683aff-6928-4471-ad06-e1cc73715661       | 0.000 | 0.000 | 0.000    | 0.000 | 0.000 | 0.000 | 0.000 | 0.000  | 120.000   | 120.000   | 120.000       | 120.000   |
| 1      | 0   | 1      | 0     | 0    | 0   | GET    | /api/isu/cd5b2023-1ca0-441a-96bb-2c4bf733125b       | 0.000 | 0.000 | 0.000    | 0.000 | 0.000 | 0.000 | 0.000 | 0.000  | 120.000   | 120.000   | 120.000       | 120.000   |
| 1      | 0   | 1      | 0     | 0    | 0   | GET    | /isu/b82dcff4-8fae-4773-9956-22ab354adb7e/graph     | 0.000 | 0.000 | 0.000    | 0.000 | 0.000 | 0.000 | 0.000 | 0.000  | 528.000   | 528.000   | 528.000       | 528.000   |
| 2      | 0   | 0      | 0     | 2    | 0   | GET    | /api/isu/eb104b95-3532-4828-8550-89da717b9667/icon  | 0.000 | 0.000 | 0.000    | 0.000 | 0.000 | 0.000 | 0.000 | 0.000  | 14.000    | 21.000    | 35.000        | 17.500    |
| 1      | 0   | 1      | 0     | 0    | 0   | GET    | /isu/b82dcff4-8fae-4773-9956-22ab354adb7e           | 0.000 | 0.000 | 0.000    | 0.000 | 0.000 | 0.000 | 0.000 | 0.000  | 528.000   | 528.000   | 528.000       | 528.000   |
| 1      | 0   | 0      | 0     | 0    | 1   | GET    | /api/isu/c438279a-13aa-46c9-aaf9-dcbffd53c90b/icon  | 0.000 | 0.000 | 0.000    | 0.000 | 0.000 | 0.000 | 0.000 | 0.000  | 588.000   | 588.000   | 588.000       | 588.000   |
| 2      | 0   | 2      | 0     | 0    | 0   | GET    | /api/isu/b075680d-aa09-460b-9605-2f8dfe1812c4       | 0.000 | 0.000 | 0.000    | 0.000 | 0.000 | 0.000 | 0.000 | 0.000  | 125.000   | 125.000   | 250.000       | 125.000   |
| 2      | 0   | 0      | 0     | 2    | 0   | GET    | /api/isu/e4ca6bb6-da44-491e-9621-3d91d401f5f0/icon  | 0.000 | 0.000 | 0.000    | 0.000 | 0.000 | 0.000 | 0.000 | 0.000  | 14.000    | 21.000    | 35.000        | 17.500    |
| 1      | 0   | 1      | 0     | 0    | 0   | GET    | /api/isu/d40d6931-7f24-4ed5-9dd4-099cefa77e06       | 0.000 | 0.000 | 0.000    | 0.000 | 0.000 | 0.000 | 0.000 | 0.000  | 114.000   | 114.000   | 114.000       | 114.000   |
+--------+-----+--------+-------+------+-----+--------+-----------------------------------------------------+-------+-------+----------+-------+-------+-------+-------+--------+-----------+-----------+---------------+-----------+
