+--------+-----+--------+-----+------+-----+--------+-----------------------------------------------------+-------+-------+---------+-------+-------+-------+-------+--------+-----------+-----------+--------------+-----------+
| COUNT  | 1XX |  2XX   | 3XX | 4XX  | 5XX | METHOD |                         URI                         |  MIN  |  MAX  |   SUM   |  AVG  |  P90  |  P95  |  P99  | STDDEV | MIN(BODY) | MAX(BODY) |  SUM(BODY)   | AVG(BODY) |
+--------+-----+--------+-----+------+-----+--------+-----------------------------------------------------+-------+-------+---------+-------+-------+-------+-------+--------+-----------+-----------+--------------+-----------+
| 415    | 0   | 410    | 0   | 5    | 0   | POST   | /api/isu                                            | 0.048 | 0.648 | 61.452  | 0.148 | 0.272 | 0.328 | 0.384 | 0.090  | 123.000   | 144.000   | 49930.000    | 120.313   |
| 1      | 0   | 1      | 0   | 0    | 0   | POST   | /initialize                                         | 0.132 | 0.132 | 0.132   | 0.132 | 0.132 | 0.132 | 0.132 | 0.000  | 18.000    | 18.000    | 18.000       | 18.000    |
| 1      | 0   | 1      | 0   | 0    | 0   | GET    | /api/isu/a3c58290-466f-4c1f-8fde-77b5b5993c44       | 0.060 | 0.060 | 0.060   | 0.060 | 0.060 | 0.060 | 0.060 | 0.000  | 123.000   | 123.000   | 123.000      | 123.000   |
| 1      | 0   | 1      | 0   | 0    | 0   | GET    | /api/isu/b653bf45-a084-4ed4-bd2a-af8e68e8749d       | 0.060 | 0.060 | 0.060   | 0.060 | 0.060 | 0.060 | 0.060 | 0.000  | 123.000   | 123.000   | 123.000      | 123.000   |
| 4      | 0   | 4      | 0   | 0    | 0   | GET    | /api/isu/bffc895f-b3a9-4b9a-8ffd-329072f02645       | 0.088 | 0.140 | 0.228   | 0.057 | 0.140 | 0.140 | 0.140 | 0.060  | 126.000   | 126.000   | 504.000      | 126.000   |
| 4      | 0   | 4      | 0   | 0    | 0   | GET    | /api/isu/d938d7f8-b861-456d-97e7-9da0513d6817       | 0.004 | 0.144 | 0.220   | 0.055 | 0.144 | 0.144 | 0.144 | 0.054  | 126.000   | 126.000   | 504.000      | 126.000   |
| 4      | 0   | 4      | 0   | 0    | 0   | GET    | /api/isu/f5223034-3d7d-452d-aa25-fd4826412c28       | 0.000 | 0.204 | 0.216   | 0.054 | 0.204 | 0.204 | 0.204 | 0.087  | 129.000   | 129.000   | 516.000      | 129.000   |
| 4      | 0   | 4      | 0   | 0    | 0   | GET    | /api/isu/f6763e2f-fc9b-4185-afb0-80170f3e1f45       | 0.004 | 0.140 | 0.176   | 0.044 | 0.140 | 0.140 | 0.140 | 0.057  | 123.000   | 123.000   | 492.000      | 123.000   |
| 3      | 0   | 3      | 0   | 0    | 0   | GET    | /api/isu/e9a89508-13a1-4621-8a08-6130bc4cc244/graph | 0.000 | 0.120 | 0.128   | 0.043 | 0.120 | 0.120 | 0.120 | 0.055  | 381.000   | 494.000   | 1310.000     | 436.667   |
| 7      | 0   | 7      | 0   | 0    | 0   | GET    | /api/isu/fde00ec3-c58f-482a-910d-e2bbaa007fc9/graph | 0.040 | 0.120 | 0.276   | 0.039 | 0.120 | 0.120 | 0.120 | 0.044  | 267.000   | 655.000   | 3672.000     | 524.571   |
| 7      | 0   | 7      | 0   | 0    | 0   | GET    | /api/isu/bdfe231c-96ef-4a16-a11b-57f8b00b861c/graph | 0.004 | 0.152 | 0.260   | 0.037 | 0.152 | 0.152 | 0.152 | 0.048  | 379.000   | 536.000   | 3378.000     | 482.571   |
| 1      | 0   | 1      | 0   | 0    | 0   | GET    | /api/isu/dd42c6ed-162a-4d4a-a234-6f58b42d6d0d       | 0.032 | 0.032 | 0.032   | 0.032 | 0.032 | 0.032 | 0.032 | 0.000  | 132.000   | 132.000   | 132.000      | 132.000   |
| 4      | 0   | 4      | 0   | 0    | 0   | GET    | /api/isu/c3e13964-4286-4a3a-be4f-9f8c41f2b8f2       | 0.108 | 0.108 | 0.124   | 0.031 | 0.108 | 0.108 | 0.108 | 0.045  | 123.000   | 123.000   | 492.000      | 123.000   |
| 4      | 0   | 4      | 0   | 0    | 0   | GET    | /api/isu/e18ea4c9-62f2-4ea2-9fd2-c50e1a2456ab       | 0.000 | 0.108 | 0.120   | 0.030 | 0.108 | 0.108 | 0.108 | 0.045  | 126.000   | 126.000   | 504.000      | 126.000   |
| 2      | 0   | 2      | 0   | 0    | 0   | GET    | /api/isu/e9a4034e-83b8-4693-bfbd-b54ef606fcff/graph | 0.004 | 0.052 | 0.056   | 0.028 | 0.052 | 0.052 | 0.052 | 0.024  | 270.000   | 587.000   | 857.000      | 428.500   |
| 10     | 0   | 10     | 0   | 0    | 0   | GET    | /api/isu/f055e729-4ede-45bb-b59f-4235d03cdf27/graph | 0.160 | 0.160 | 0.244   | 0.024 | 0.060 | 0.160 | 0.160 | 0.048  | 264.000   | 697.000   | 4801.000     | 480.100   |
| 4      | 0   | 4      | 0   | 0    | 0   | GET    | /api/isu/d1d04f96-c520-40ce-b055-6dad101dfba7       | 0.004 | 0.080 | 0.088   | 0.022 | 0.080 | 0.080 | 0.080 | 0.034  | 129.000   | 129.000   | 516.000      | 129.000   |
| 7      | 0   | 7      | 0   | 0    | 0   | GET    | /api/isu/cadb10de-e357-42e8-8ac8-c7893f0c25e2/graph | 0.008 | 0.080 | 0.148   | 0.021 | 0.080 | 0.080 | 0.080 | 0.027  | 267.000   | 667.000   | 3510.000     | 501.429   |
| 4      | 0   | 4      | 0   | 0    | 0   | GET    | /api/isu/ccf4517d-dda1-4e0f-b4cf-550c5392a174       | 0.004 | 0.068 | 0.080   | 0.020 | 0.068 | 0.068 | 0.068 | 0.028  | 123.000   | 123.000   | 492.000      | 123.000   |
| 4      | 0   | 4      | 0   | 0    | 0   | GET    | /api/isu/c2b89614-c4d7-44fc-abe4-1d60c8f52c20       | 0.004 | 0.060 | 0.080   | 0.020 | 0.060 | 0.060 | 0.060 | 0.023  | 123.000   | 123.000   | 492.000      | 123.000   |
| 1      | 0   | 1      | 0   | 0    | 0   | GET    | /api/isu/b4dd767e-6385-4bdd-9c8b-03a8706785a5       | 0.020 | 0.020 | 0.020   | 0.020 | 0.020 | 0.020 | 0.020 | 0.000  | 132.000   | 132.000   | 132.000      | 132.000   |
| 1      | 0   | 1      | 0   | 0    | 0   | GET    | /api/isu/a0c71740-87d2-410e-acd9-5dac5b0c9d80       | 0.020 | 0.020 | 0.020   | 0.020 | 0.020 | 0.020 | 0.020 | 0.000  | 123.000   | 123.000   | 123.000      | 123.000   |
| 4      | 0   | 4      | 0   | 0    | 0   | GET    | /api/isu/cd3dd61e-7b9c-41a5-8c19-1f7a52a8a677       | 0.004 | 0.060 | 0.072   | 0.018 | 0.060 | 0.060 | 0.060 | 0.024  | 123.000   | 123.000   | 492.000      | 123.000   |
| 4      | 0   | 4      | 0   | 0    | 0   | GET    | /api/isu/fbae6f71-b049-424f-ba14-60f50747e275       | 0.004 | 0.060 | 0.072   | 0.018 | 0.060 | 0.060 | 0.060 | 0.024  | 120.000   | 120.000   | 480.000      | 120.000   |
| 4      | 0   | 4      | 0   | 0    | 0   | GET    | /api/isu/f4aef2fd-85ee-4032-ae57-d7083f3cb3e5       | 0.000 | 0.064 | 0.068   | 0.017 | 0.064 | 0.064 | 0.064 | 0.027  | 120.000   | 120.000   | 480.000      | 120.000   |
| 23     | 0   | 19     | 0   | 4    | 0   | GET    | /api/isu/dc27b9d4-fdee-4b7d-bae3-52d78214d559/graph | 0.004 | 0.136 | 0.380   | 0.017 | 0.024 | 0.108 | 0.136 | 0.034  | 14.000    | 1014.000  | 11507.000    | 500.304   |
| 1      | 0   | 1      | 0   | 0    | 0   | GET    | /api/isu/a0d4d718-9e63-44de-b340-5d9501fad969       | 0.016 | 0.016 | 0.016   | 0.016 | 0.016 | 0.016 | 0.016 | 0.000  | 129.000   | 129.000   | 129.000      | 129.000   |
| 7      | 0   | 7      | 0   | 0    | 0   | GET    | /api/isu/fe7bb1c2-4cf0-4ef2-b528-a3941a488b09/graph | 0.056 | 0.056 | 0.112   | 0.016 | 0.056 | 0.056 | 0.056 | 0.021  | 480.000   | 593.000   | 3794.000     | 542.000   |
| 10     | 0   | 10     | 0   | 0    | 0   | GET    | /api/isu/bdfe231c-96ef-4a16-a11b-57f8b00b861c       | 0.008 | 0.060 | 0.156   | 0.016 | 0.040 | 0.060 | 0.060 | 0.019  | 111.000   | 111.000   | 1110.000     | 111.000   |
| 4      | 0   | 4      | 0   | 0    | 0   | GET    | /api/isu/b842fefa-5d42-428f-a292-d4953f4344dd       | 0.004 | 0.044 | 0.060   | 0.015 | 0.044 | 0.044 | 0.044 | 0.017  | 114.000   | 114.000   | 456.000      | 114.000   |
| 4      | 0   | 4      | 0   | 0    | 0   | GET    | /api/isu/e0d2567c-aa80-4a0a-97a6-e8f5d75611bd       | 0.000 | 0.044 | 0.060   | 0.015 | 0.044 | 0.044 | 0.044 | 0.017  | 117.000   | 117.000   | 468.000      | 117.000   |
| 7      | 0   | 7      | 0   | 0    | 0   | GET    | /api/isu/c38f4ca2-3eee-4ad5-96e2-4dedb763edba       | 0.004 | 0.060 | 0.100   | 0.014 | 0.060 | 0.060 | 0.060 | 0.019  | 132.000   | 132.000   | 924.000      | 132.000   |
| 2      | 0   | 0      | 0   | 2    | 0   | GET    | /api/isu/cab99f63-bb3a-4648-b6df-376396f2c7ab/icon  | 0.004 | 0.024 | 0.028   | 0.014 | 0.024 | 0.024 | 0.024 | 0.010  | 14.000    | 21.000    | 35.000       | 17.500    |
| 2      | 0   | 2      | 0   | 0    | 0   | GET    | /api/isu/fe5818f0-5a36-40f5-80b3-174acc763ae2/graph | 0.008 | 0.020 | 0.028   | 0.014 | 0.020 | 0.020 | 0.020 | 0.006  | 536.000   | 570.000   | 1106.000     | 553.000   |
| 4      | 0   | 4      | 0   | 0    | 0   | GET    | /api/isu/e0d2567c-aa80-4a0a-97a6-e8f5d75611bd/graph | 0.004 | 0.036 | 0.056   | 0.014 | 0.036 | 0.036 | 0.036 | 0.013  | 266.000   | 508.000   | 1595.000     | 398.750   |
| 3      | 0   | 3      | 0   | 0    | 0   | GET    | /api/isu/fbae6f71-b049-424f-ba14-60f50747e275/graph | 0.000 | 0.036 | 0.040   | 0.013 | 0.036 | 0.036 | 0.036 | 0.016  | 434.000   | 623.000   | 1543.000     | 514.333   |
| 10     | 0   | 10     | 0   | 0    | 0   | GET    | /api/isu/a908423b-7fab-44e9-b630-39d69a402032/graph | 0.004 | 0.040 | 0.132   | 0.013 | 0.020 | 0.040 | 0.040 | 0.011  | 433.000   | 750.000   | 5492.000     | 549.200   |
| 4      | 0   | 4      | 0   | 0    | 0   | GET    | /api/isu/f2b38356-4b96-4f10-b6bf-1555c9846c79       | 0.000 | 0.048 | 0.052   | 0.013 | 0.048 | 0.048 | 0.048 | 0.020  | 123.000   | 123.000   | 492.000      | 123.000   |
| 28     | 0   | 28     | 0   | 0    | 0   | GET    | /api/isu/ce22380b-2149-4ac2-b474-5e2ee9d1dbe1       | 0.000 | 0.120 | 0.360   | 0.013 | 0.040 | 0.044 | 0.120 | 0.024  | 126.000   | 126.000   | 3528.000     | 126.000   |
| 16     | 0   | 16     | 0   | 0    | 0   | GET    | /api/isu/fe56563c-5ff7-4372-9dba-b6c5c9f4acef       | 0.000 | 0.060 | 0.200   | 0.013 | 0.040 | 0.060 | 0.060 | 0.017  | 129.000   | 129.000   | 2064.000     | 129.000   |
| 8      | 0   | 8      | 0   | 0    | 0   | GET    | /api/isu/e4e223a7-61a7-43e1-b5e2-ecd68769a27b/graph | 0.004 | 0.036 | 0.096   | 0.012 | 0.036 | 0.036 | 0.036 | 0.013  | 270.000   | 595.000   | 3913.000     | 489.125   |
| 1      | 0   | 1      | 0   | 0    | 0   | GET    | /api/isu/bc5295f1-f883-4033-a91e-c1dbe0108a70       | 0.012 | 0.012 | 0.012   | 0.012 | 0.012 | 0.012 | 0.012 | 0.000  | 123.000   | 123.000   | 123.000      | 123.000   |
| 1      | 0   | 1      | 0   | 0    | 0   | GET    | /api/isu/a6365b80-016a-43d1-9d51-080c75e6d03d       | 0.012 | 0.012 | 0.012   | 0.012 | 0.012 | 0.012 | 0.012 | 0.000  | 111.000   | 111.000   | 111.000      | 111.000   |
| 2      | 0   | 2      | 0   | 0    | 0   | GET    | /api/isu/f30457d0-04a0-4eb4-be95-69e92dbf6094       | 0.000 | 0.024 | 0.024   | 0.012 | 0.024 | 0.024 | 0.024 | 0.012  | 114.000   | 114.000   | 228.000      | 114.000   |
| 2      | 0   | 2      | 0   | 0    | 0   | GET    | /api/isu/f4683836-a5da-4eff-8274-ac9c7c40dc40       | 0.004 | 0.020 | 0.024   | 0.012 | 0.020 | 0.020 | 0.020 | 0.008  | 120.000   | 120.000   | 240.000      | 120.000   |
| 25     | 0   | 25     | 0   | 0    | 0   | GET    | /api/isu/de4fceb8-28f6-424e-9d41-9c965fb8ef21/graph | 0.004 | 0.084 | 0.296   | 0.012 | 0.028 | 0.040 | 0.084 | 0.018  | 271.000   | 874.000   | 12446.000    | 497.840   |
| 7      | 0   | 7      | 0   | 0    | 0   | GET    | /api/isu/f64437e3-6775-4e26-af6c-17437c36c6b1/graph | 0.004 | 0.036 | 0.080   | 0.011 | 0.036 | 0.036 | 0.036 | 0.012  | 267.000   | 641.000   | 3087.000     | 441.000   |
| 6      | 0   | 6      | 0   | 0    | 0   | GET    | /api/isu/f37462c5-6f2d-4810-9808-2ef73464346e/graph | 0.012 | 0.016 | 0.068   | 0.011 | 0.016 | 0.016 | 0.016 | 0.005  | 436.000   | 652.000   | 3226.000     | 537.667   |
| 4      | 0   | 4      | 0   | 0    | 0   | GET    | /api/isu/fd950555-25f7-4642-9c18-b9f93fb01980       | 0.008 | 0.032 | 0.044   | 0.011 | 0.032 | 0.032 | 0.032 | 0.012  | 123.000   | 123.000   | 492.000      | 123.000   |
| 4      | 0   | 4      | 0   | 0    | 0   | GET    | /api/isu/e9a89508-13a1-4621-8a08-6130bc4cc244       | 0.028 | 0.028 | 0.044   | 0.011 | 0.028 | 0.028 | 0.028 | 0.011  | 129.000   | 129.000   | 516.000      | 129.000   |
| 14     | 0   | 14     | 0   | 0    | 0   | GET    | /api/isu/cfc153f1-9fd8-46b1-8d54-82c5c74e503a       | 0.000 | 0.036 | 0.152   | 0.011 | 0.032 | 0.036 | 0.036 | 0.012  | 132.000   | 132.000   | 1848.000     | 132.000   |
| 23     | 0   | 23     | 0   | 0    | 0   | GET    | /api/isu/db5f7c05-67c3-434e-b14c-fe307488b45c/graph | 0.000 | 0.120 | 0.240   | 0.010 | 0.016 | 0.020 | 0.120 | 0.024  | 266.000   | 746.000   | 11361.000    | 493.957   |
| 7      | 0   | 7      | 0   | 0    | 0   | GET    | /api/isu/b0971bd2-3959-4310-8606-62f2b2f854fe/graph | 0.000 | 0.048 | 0.072   | 0.010 | 0.048 | 0.048 | 0.048 | 0.016  | 382.000   | 644.000   | 3723.000     | 531.857   |
| 7      | 0   | 7      | 0   | 0    | 0   | GET    | /api/isu/b0021a86-6a8a-4198-8de4-d8965d3f702d/graph | 0.028 | 0.028 | 0.072   | 0.010 | 0.028 | 0.028 | 0.028 | 0.012  | 270.000   | 677.000   | 3615.000     | 516.429   |
| 10     | 0   | 10     | 0   | 0    | 0   | GET    | /api/isu/db8074b5-471c-463c-a3b8-1288b70681e5/graph | 0.000 | 0.032 | 0.100   | 0.010 | 0.016 | 0.032 | 0.032 | 0.009  | 267.000   | 709.000   | 4897.000     | 489.700   |
| 2      | 0   | 2      | 0   | 0    | 0   | GET    | /api/isu/d394e87a-2568-4030-87fc-2a00263429fa/graph | 0.020 | 0.020 | 0.020   | 0.010 | 0.020 | 0.020 | 0.020 | 0.010  | 444.000   | 496.000   | 940.000      | 470.000   |
| 13     | 0   | 13     | 0   | 0    | 0   | GET    | /api/isu/db8074b5-471c-463c-a3b8-1288b70681e5       | 0.036 | 0.036 | 0.128   | 0.010 | 0.036 | 0.036 | 0.036 | 0.013  | 126.000   | 126.000   | 1638.000     | 126.000   |
| 14     | 0   | 14     | 0   | 0    | 0   | GET    | /api/isu/c9a5243c-f4bb-48fa-bdcb-f347a6204daa/graph | 0.004 | 0.040 | 0.136   | 0.010 | 0.028 | 0.040 | 0.040 | 0.012  | 272.000   | 606.000   | 6572.000     | 469.429   |
| 7      | 0   | 7      | 0   | 0    | 0   | GET    | /api/isu/f0053c45-3fc7-4c03-9b78-36de02faf23d/graph | 0.004 | 0.024 | 0.068   | 0.010 | 0.024 | 0.024 | 0.024 | 0.009  | 434.000   | 714.000   | 3767.000     | 538.143   |
| 4      | 0   | 4      | 0   | 0    | 0   | GET    | /api/isu/fcfd5eba-6140-404a-9f59-2d169d6f4f12/graph | 0.004 | 0.016 | 0.036   | 0.009 | 0.016 | 0.016 | 0.016 | 0.007  | 267.000   | 534.000   | 1776.000     | 444.000   |
| 8      | 0   | 8      | 0   | 0    | 0   | GET    | /api/isu/bffc895f-b3a9-4b9a-8ffd-329072f02645/graph | 0.004 | 0.024 | 0.072   | 0.009 | 0.024 | 0.024 | 0.024 | 0.008  | 376.000   | 611.000   | 3863.000     | 482.875   |
| 11     | 0   | 7      | 0   | 4    | 0   | GET    | /api/isu/cec9b8d0-693c-40f1-876d-7157595f3fa0/graph | 0.004 | 0.032 | 0.096   | 0.009 | 0.020 | 0.032 | 0.032 | 0.009  | 14.000    | 652.000   | 3499.000     | 318.091   |
| 20     | 0   | 20     | 0   | 0    | 0   | GET    | /api/isu/a1ca05b9-c421-4b33-991c-bc073ce3fee4/graph | 0.004 | 0.048 | 0.164   | 0.008 | 0.020 | 0.028 | 0.048 | 0.011  | 271.000   | 786.000   | 10391.000    | 519.550   |
| 27114  | 0   | 27052  | 0   | 62   | 0   | GET    | /api/trend                                          | 0.000 | 0.292 | 221.964 | 0.008 | 0.016 | 0.032 | 0.088 | 0.019  | 0.000     | 3817.000  | 58410893.000 | 2154.271  |
| 7      | 0   | 7      | 0   | 0    | 0   | GET    | /api/isu/f61a76e3-6166-45bd-a376-dfa5f3d34592       | 0.016 | 0.020 | 0.056   | 0.008 | 0.020 | 0.020 | 0.020 | 0.007  | 114.000   | 114.000   | 798.000      | 114.000   |
| 5      | 0   | 5      | 0   | 0    | 0   | GET    | /api/isu/c82e2deb-27d0-4907-b04e-ea01f83040a9/graph | 0.004 | 0.024 | 0.040   | 0.008 | 0.024 | 0.024 | 0.024 | 0.009  | 270.000   | 500.000   | 2052.000     | 410.400   |
| 5      | 0   | 5      | 0   | 0    | 0   | GET    | /api/isu/e57bdc26-9745-4640-84ff-8791a74ac80b/graph | 0.000 | 0.028 | 0.040   | 0.008 | 0.028 | 0.028 | 0.028 | 0.010  | 272.000   | 503.000   | 1939.000     | 387.800   |
| 1      | 0   | 1      | 0   | 0    | 0   | GET    | /api/isu/f6ee046b-9582-4889-893e-493535c19f11       | 0.008 | 0.008 | 0.008   | 0.008 | 0.008 | 0.008 | 0.008 | 0.000  | 121.000   | 121.000   | 121.000      | 121.000   |
| 1      | 0   | 1      | 0   | 0    | 0   | GET    | /api/isu/bf8ebb42-8129-4d7f-ab95-2279cb2c2757       | 0.008 | 0.008 | 0.008   | 0.008 | 0.008 | 0.008 | 0.008 | 0.000  | 129.000   | 129.000   | 129.000      | 129.000   |
| 4      | 0   | 4      | 0   | 0    | 0   | GET    | /api/isu/a808d2e6-be84-4249-a712-44d3bc97c738       | 0.008 | 0.016 | 0.032   | 0.008 | 0.016 | 0.016 | 0.016 | 0.006  | 117.000   | 117.000   | 468.000      | 117.000   |
| 4      | 0   | 4      | 0   | 0    | 0   | GET    | /api/isu/a4ddfd0e-5d8b-49ee-bb00-45cb50326eca       | 0.000 | 0.032 | 0.032   | 0.008 | 0.032 | 0.032 | 0.032 | 0.014  | 126.000   | 126.000   | 504.000      | 126.000   |
| 4      | 0   | 4      | 0   | 0    | 0   | GET    | /api/isu/f5223034-3d7d-452d-aa25-fd4826412c28/graph | 0.004 | 0.020 | 0.032   | 0.008 | 0.020 | 0.020 | 0.020 | 0.007  | 380.000   | 653.000   | 2005.000     | 501.250   |
| 4      | 0   | 4      | 0   | 0    | 0   | GET    | /api/isu/d7921bd5-a6dd-442b-9ffd-8779446c4933       | 0.008 | 0.020 | 0.032   | 0.008 | 0.020 | 0.020 | 0.020 | 0.007  | 123.000   | 123.000   | 492.000      | 123.000   |
| 1      | 0   | 1      | 0   | 0    | 0   | GET    | /api/isu/c10c66c1-ffbe-4f7e-9fd0-97b7f34eae0b       | 0.008 | 0.008 | 0.008   | 0.008 | 0.008 | 0.008 | 0.008 | 0.000  | 117.000   | 117.000   | 117.000      | 117.000   |
| 1      | 0   | 1      | 0   | 0    | 0   | GET    | /api/isu/bfcaec75-834c-4139-abf7-ca82ec61e0d1       | 0.008 | 0.008 | 0.008   | 0.008 | 0.008 | 0.008 | 0.008 | 0.000  | 117.000   | 117.000   | 117.000      | 117.000   |
| 4      | 0   | 4      | 0   | 0    | 0   | GET    | /api/isu/c8d6dc7b-9892-4145-9196-be4f7275eb70       | 0.000 | 0.028 | 0.032   | 0.008 | 0.028 | 0.028 | 0.028 | 0.012  | 114.000   | 114.000   | 456.000      | 114.000   |
| 2      | 0   | 2      | 0   | 0    | 0   | GET    | /api/isu/fd950555-25f7-4642-9c18-b9f93fb01980/graph | 0.016 | 0.016 | 0.016   | 0.008 | 0.016 | 0.016 | 0.016 | 0.008  | 267.000   | 433.000   | 700.000      | 350.000   |
| 7      | 0   | 7      | 0   | 0    | 0   | GET    | /api/isu/b0021a86-6a8a-4198-8de4-d8965d3f702d       | 0.004 | 0.032 | 0.056   | 0.008 | 0.032 | 0.032 | 0.032 | 0.010  | 123.000   | 123.000   | 861.000      | 123.000   |
| 4      | 0   | 0      | 0   | 4    | 0   | GET    | /api/isu/cab99f63-bb3a-4648-b6df-376396f2c7ab/graph | 0.000 | 0.032 | 0.032   | 0.008 | 0.032 | 0.032 | 0.032 | 0.014  | 14.000    | 21.000    | 72.000       | 18.000    |
| 2      | 0   | 2      | 0   | 0    | 0   | GET    | /api/isu/f2b38356-4b96-4f10-b6bf-1555c9846c79/graph | 0.000 | 0.016 | 0.016   | 0.008 | 0.016 | 0.016 | 0.016 | 0.008  | 425.000   | 488.000   | 913.000      | 456.500   |
| 2      | 0   | 2      | 0   | 0    | 0   | GET    | /api/isu/e3a41f7b-d3b3-4c35-b565-610b33c736d7/graph | 0.004 | 0.012 | 0.016   | 0.008 | 0.012 | 0.012 | 0.012 | 0.004  | 266.000   | 572.000   | 838.000      | 419.000   |
| 11     | 0   | 11     | 0   | 0    | 0   | GET    | /api/isu/ae35c020-8e8d-4904-b740-60f8eab89be9       | 0.016 | 0.020 | 0.088   | 0.008 | 0.020 | 0.020 | 0.020 | 0.007  | 120.000   | 120.000   | 1320.000     | 120.000   |
| 3      | 0   | 3      | 0   | 0    | 0   | GET    | /api/isu/c2b89614-c4d7-44fc-abe4-1d60c8f52c20/graph | 0.000 | 0.012 | 0.024   | 0.008 | 0.012 | 0.012 | 0.012 | 0.006  | 272.000   | 560.000   | 1261.000     | 420.333   |
| 4      | 0   | 4      | 0   | 0    | 0   | GET    | /api/isu/e53b88ed-abda-4ea5-a6bd-f356e0b814ce       | 0.000 | 0.028 | 0.032   | 0.008 | 0.028 | 0.028 | 0.028 | 0.012  | 120.000   | 120.000   | 480.000      | 120.000   |
| 1      | 0   | 1      | 0   | 0    | 0   | GET    | /api/isu/e384f99b-f106-4d60-8676-03b4efd6df24       | 0.008 | 0.008 | 0.008   | 0.008 | 0.008 | 0.008 | 0.008 | 0.000  | 126.000   | 126.000   | 126.000      | 126.000   |
| 29     | 0   | 29     | 0   | 0    | 0   | GET    | /api/isu/a7f04939-0ec9-4ba4-a927-f6e9f70291d0/graph | 0.004 | 0.104 | 0.228   | 0.008 | 0.016 | 0.024 | 0.104 | 0.019  | 271.000   | 1090.000  | 16490.000    | 568.621   |
| 11     | 0   | 11     | 0   | 0    | 0   | GET    | /api/isu/b9fbdc16-47c1-4260-b360-b4b60b90f1b4/graph | 0.004 | 0.024 | 0.084   | 0.008 | 0.016 | 0.024 | 0.024 | 0.007  | 265.000   | 807.000   | 5833.000     | 530.273   |
| 10     | 0   | 10     | 0   | 0    | 0   | GET    | /api/isu/e2cbb79c-4cb3-4dbb-9a6a-c92aa2a2d369       | 0.004 | 0.044 | 0.076   | 0.008 | 0.012 | 0.044 | 0.044 | 0.013  | 117.000   | 117.000   | 1170.000     | 117.000   |
| 8      | 0   | 8      | 0   | 0    | 0   | GET    | /api/isu/ae35c020-8e8d-4904-b740-60f8eab89be9/graph | 0.020 | 0.020 | 0.060   | 0.007 | 0.020 | 0.020 | 0.020 | 0.007  | 272.000   | 675.000   | 3884.000     | 485.500   |
| 36     | 0   | 36     | 0   | 0    | 0   | GET    | /api/isu/c608ee4c-b313-48e5-a482-7b58eda19254/graph | 0.004 | 0.080 | 0.260   | 0.007 | 0.020 | 0.040 | 0.080 | 0.015  | 271.000   | 902.000   | 17561.000    | 487.806   |
| 10     | 0   | 10     | 0   | 0    | 0   | GET    | /api/isu/f61a76e3-6166-45bd-a376-dfa5f3d34592/graph | 0.004 | 0.040 | 0.072   | 0.007 | 0.012 | 0.040 | 0.040 | 0.012  | 266.000   | 609.000   | 4612.000     | 461.200   |
| 15     | 0   | 15     | 0   | 0    | 0   | GET    | /api/isu/dee82170-16af-4b39-b554-3bc251af0f1e/graph | 0.008 | 0.016 | 0.108   | 0.007 | 0.016 | 0.016 | 0.016 | 0.005  | 265.000   | 869.000   | 8392.000     | 559.467   |
| 9      | 0   | 9      | 0   | 0    | 0   | GET    | /api/isu/c38f4ca2-3eee-4ad5-96e2-4dedb763edba/graph | 0.004 | 0.028 | 0.064   | 0.007 | 0.028 | 0.028 | 0.028 | 0.008  | 383.000   | 598.000   | 4180.000     | 464.444   |
| 4      | 0   | 4      | 0   | 0    | 0   | GET    | /api/isu/c8115d90-e997-47a6-9dea-fce26d2cb635       | 0.004 | 0.012 | 0.028   | 0.007 | 0.012 | 0.012 | 0.012 | 0.003  | 123.000   | 123.000   | 492.000      | 123.000   |
| 4      | 0   | 4      | 0   | 0    | 0   | GET    | /api/isu/fb3fdea6-bcfb-4b3c-a0ee-9bf07e6ced4e       | 0.004 | 0.012 | 0.028   | 0.007 | 0.012 | 0.012 | 0.012 | 0.003  | 126.000   | 126.000   | 504.000      | 126.000   |
| 7      | 0   | 7      | 0   | 0    | 0   | GET    | /api/isu/d119a344-3714-49ee-8ffb-29369c8d8cfb/graph | 0.000 | 0.024 | 0.048   | 0.007 | 0.024 | 0.024 | 0.024 | 0.008  | 378.000   | 508.000   | 3117.000     | 445.286   |
| 3      | 0   | 3      | 0   | 0    | 0   | GET    | /api/isu/e18ea4c9-62f2-4ea2-9fd2-c50e1a2456ab/graph | 0.016 | 0.016 | 0.020   | 0.007 | 0.016 | 0.016 | 0.016 | 0.007  | 270.000   | 562.000   | 1323.000     | 441.000   |
| 11     | 0   | 11     | 0   | 0    | 0   | GET    | /api/isu/ce6d0183-f976-4c03-a528-254c1fe4dbba/graph | 0.000 | 0.024 | 0.072   | 0.007 | 0.016 | 0.024 | 0.024 | 0.008  | 272.000   | 718.000   | 5201.000     | 472.818   |
| 40     | 0   | 40     | 0   | 0    | 0   | GET    | /api/isu/c3db3ed6-dc1a-4eda-9e32-c71232c0651a       | 0.000 | 0.148 | 0.256   | 0.006 | 0.012 | 0.012 | 0.148 | 0.023  | 116.000   | 116.000   | 4640.000     | 116.000   |
| 14     | 0   | 14     | 0   | 0    | 0   | GET    | /api/isu/bf13bb03-0fe8-42be-9e53-c50a3a9414be/graph | 0.000 | 0.032 | 0.088   | 0.006 | 0.024 | 0.032 | 0.032 | 0.010  | 265.000   | 857.000   | 7218.000     | 515.571   |
| 7      | 0   | 7      | 0   | 0    | 0   | GET    | /api/isu/a429929b-beb3-4bec-88dd-132ef1ffd307       | 0.000 | 0.040 | 0.044   | 0.006 | 0.040 | 0.040 | 0.040 | 0.014  | 114.000   | 114.000   | 798.000      | 114.000   |
| 13     | 0   | 13     | 0   | 0    | 0   | GET    | /api/isu/d321800d-1d3e-4145-8d0b-5cdc5a502013       | 0.008 | 0.016 | 0.080   | 0.006 | 0.012 | 0.016 | 0.016 | 0.004  | 126.000   | 126.000   | 1638.000     | 126.000   |
| 34     | 0   | 34     | 0   | 0    | 0   | GET    | /api/isu/a7f04939-0ec9-4ba4-a927-f6e9f70291d0       | 0.004 | 0.076 | 0.208   | 0.006 | 0.012 | 0.060 | 0.076 | 0.016  | 122.000   | 122.000   | 4148.000     | 122.000   |
| 31     | 0   | 31     | 0   | 0    | 0   | GET    | /api/isu/e29adb90-61e9-48c6-905a-1325eb29dc2e/graph | 0.004 | 0.032 | 0.188   | 0.006 | 0.016 | 0.028 | 0.032 | 0.008  | 271.000   | 914.000   | 15705.000    | 506.613   |
| 9449   | 0   | 9218   | 0   | 231  | 0   | GET    | /api/condition/[a-z0-9-]+                           | 0.004 | 0.236 | 56.852  | 0.006 | 0.012 | 0.024 | 0.060 | 0.014  | 3.000     | 1014.000  | 2841168.000  | 300.685   |
| 14     | 0   | 14     | 0   | 0    | 0   | GET    | /api/isu/fe56563c-5ff7-4372-9dba-b6c5c9f4acef/graph | 0.004 | 0.020 | 0.084   | 0.006 | 0.016 | 0.020 | 0.020 | 0.006  | 271.000   | 701.000   | 7033.000     | 502.357   |
| 50     | 0   | 42     | 0   | 8    | 0   | GET    | /api/isu/f6a69a0b-a255-4b7e-9473-7fa606cf256e/graph | 0.020 | 0.088 | 0.300   | 0.006 | 0.012 | 0.024 | 0.088 | 0.014  | 14.000    | 950.000   | 22042.000    | 440.840   |
| 2      | 0   | 0      | 0   | 2    | 0   | GET    | /api/isu/c91d8021-0035-4f3b-a2ee-ab22ca2f2530/icon  | 0.004 | 0.008 | 0.012   | 0.006 | 0.008 | 0.008 | 0.008 | 0.002  | 14.000    | 21.000    | 35.000       | 17.500    |
| 4      | 0   | 4      | 0   | 0    | 0   | GET    | /api/isu/e53b88ed-abda-4ea5-a6bd-f356e0b814ce/graph | 0.004 | 0.008 | 0.024   | 0.006 | 0.008 | 0.008 | 0.008 | 0.002  | 431.000   | 574.000   | 2079.000     | 519.750   |
| 4      | 0   | 4      | 0   | 0    | 0   | GET    | /api/isu/e9a4034e-83b8-4693-bfbd-b54ef606fcff       | 0.004 | 0.016 | 0.024   | 0.006 | 0.016 | 0.016 | 0.016 | 0.006  | 117.000   | 117.000   | 468.000      | 117.000   |
| 4      | 0   | 4      | 0   | 0    | 0   | GET    | /api/isu/e7619945-d5a7-4777-bb40-b3ae11f4008f/graph | 0.004 | 0.008 | 0.024   | 0.006 | 0.008 | 0.008 | 0.008 | 0.002  | 378.000   | 752.000   | 2054.000     | 513.500   |
| 2      | 0   | 2      | 0   | 0    | 0   | GET    | /api/isu/a4ddfd0e-5d8b-49ee-bb00-45cb50326eca/graph | 0.000 | 0.012 | 0.012   | 0.006 | 0.012 | 0.012 | 0.012 | 0.006  | 267.000   | 547.000   | 814.000      | 407.000   |
| 19     | 0   | 19     | 0   | 0    | 0   | GET    | /api/isu/dc27b9d4-fdee-4b7d-bae3-52d78214d559       | 0.004 | 0.028 | 0.112   | 0.006 | 0.016 | 0.028 | 0.028 | 0.007  | 120.000   | 120.000   | 2280.000     | 120.000   |
| 21     | 0   | 21     | 0   | 0    | 0   | GET    | /api/isu/d8c29572-4e53-4729-9b0a-d4a1aaec2bb9/graph | 0.004 | 0.020 | 0.120   | 0.006 | 0.012 | 0.020 | 0.020 | 0.006  | 271.000   | 734.000   | 10137.000    | 482.714   |
| 7      | 0   | 7      | 0   | 0    | 0   | GET    | /api/isu/cfc153f1-9fd8-46b1-8d54-82c5c74e503a/graph | 0.008 | 0.016 | 0.040   | 0.006 | 0.016 | 0.016 | 0.016 | 0.006  | 272.000   | 749.000   | 3493.000     | 499.000   |
| 7      | 0   | 7      | 0   | 0    | 0   | GET    | /api/isu/b0971bd2-3959-4310-8606-62f2b2f854fe       | 0.020 | 0.020 | 0.040   | 0.006 | 0.020 | 0.020 | 0.020 | 0.007  | 126.000   | 126.000   | 882.000      | 126.000   |
| 7      | 0   | 7      | 0   | 0    | 0   | GET    | /api/isu/a908423b-7fab-44e9-b630-39d69a402032       | 0.008 | 0.020 | 0.040   | 0.006 | 0.020 | 0.020 | 0.020 | 0.007  | 123.000   | 123.000   | 861.000      | 123.000   |
| 162779 | 0   | 161350 | 0   | 1429 | 0   | POST   | /api/condition/[a-z0-9-]+                           | 0.043 | 0.312 | 927.980 | 0.006 | 0.012 | 0.020 | 0.068 | 0.015  | 0.000     | 14.000    | 98.000       | 0.001     |
| 19     | 0   | 15     | 0   | 4    | 0   | GET    | /api/isu/f35c7a9d-e92c-42e4-a5b7-32296b0495fe       | 0.000 | 0.024 | 0.108   | 0.006 | 0.016 | 0.024 | 0.024 | 0.006  | 14.000    | 123.000   | 1915.000     | 100.789   |
| 17     | 0   | 13     | 0   | 4    | 0   | GET    | /api/isu/c85b9b8a-3749-4f06-a511-96e9427a0d61/graph | 0.000 | 0.028 | 0.096   | 0.006 | 0.020 | 0.028 | 0.028 | 0.008  | 14.000    | 835.000   | 7034.000     | 413.765   |
| 20     | 0   | 20     | 0   | 0    | 0   | GET    | /api/isu/f7ddef09-ce32-4ff3-a009-59817646ed62/graph | 0.020 | 0.028 | 0.112   | 0.006 | 0.008 | 0.020 | 0.028 | 0.007  | 271.000   | 812.000   | 9543.000     | 477.150   |
| 5739   | 0   | 5511   | 0   | 228  | 0   | GET    | /api/isu/[0-9]+                                     | 0.004 | 0.236 | 31.988  | 0.006 | 0.012 | 0.020 | 0.052 | 0.013  | 14.000    | 1055.000  | 1594269.000  | 277.796   |
| 26     | 0   | 18     | 0   | 8    | 0   | GET    | /api/isu/f275c86d-8dc0-4045-a520-ed90d0101f1d/graph | 0.004 | 0.024 | 0.144   | 0.006 | 0.012 | 0.020 | 0.024 | 0.006  | 14.000    | 737.000   | 9368.000     | 360.308   |
| 8      | 0   | 8      | 0   | 0    | 0   | GET    | /api/isu/d437c4be-5d2a-4b6a-a8bb-d96b1bec1067/graph | 0.008 | 0.016 | 0.044   | 0.006 | 0.016 | 0.016 | 0.016 | 0.005  | 381.000   | 618.000   | 4380.000     | 547.500   |
| 3      | 0   | 3      | 0   | 0    | 0   | GET    | /api/isu/af0cc2b4-1209-41b1-b3cf-41c4b127a685/graph | 0.012 | 0.012 | 0.016   | 0.005 | 0.012 | 0.012 | 0.012 | 0.005  | 379.000   | 577.000   | 1493.000     | 497.667   |
| 6      | 0   | 6      | 0   | 0    | 0   | GET    | /api/isu/eadf33cb-b4bf-40cd-8ffd-d31f9b6a0a28/graph | 0.004 | 0.020 | 0.032   | 0.005 | 0.020 | 0.020 | 0.020 | 0.007  | 264.000   | 631.000   | 2580.000     | 430.000   |
| 13     | 0   | 13     | 0   | 0    | 0   | GET    | /api/isu/dee82170-16af-4b39-b554-3bc251af0f1e       | 0.008 | 0.020 | 0.068   | 0.005 | 0.016 | 0.020 | 0.020 | 0.006  | 114.000   | 114.000   | 1482.000     | 114.000   |
| 37     | 0   | 33     | 0   | 4    | 0   | GET    | /api/isu/a0e1de98-a925-41cb-b99a-ffa56b2f63bd/graph | 0.000 | 0.060 | 0.192   | 0.005 | 0.012 | 0.032 | 0.060 | 0.011  | 14.000    | 825.000   | 16771.000    | 453.270   |
| 7      | 0   | 7      | 0   | 0    | 0   | GET    | /api/isu/ded0a10a-3ed5-4ef9-b134-2147b09ee484/graph | 0.000 | 0.016 | 0.036   | 0.005 | 0.016 | 0.016 | 0.016 | 0.006  | 424.000   | 574.000   | 3293.000     | 470.429   |
| 7      | 0   | 7      | 0   | 0    | 0   | GET    | /api/isu/cadb10de-e357-42e8-8ac8-c7893f0c25e2       | 0.008 | 0.012 | 0.036   | 0.005 | 0.012 | 0.012 | 0.012 | 0.005  | 114.000   | 114.000   | 798.000      | 114.000   |
| 7      | 0   | 7      | 0   | 0    | 0   | GET    | /api/isu/eadf33cb-b4bf-40cd-8ffd-d31f9b6a0a28       | 0.000 | 0.016 | 0.036   | 0.005 | 0.016 | 0.016 | 0.016 | 0.006  | 117.000   | 117.000   | 819.000      | 117.000   |
| 54     | 0   | 52     | 0   | 2    | 0   | GET    | /api/isu/ea53d2eb-c617-48d9-af2e-534b2d415019       | 0.000 | 0.052 | 0.276   | 0.005 | 0.012 | 0.024 | 0.052 | 0.008  | 14.000    | 113.000   | 5911.000     | 109.463   |
| 8      | 0   | 8      | 0   | 0    | 0   | GET    | /api/isu/a429929b-beb3-4bec-88dd-132ef1ffd307/graph | 0.000 | 0.012 | 0.040   | 0.005 | 0.012 | 0.012 | 0.012 | 0.004  | 270.000   | 649.000   | 3979.000     | 497.375   |
| 4      | 0   | 4      | 0   | 0    | 0   | GET    | /api/isu/ded0a10a-3ed5-4ef9-b134-2147b09ee484       | 0.000 | 0.020 | 0.020   | 0.005 | 0.020 | 0.020 | 0.020 | 0.009  | 120.000   | 120.000   | 480.000      | 120.000   |
| 5297   | 0   | 5263   | 0   | 34   | 0   | GET    | /api/isu                                            | 0.004 | 0.196 | 26.088  | 0.005 | 0.012 | 0.020 | 0.044 | 0.010  | 3.000     | 1214.000  | 3918549.000  | 739.768   |
| 13     | 0   | 13     | 0   | 0    | 0   | GET    | /api/isu/d317fe47-6fba-4db4-84e5-43416b1cd861       | 0.004 | 0.016 | 0.064   | 0.005 | 0.012 | 0.016 | 0.016 | 0.005  | 135.000   | 135.000   | 1755.000     | 135.000   |
| 9      | 0   | 9      | 0   | 0    | 0   | GET    | /api/isu/c82e2deb-27d0-4907-b04e-ea01f83040a9       | 0.000 | 0.028 | 0.044   | 0.005 | 0.028 | 0.028 | 0.028 | 0.009  | 132.000   | 132.000   | 1188.000     | 132.000   |
| 19     | 0   | 19     | 0   | 0    | 0   | GET    | /api/isu/ce22380b-2149-4ac2-b474-5e2ee9d1dbe1/graph | 0.000 | 0.024 | 0.092   | 0.005 | 0.016 | 0.024 | 0.024 | 0.006  | 268.000   | 759.000   | 8898.000     | 468.316   |
| 1377   | 0   | 1105   | 0   | 272  | 0   | POST   | /api/auth                                           | 0.004 | 0.152 | 6.648   | 0.005 | 0.012 | 0.020 | 0.052 | 0.010  | 0.000     | 19.000    | 3128.000     | 2.272     |
| 64     | 0   | 64     | 0   | 0    | 0   | GET    | /api/isu/d558c10b-51c6-4411-9aa7-c8cbb8c7b744/graph | 0.008 | 0.060 | 0.308   | 0.005 | 0.012 | 0.016 | 0.060 | 0.010  | 266.000   | 806.000   | 33140.000    | 517.812   |
| 15     | 0   | 13     | 0   | 2    | 0   | GET    | /api/isu/b61a4ff6-7e24-43d2-a994-e5505ba9c472       | 0.000 | 0.020 | 0.072   | 0.005 | 0.016 | 0.020 | 0.020 | 0.006  | 14.000    | 120.000   | 1595.000     | 106.333   |
| 36     | 0   | 36     | 0   | 0    | 0   | GET    | /api/isu/f9296c7d-0329-4be3-bfbb-0cb5ace9bb86/graph | 0.004 | 0.036 | 0.172   | 0.005 | 0.012 | 0.028 | 0.036 | 0.008  | 271.000   | 874.000   | 19093.000    | 530.361   |
| 58     | 0   | 52     | 0   | 6    | 0   | GET    | /api/isu/f6a69a0b-a255-4b7e-9473-7fa606cf256e       | 0.004 | 0.060 | 0.276   | 0.005 | 0.012 | 0.024 | 0.060 | 0.010  | 14.000    | 122.000   | 6449.000     | 111.190   |
| 37     | 0   | 37     | 0   | 0    | 0   | GET    | /api/isu/ea53d2eb-c617-48d9-af2e-534b2d415019/graph | 0.004 | 0.020 | 0.176   | 0.005 | 0.012 | 0.020 | 0.020 | 0.005  | 271.000   | 919.000   | 19782.000    | 534.649   |
| 28     | 0   | 28     | 0   | 0    | 0   | GET    | /api/isu/f9ff3d08-356a-4172-9de2-28f5f57b5494       | 0.000 | 0.024 | 0.132   | 0.005 | 0.020 | 0.020 | 0.024 | 0.007  | 113.000   | 113.000   | 3164.000     | 113.000   |
| 6      | 0   | 6      | 0   | 0    | 0   | GET    | /api/isu/be625526-40e6-486e-b30a-f4603321c430/graph | 0.004 | 0.008 | 0.028   | 0.005 | 0.008 | 0.008 | 0.008 | 0.003  | 384.000   | 541.000   | 2931.000     | 488.500   |
| 38     | 0   | 38     | 0   | 0    | 0   | GET    | /api/isu/d2c976d8-ecfc-4455-a870-c9cac8ff7a8a/graph | 0.008 | 0.040 | 0.176   | 0.005 | 0.012 | 0.028 | 0.040 | 0.008  | 271.000   | 834.000   | 18153.000    | 477.711   |
| 13     | 0   | 13     | 0   | 0    | 0   | GET    | /api/isu/c9a5243c-f4bb-48fa-bdcb-f347a6204daa       | 0.016 | 0.016 | 0.060   | 0.005 | 0.012 | 0.016 | 0.016 | 0.005  | 117.000   | 117.000   | 1521.000     | 117.000   |
| 7      | 0   | 7      | 0   | 0    | 0   | GET    | /api/isu/f64437e3-6775-4e26-af6c-17437c36c6b1       | 0.004 | 0.008 | 0.032   | 0.005 | 0.008 | 0.008 | 0.008 | 0.003  | 120.000   | 120.000   | 840.000      | 120.000   |
| 7      | 0   | 7      | 0   | 0    | 0   | GET    | /api/isu/be625526-40e6-486e-b30a-f4603321c430       | 0.004 | 0.008 | 0.032   | 0.005 | 0.008 | 0.008 | 0.008 | 0.003  | 117.000   | 117.000   | 819.000      | 117.000   |
| 7      | 0   | 7      | 0   | 0    | 0   | GET    | /api/isu/cb004d37-41df-4983-9456-932359bc53c0       | 0.004 | 0.012 | 0.032   | 0.005 | 0.012 | 0.012 | 0.012 | 0.004  | 118.000   | 118.000   | 826.000      | 118.000   |
| 37     | 0   | 37     | 0   | 0    | 0   | GET    | /api/isu/b2844911-22b2-4e87-9bbf-520767c3ef32/graph | 0.004 | 0.024 | 0.168   | 0.005 | 0.012 | 0.020 | 0.024 | 0.006  | 273.000   | 834.000   | 20378.000    | 550.757   |
| 8      | 0   | 8      | 0   | 0    | 0   | GET    | /api/isu/d317fe47-6fba-4db4-84e5-43416b1cd861/graph | 0.000 | 0.016 | 0.036   | 0.005 | 0.016 | 0.016 | 0.016 | 0.005  | 272.000   | 628.000   | 3813.000     | 476.625   |
| 16     | 0   | 16     | 0   | 0    | 0   | GET    | /api/isu/c85b9b8a-3749-4f06-a511-96e9427a0d61       | 0.000 | 0.016 | 0.072   | 0.004 | 0.016 | 0.016 | 0.016 | 0.006  | 120.000   | 120.000   | 1920.000     | 120.000   |
| 52     | 0   | 52     | 0   | 0    | 0   | GET    | /api/isu/d2c976d8-ecfc-4455-a870-c9cac8ff7a8a       | 0.000 | 0.040 | 0.232   | 0.004 | 0.012 | 0.028 | 0.040 | 0.009  | 119.000   | 119.000   | 6188.000     | 119.000   |
| 10     | 0   | 10     | 0   | 0    | 0   | GET    | /api/isu/f055e729-4ede-45bb-b59f-4235d03cdf27       | 0.004 | 0.012 | 0.044   | 0.004 | 0.008 | 0.012 | 0.012 | 0.004  | 123.000   | 123.000   | 1230.000     | 123.000   |
| 30     | 0   | 30     | 0   | 0    | 0   | GET    | /api/isu/c3db3ed6-dc1a-4eda-9e32-c71232c0651a/graph | 0.000 | 0.024 | 0.128   | 0.004 | 0.012 | 0.020 | 0.024 | 0.006  | 271.000   | 742.000   | 15316.000    | 510.533   |
| 31     | 0   | 31     | 0   | 0    | 0   | GET    | /api/isu/f7ddef09-ce32-4ff3-a009-59817646ed62       | 0.000 | 0.016 | 0.132   | 0.004 | 0.012 | 0.012 | 0.016 | 0.005  | 119.000   | 119.000   | 3689.000     | 119.000   |
| 49     | 0   | 49     | 0   | 0    | 0   | GET    | /api/isu/f9296c7d-0329-4be3-bfbb-0cb5ace9bb86       | 0.004 | 0.076 | 0.208   | 0.004 | 0.008 | 0.012 | 0.076 | 0.013  | 122.000   | 122.000   | 5978.000     | 122.000   |
| 2      | 0   | 0      | 0   | 2    | 0   | GET    | /api/isu/d5226f7b-3c7b-477e-ba8b-3cc7a4012e9d       | 0.008 | 0.008 | 0.008   | 0.004 | 0.008 | 0.008 | 0.008 | 0.004  | 14.000    | 21.000    | 35.000       | 17.500    |
| 4      | 0   | 4      | 0   | 0    | 0   | GET    | /api/isu/fe5818f0-5a36-40f5-80b3-174acc763ae2       | 0.004 | 0.008 | 0.016   | 0.004 | 0.008 | 0.008 | 0.008 | 0.003  | 132.000   | 132.000   | 528.000      | 132.000   |
| 1      | 0   | 1      | 0   | 0    | 0   | GET    | /api/isu/e197d389-301b-44c5-a4d7-23bb05fb4c95       | 0.004 | 0.004 | 0.004   | 0.004 | 0.004 | 0.004 | 0.004 | 0.000  | 114.000   | 114.000   | 114.000      | 114.000   |
| 1      | 0   | 1      | 0   | 0    | 0   | GET    | /api/isu/ecf1fbaa-e99d-44b9-8386-3b56c5be7c5e       | 0.004 | 0.004 | 0.004   | 0.004 | 0.004 | 0.004 | 0.004 | 0.000  | 126.000   | 126.000   | 126.000      | 126.000   |
| 1      | 0   | 1      | 0   | 0    | 0   | GET    | /api/isu/e7b1d8b3-71ee-4353-97e9-ed32b106edb4       | 0.004 | 0.004 | 0.004   | 0.004 | 0.004 | 0.004 | 0.004 | 0.000  | 138.000   | 138.000   | 138.000      | 138.000   |
| 4      | 0   | 4      | 0   | 0    | 0   | GET    | /api/isu/eae990df-f969-4ca2-9c1c-b1fa38e3e5bf       | 0.004 | 0.012 | 0.016   | 0.004 | 0.012 | 0.012 | 0.012 | 0.005  | 126.000   | 126.000   | 504.000      | 126.000   |
| 2      | 0   | 2      | 0   | 0    | 0   | GET    | /api/isu/d7921bd5-a6dd-442b-9ffd-8779446c4933/graph | 0.000 | 0.008 | 0.008   | 0.004 | 0.008 | 0.008 | 0.008 | 0.004  | 478.000   | 533.000   | 1011.000     | 505.500   |
| 1      | 0   | 1      | 0   | 0    | 0   | GET    | /api/isu/bf89bb26-ad45-49cf-b56f-6ea3e7b6bee7       | 0.004 | 0.004 | 0.004   | 0.004 | 0.004 | 0.004 | 0.004 | 0.000  | 126.000   | 126.000   | 126.000      | 126.000   |
| 1      | 0   | 1      | 0   | 0    | 0   | GET    | /api/isu/b82dcff4-8fae-4773-9956-22ab354adb7e       | 0.004 | 0.004 | 0.004   | 0.004 | 0.004 | 0.004 | 0.004 | 0.000  | 119.000   | 119.000   | 119.000      | 119.000   |
| 1      | 0   | 1      | 0   | 0    | 0   | GET    | /api/isu/e5e7ba20-09b9-473f-ba74-0c2f220a0946       | 0.004 | 0.004 | 0.004   | 0.004 | 0.004 | 0.004 | 0.004 | 0.000  | 120.000   | 120.000   | 120.000      | 120.000   |
| 2      | 0   | 2      | 0   | 0    | 0   | GET    | /api/isu/bfb20f3c-5242-4e85-9c77-03cd2d2f063b/graph | 0.000 | 0.008 | 0.008   | 0.004 | 0.008 | 0.008 | 0.008 | 0.004  | 493.000   | 637.000   | 1130.000     | 565.000   |
| 2      | 0   | 2      | 0   | 0    | 0   | GET    | /api/isu/a25cb282-abce-4b9a-98ca-1a5d4c11fefe       | 0.004 | 0.004 | 0.008   | 0.004 | 0.004 | 0.004 | 0.004 | 0.000  | 120.000   | 120.000   | 240.000      | 120.000   |
| 1      | 0   | 1      | 0   | 0    | 0   | GET    | /api/isu/e7b98700-39ee-4444-aacd-c2d6ffb72684       | 0.004 | 0.004 | 0.004   | 0.004 | 0.004 | 0.004 | 0.004 | 0.000  | 117.000   | 117.000   | 117.000      | 117.000   |
| 1      | 0   | 1      | 0   | 0    | 0   | GET    | /api/isu/a5a111e4-8601-4148-8c92-05c84d2730f7       | 0.004 | 0.004 | 0.004   | 0.004 | 0.004 | 0.004 | 0.004 | 0.000  | 120.000   | 120.000   | 120.000      | 120.000   |
| 6      | 0   | 6      | 0   | 0    | 0   | GET    | /api/isu/c10ed4f6-e506-44a1-8247-2e8fafa28126/graph | 0.000 | 0.008 | 0.024   | 0.004 | 0.008 | 0.008 | 0.008 | 0.003  | 379.000   | 583.000   | 2753.000     | 458.833   |
| 1      | 0   | 1      | 0   | 0    | 0   | GET    | /api/isu/a4716725-e536-4990-ade4-57a684f925ce       | 0.004 | 0.004 | 0.004   | 0.004 | 0.004 | 0.004 | 0.004 | 0.000  | 126.000   | 126.000   | 126.000      | 126.000   |
| 4      | 0   | 4      | 0   | 0    | 0   | GET    | /api/isu/e497a4c6-3518-4816-ace0-6d3137abfc33       | 0.000 | 0.008 | 0.016   | 0.004 | 0.008 | 0.008 | 0.008 | 0.004  | 117.000   | 117.000   | 468.000      | 117.000   |
| 7      | 0   | 7      | 0   | 0    | 0   | GET    | /api/isu/e57bdc26-9745-4640-84ff-8791a74ac80b       | 0.008 | 0.016 | 0.028   | 0.004 | 0.016 | 0.016 | 0.016 | 0.006  | 115.000   | 115.000   | 805.000      | 115.000   |
| 9      | 0   | 9      | 0   | 0    | 0   | GET    | /api/isu/e2cbb79c-4cb3-4dbb-9a6a-c92aa2a2d369/graph | 0.000 | 0.012 | 0.036   | 0.004 | 0.012 | 0.012 | 0.012 | 0.004  | 379.000   | 743.000   | 4906.000     | 545.111   |
| 11     | 0   | 11     | 0   | 0    | 0   | GET    | /api/isu/b61a4ff6-7e24-43d2-a994-e5505ba9c472/graph | 0.000 | 0.024 | 0.044   | 0.004 | 0.004 | 0.024 | 0.024 | 0.007  | 265.000   | 784.000   | 6383.000     | 580.273   |
| 4      | 0   | 4      | 0   | 0    | 0   | GET    | /api/isu/fcfd5eba-6140-404a-9f59-2d169d6f4f12       | 0.000 | 0.008 | 0.016   | 0.004 | 0.008 | 0.008 | 0.008 | 0.003  | 123.000   | 123.000   | 492.000      | 123.000   |
| 1      | 0   | 1      | 0   | 0    | 0   | GET    | /api/isu/d2459497-edf5-40ae-b44c-038d511d2b74       | 0.004 | 0.004 | 0.004   | 0.004 | 0.004 | 0.004 | 0.004 | 0.000  | 114.000   | 114.000   | 114.000      | 114.000   |
| 4      | 0   | 0      | 0   | 4    | 0   | GET    | /api/isu/c9add5fc-28ca-4eea-9b77-6cb90852508a/graph | 0.004 | 0.008 | 0.016   | 0.004 | 0.008 | 0.008 | 0.008 | 0.003  | 14.000    | 21.000    | 72.000       | 18.000    |
| 16     | 0   | 16     | 0   | 0    | 0   | GET    | /api/isu/b9fbdc16-47c1-4260-b360-b4b60b90f1b4       | 0.004 | 0.016 | 0.064   | 0.004 | 0.008 | 0.016 | 0.016 | 0.004  | 117.000   | 117.000   | 1872.000     | 117.000   |
| 1      | 0   | 1      | 0   | 0    | 0   | GET    | /api/isu/e04af5f8-e2d7-44db-9809-f4a7c183de2f       | 0.004 | 0.004 | 0.004   | 0.004 | 0.004 | 0.004 | 0.004 | 0.000  | 126.000   | 126.000   | 126.000      | 126.000   |
| 2      | 0   | 2      | 0   | 0    | 0   | GET    | /api/isu/ccf4517d-dda1-4e0f-b4cf-550c5392a174/graph | 0.004 | 0.004 | 0.008   | 0.004 | 0.004 | 0.004 | 0.004 | 0.000  | 439.000   | 597.000   | 1036.000     | 518.000   |
| 4      | 0   | 4      | 0   | 0    | 0   | GET    | /api/isu/b97a9b01-54f0-4262-8162-1380720b3fc5/graph | 0.008 | 0.008 | 0.016   | 0.004 | 0.008 | 0.008 | 0.008 | 0.004  | 523.000   | 722.000   | 2512.000     | 628.000   |
| 1      | 0   | 1      | 0   | 0    | 0   | GET    | /api/isu/a063d864-70cb-4bbe-9e0f-76dcb37f38d5       | 0.004 | 0.004 | 0.004   | 0.004 | 0.004 | 0.004 | 0.004 | 0.000  | 117.000   | 117.000   | 117.000      | 117.000   |
| 1      | 0   | 1      | 0   | 0    | 0   | GET    | /api/isu/a998253e-b6c9-43d4-a233-bae0882cf24a       | 0.004 | 0.004 | 0.004   | 0.004 | 0.004 | 0.004 | 0.004 | 0.000  | 120.000   | 120.000   | 120.000      | 120.000   |
| 1      | 0   | 1      | 0   | 0    | 0   | GET    | /api/isu/b1436bc5-f57e-42fe-9ae4-6d3d333dbb05       | 0.004 | 0.004 | 0.004   | 0.004 | 0.004 | 0.004 | 0.004 | 0.000  | 117.000   | 117.000   | 117.000      | 117.000   |
| 4      | 0   | 4      | 0   | 0    | 0   | GET    | /api/isu/cd3dd61e-7b9c-41a5-8c19-1f7a52a8a677/graph | 0.000 | 0.012 | 0.016   | 0.004 | 0.012 | 0.012 | 0.012 | 0.005  | 378.000   | 528.000   | 1812.000     | 453.000   |
| 13     | 0   | 13     | 0   | 0    | 0   | GET    | /api/isu/b2790264-9c4d-4103-98bd-ec1993e1d8f4/graph | 0.000 | 0.020 | 0.052   | 0.004 | 0.008 | 0.020 | 0.020 | 0.005  | 272.000   | 804.000   | 6792.000     | 522.462   |
| 28     | 0   | 28     | 0   | 0    | 0   | GET    | /api/isu/bb8b16d4-08fb-4663-8bff-9719e3a3292c/graph | 0.004 | 0.016 | 0.108   | 0.004 | 0.008 | 0.012 | 0.016 | 0.004  | 271.000   | 846.000   | 15255.000    | 544.821   |
| 43     | 0   | 43     | 0   | 0    | 0   | GET    | /api/isu/bb8b16d4-08fb-4663-8bff-9719e3a3292c       | 0.040 | 0.040 | 0.164   | 0.004 | 0.008 | 0.016 | 0.040 | 0.007  | 128.000   | 128.000   | 5504.000     | 128.000   |
| 49     | 0   | 49     | 0   | 0    | 0   | GET    | /api/isu/c608ee4c-b313-48e5-a482-7b58eda19254       | 0.000 | 0.024 | 0.184   | 0.004 | 0.012 | 0.020 | 0.024 | 0.006  | 122.000   | 122.000   | 5978.000     | 122.000   |
| 13     | 0   | 13     | 0   | 0    | 0   | GET    | /api/isu/d321800d-1d3e-4145-8d0b-5cdc5a502013/graph | 0.004 | 0.020 | 0.048   | 0.004 | 0.012 | 0.020 | 0.020 | 0.006  | 272.000   | 725.000   | 6657.000     | 512.077   |
| 12     | 0   | 8      | 0   | 4    | 0   | GET    | /api/isu/cb004d37-41df-4983-9456-932359bc53c0/graph | 0.004 | 0.016 | 0.044   | 0.004 | 0.012 | 0.016 | 0.016 | 0.005  | 14.000    | 691.000   | 4102.000     | 341.833   |
| 973    | 0   | 937    | 0   | 36   | 0   | POST   | /api/signout                                        | 0.004 | 0.140 | 3.492   | 0.004 | 0.008 | 0.012 | 0.052 | 0.009  | 0.000     | 21.000    | 756.000      | 0.777     |
| 38     | 0   | 38     | 0   | 0    | 0   | GET    | /api/isu/af445bef-07ee-418a-aa3d-8133d863b541/graph | 0.004 | 0.020 | 0.136   | 0.004 | 0.008 | 0.016 | 0.020 | 0.005  | 269.000   | 848.000   | 17738.000    | 466.789   |
| 1968   | 0   | 1001   | 0   | 967  | 0   | GET    | /api/user/me                                        | 0.000 | 0.220 | 7.000   | 0.004 | 0.008 | 0.016 | 0.040 | 0.009  | 21.000    | 40.000    | 53951.000    | 27.414    |
| 41     | 0   | 41     | 0   | 0    | 0   | GET    | /api/isu/ffa38b36-8e26-480a-99aa-05cbaabd15ae       | 0.004 | 0.012 | 0.144   | 0.004 | 0.008 | 0.012 | 0.012 | 0.003  | 119.000   | 119.000   | 4879.000     | 119.000   |
| 8      | 0   | 8      | 0   | 0    | 0   | GET    | /api/isu/f35c7a9d-e92c-42e4-a5b7-32296b0495fe/graph | 0.000 | 0.008 | 0.028   | 0.004 | 0.008 | 0.008 | 0.008 | 0.003  | 265.000   | 805.000   | 4765.000     | 595.625   |
| 7      | 0   | 7      | 0   | 0    | 0   | GET    | /api/isu/c91d8021-0035-4f3b-a2ee-ab22ca2f2530       | 0.004 | 0.008 | 0.024   | 0.003 | 0.008 | 0.008 | 0.008 | 0.003  | 123.000   | 123.000   | 861.000      | 123.000   |
| 7      | 0   | 7      | 0   | 0    | 0   | GET    | /api/isu/e4e223a7-61a7-43e1-b5e2-ecd68769a27b       | 0.000 | 0.016 | 0.024   | 0.003 | 0.016 | 0.016 | 0.016 | 0.005  | 117.000   | 117.000   | 819.000      | 117.000   |
| 69     | 0   | 67     | 0   | 2    | 0   | GET    | /api/isu/e8ab695c-a363-4b59-8702-4b98f1c6c732       | 0.000 | 0.024 | 0.236   | 0.003 | 0.008 | 0.012 | 0.024 | 0.005  | 14.000    | 119.000   | 8008.000     | 116.058   |
| 23     | 0   | 23     | 0   | 0    | 0   | GET    | /api/isu/ffa38b36-8e26-480a-99aa-05cbaabd15ae/graph | 0.000 | 0.016 | 0.076   | 0.003 | 0.008 | 0.012 | 0.016 | 0.004  | 271.000   | 864.000   | 10461.000    | 454.826   |
| 17     | 0   | 17     | 0   | 0    | 0   | GET    | /api/isu/fb0a9fa2-8d1c-44c8-ad91-8c23446354d9/graph | 0.000 | 0.016 | 0.056   | 0.003 | 0.008 | 0.016 | 0.016 | 0.004  | 271.000   | 767.000   | 8656.000     | 509.176   |
| 10     | 0   | 10     | 0   | 0    | 0   | GET    | /api/isu/ce6d0183-f976-4c03-a528-254c1fe4dbba       | 0.016 | 0.016 | 0.032   | 0.003 | 0.008 | 0.016 | 0.016 | 0.005  | 120.000   | 120.000   | 1200.000     | 120.000   |
| 28     | 0   | 28     | 0   | 0    | 0   | GET    | /api/isu/fb0a9fa2-8d1c-44c8-ad91-8c23446354d9       | 0.004 | 0.020 | 0.088   | 0.003 | 0.008 | 0.008 | 0.020 | 0.004  | 119.000   | 119.000   | 3332.000     | 119.000   |
| 23     | 0   | 23     | 0   | 0    | 0   | GET    | /api/isu/a450dd5a-555d-4fe5-8c95-4d4b28e9ef56/graph | 0.000 | 0.016 | 0.072   | 0.003 | 0.004 | 0.016 | 0.016 | 0.004  | 273.000   | 964.000   | 12881.000    | 560.043   |
| 48     | 0   | 48     | 0   | 0    | 0   | GET    | /api/isu/e8ab695c-a363-4b59-8702-4b98f1c6c732/graph | 0.004 | 0.016 | 0.144   | 0.003 | 0.012 | 0.012 | 0.016 | 0.004  | 270.000   | 886.000   | 27334.000    | 569.458   |
| 8      | 0   | 8      | 0   | 0    | 0   | GET    | /api/isu/cec9b8d0-693c-40f1-876d-7157595f3fa0       | 0.004 | 0.008 | 0.024   | 0.003 | 0.008 | 0.008 | 0.008 | 0.003  | 126.000   | 126.000   | 1008.000     | 126.000   |
| 16     | 0   | 16     | 0   | 0    | 0   | GET    | /api/isu/f275c86d-8dc0-4045-a520-ed90d0101f1d       | 0.004 | 0.016 | 0.048   | 0.003 | 0.008 | 0.016 | 0.016 | 0.004  | 117.000   | 117.000   | 1872.000     | 117.000   |
| 4      | 0   | 4      | 0   | 0    | 0   | GET    | /api/isu/f37462c5-6f2d-4810-9808-2ef73464346e       | 0.000 | 0.008 | 0.012   | 0.003 | 0.008 | 0.008 | 0.008 | 0.003  | 117.000   | 117.000   | 468.000      | 117.000   |
| 4      | 0   | 2      | 0   | 2    | 0   | GET    | /api/isu/c694dad1-7ccb-4e0c-ac19-4b064f38bb41       | 0.000 | 0.008 | 0.012   | 0.003 | 0.008 | 0.008 | 0.008 | 0.003  | 14.000    | 122.000   | 279.000      | 69.750    |
| 4      | 0   | 4      | 0   | 0    | 0   | GET    | /api/isu/af0cc2b4-1209-41b1-b3cf-41c4b127a685       | 0.004 | 0.008 | 0.012   | 0.003 | 0.008 | 0.008 | 0.008 | 0.003  | 123.000   | 123.000   | 492.000      | 123.000   |
| 43     | 0   | 31     | 0   | 12   | 0   | GET    | /api/isu/b0138ac9-bdc3-40f5-9454-124f3a549304/graph | 0.000 | 0.020 | 0.128   | 0.003 | 0.008 | 0.012 | 0.020 | 0.005  | 14.000    | 930.000   | 18095.000    | 420.814   |
| 45     | 0   | 43     | 0   | 2    | 0   | GET    | /api/isu/a0e1de98-a925-41cb-b99a-ffa56b2f63bd       | 0.004 | 0.020 | 0.132   | 0.003 | 0.008 | 0.012 | 0.020 | 0.004  | 14.000    | 125.000   | 5410.000     | 120.222   |
| 57     | 0   | 55     | 0   | 2    | 0   | GET    | /api/isu/af445bef-07ee-418a-aa3d-8133d863b541       | 0.000 | 0.020 | 0.164   | 0.003 | 0.012 | 0.016 | 0.020 | 0.005  | 14.000    | 122.000   | 6745.000     | 118.333   |
| 46     | 0   | 46     | 0   | 0    | 0   | GET    | /api/isu/c367860d-e9c0-4c2b-922b-f9e1f2b6a422       | 0.004 | 0.020 | 0.132   | 0.003 | 0.008 | 0.012 | 0.020 | 0.004  | 119.000   | 119.000   | 5474.000     | 119.000   |
| 14     | 0   | 10     | 0   | 4    | 0   | GET    | /api/isu/c91d8021-0035-4f3b-a2ee-ab22ca2f2530/graph | 0.004 | 0.008 | 0.040   | 0.003 | 0.008 | 0.008 | 0.008 | 0.003  | 14.000    | 882.000   | 6140.000     | 438.571   |
| 7      | 0   | 7      | 0   | 0    | 0   | GET    | /api/isu/c10ed4f6-e506-44a1-8247-2e8fafa28126       | 0.000 | 0.008 | 0.020   | 0.003 | 0.008 | 0.008 | 0.008 | 0.004  | 120.000   | 120.000   | 840.000      | 120.000   |
| 7      | 0   | 7      | 0   | 0    | 0   | GET    | /api/isu/fde00ec3-c58f-482a-910d-e2bbaa007fc9       | 0.000 | 0.008 | 0.020   | 0.003 | 0.008 | 0.008 | 0.008 | 0.003  | 126.000   | 126.000   | 882.000      | 126.000   |
| 30     | 0   | 28     | 0   | 2    | 0   | GET    | /api/isu/db5f7c05-67c3-434e-b14c-fe307488b45c       | 0.004 | 0.020 | 0.084   | 0.003 | 0.008 | 0.008 | 0.020 | 0.004  | 14.000    | 119.000   | 3367.000     | 112.233   |
| 79     | 0   | 79     | 0   | 0    | 0   | GET    | /api/isu/d558c10b-51c6-4411-9aa7-c8cbb8c7b744       | 0.000 | 0.020 | 0.220   | 0.003 | 0.008 | 0.012 | 0.020 | 0.004  | 125.000   | 125.000   | 9875.000     | 125.000   |
| 13     | 0   | 13     | 0   | 0    | 0   | GET    | /api/isu/bf13bb03-0fe8-42be-9e53-c50a3a9414be       | 0.000 | 0.008 | 0.036   | 0.003 | 0.008 | 0.008 | 0.008 | 0.003  | 123.000   | 123.000   | 1599.000     | 123.000   |
| 3      | 0   | 3      | 0   | 0    | 0   | GET    | /api/isu/c8d6dc7b-9892-4145-9196-be4f7275eb70/graph | 0.000 | 0.004 | 0.008   | 0.003 | 0.004 | 0.004 | 0.004 | 0.002  | 487.000   | 557.000   | 1535.000     | 511.667   |
| 3      | 0   | 3      | 0   | 0    | 0   | GET    | /api/isu/c3e13964-4286-4a3a-be4f-9f8c41f2b8f2/graph | 0.004 | 0.004 | 0.008   | 0.003 | 0.004 | 0.004 | 0.004 | 0.002  | 337.000   | 518.000   | 1272.000     | 424.000   |
| 3      | 0   | 3      | 0   | 0    | 0   | GET    | /api/isu/b842fefa-5d42-428f-a292-d4953f4344dd/graph | 0.004 | 0.004 | 0.008   | 0.003 | 0.004 | 0.004 | 0.004 | 0.002  | 266.000   | 521.000   | 1056.000     | 352.000   |
| 6      | 0   | 6      | 0   | 0    | 0   | GET    | /api/isu/be66bdc5-1fa7-48c1-8f18-50afdb98814c       | 0.000 | 0.008 | 0.016   | 0.003 | 0.008 | 0.008 | 0.008 | 0.003  | 123.000   | 123.000   | 738.000      | 123.000   |
| 3      | 0   | 3      | 0   | 0    | 0   | GET    | /api/isu/e8387359-3a6e-4ffc-bdfe-fea906fedc8d       | 0.000 | 0.004 | 0.008   | 0.003 | 0.004 | 0.004 | 0.004 | 0.002  | 117.000   | 117.000   | 351.000      | 117.000   |
| 3      | 0   | 3      | 0   | 0    | 0   | GET    | /api/isu/a808d2e6-be84-4249-a712-44d3bc97c738/graph | 0.004 | 0.004 | 0.008   | 0.003 | 0.004 | 0.004 | 0.004 | 0.002  | 514.000   | 546.000   | 1601.000     | 533.667   |
| 43     | 0   | 43     | 0   | 0    | 0   | GET    | /api/isu/e29adb90-61e9-48c6-905a-1325eb29dc2e       | 0.024 | 0.032 | 0.112   | 0.003 | 0.004 | 0.008 | 0.032 | 0.006  | 128.000   | 128.000   | 5504.000     | 128.000   |
| 53     | 0   | 53     | 0   | 0    | 0   | GET    | /api/isu/b0138ac9-bdc3-40f5-9454-124f3a549304       | 0.008 | 0.012 | 0.136   | 0.003 | 0.008 | 0.012 | 0.012 | 0.004  | 122.000   | 122.000   | 6466.000     | 122.000   |
| 49     | 0   | 49     | 0   | 0    | 0   | GET    | /api/isu/b2844911-22b2-4e87-9bbf-520767c3ef32       | 0.004 | 0.016 | 0.124   | 0.003 | 0.008 | 0.008 | 0.016 | 0.004  | 110.000   | 110.000   | 5390.000     | 110.000   |
| 34     | 0   | 34     | 0   | 0    | 0   | GET    | /api/isu/d8c29572-4e53-4729-9b0a-d4a1aaec2bb9       | 0.000 | 0.020 | 0.084   | 0.002 | 0.004 | 0.012 | 0.020 | 0.004  | 122.000   | 122.000   | 4148.000     | 122.000   |
| 28     | 0   | 28     | 0   | 0    | 0   | GET    | /api/isu/a1ca05b9-c421-4b33-991c-bc073ce3fee4       | 0.000 | 0.028 | 0.068   | 0.002 | 0.008 | 0.008 | 0.028 | 0.005  | 137.000   | 137.000   | 3836.000     | 137.000   |
| 34     | 0   | 34     | 0   | 0    | 0   | GET    | /api/isu/a450dd5a-555d-4fe5-8c95-4d4b28e9ef56       | 0.004 | 0.016 | 0.080   | 0.002 | 0.008 | 0.008 | 0.016 | 0.004  | 122.000   | 122.000   | 4148.000     | 122.000   |
| 29     | 0   | 29     | 0   | 0    | 0   | GET    | /api/isu/c367860d-e9c0-4c2b-922b-f9e1f2b6a422/graph | 0.004 | 0.008 | 0.068   | 0.002 | 0.008 | 0.008 | 0.008 | 0.003  | 273.000   | 909.000   | 16096.000    | 555.034   |
| 7      | 0   | 7      | 0   | 0    | 0   | GET    | /api/isu/fe7bb1c2-4cf0-4ef2-b528-a3941a488b09       | 0.000 | 0.004 | 0.016   | 0.002 | 0.004 | 0.004 | 0.004 | 0.002  | 111.000   | 111.000   | 777.000      | 111.000   |
| 31     | 0   | 31     | 0   | 0    | 0   | GET    | /api/isu/de4fceb8-28f6-424e-9d41-9c965fb8ef21       | 0.016 | 0.016 | 0.068   | 0.002 | 0.008 | 0.012 | 0.016 | 0.004  | 119.000   | 119.000   | 3689.000     | 119.000   |
| 4      | 0   | 4      | 0   | 0    | 0   | GET    | /api/isu/bfb20f3c-5242-4e85-9c77-03cd2d2f063b       | 0.000 | 0.004 | 0.008   | 0.002 | 0.004 | 0.004 | 0.004 | 0.002  | 126.000   | 126.000   | 504.000      | 126.000   |
| 16     | 0   | 16     | 0   | 0    | 0   | GET    | /api/isu/f9ff3d08-356a-4172-9de2-28f5f57b5494/graph | 0.004 | 0.016 | 0.032   | 0.002 | 0.004 | 0.016 | 0.016 | 0.004  | 271.000   | 776.000   | 8049.000     | 503.062   |
| 2      | 0   | 2      | 0   | 0    | 0   | GET    | /api/isu/e497a4c6-3518-4816-ace0-6d3137abfc33/graph | 0.004 | 0.004 | 0.004   | 0.002 | 0.004 | 0.004 | 0.004 | 0.002  | 432.000   | 490.000   | 922.000      | 461.000   |
| 2      | 0   | 2      | 0   | 0    | 0   | GET    | /api/isu/f4aef2fd-85ee-4032-ae57-d7083f3cb3e5/graph | 0.000 | 0.004 | 0.004   | 0.002 | 0.004 | 0.004 | 0.004 | 0.002  | 438.000   | 599.000   | 1037.000     | 518.500   |
| 4      | 0   | 4      | 0   | 0    | 0   | GET    | /api/isu/f6763e2f-fc9b-4185-afb0-80170f3e1f45/graph | 0.000 | 0.004 | 0.008   | 0.002 | 0.004 | 0.004 | 0.004 | 0.002  | 340.000   | 528.000   | 1696.000     | 424.000   |
| 2      | 0   | 0      | 0   | 2    | 0   | GET    | /api/isu/b82dcff4-8fae-4773-9956-22ab354adb7e/icon  | 0.000 | 0.004 | 0.004   | 0.002 | 0.004 | 0.004 | 0.004 | 0.002  | 14.000    | 21.000    | 35.000       | 17.500    |
| 2      | 0   | 0      | 0   | 2    | 0   | GET    | /api/isu/eb104b95-3532-4828-8550-89da717b9667/icon  | 0.004 | 0.004 | 0.004   | 0.002 | 0.004 | 0.004 | 0.004 | 0.002  | 14.000    | 21.000    | 35.000       | 17.500    |
| 4      | 0   | 4      | 0   | 0    | 0   | GET    | /api/isu/e3a41f7b-d3b3-4c35-b565-610b33c736d7       | 0.004 | 0.004 | 0.008   | 0.002 | 0.004 | 0.004 | 0.004 | 0.002  | 120.000   | 120.000   | 480.000      | 120.000   |
| 2      | 0   | 2      | 0   | 0    | 0   | GET    | /api/isu/fb3fdea6-bcfb-4b3c-a0ee-9bf07e6ced4e/graph | 0.000 | 0.004 | 0.004   | 0.002 | 0.004 | 0.004 | 0.004 | 0.002  | 272.000   | 593.000   | 865.000      | 432.500   |
| 2      | 0   | 2      | 0   | 0    | 0   | GET    | /api/isu/e4b38e9c-5a12-4e2b-807b-54207b857709       | 0.004 | 0.004 | 0.004   | 0.002 | 0.004 | 0.004 | 0.004 | 0.002  | 126.000   | 126.000   | 252.000      | 126.000   |
| 4      | 0   | 4      | 0   | 0    | 0   | GET    | /api/isu/c4f76384-af13-4969-8103-badb036c6f8e/graph | 0.000 | 0.004 | 0.008   | 0.002 | 0.004 | 0.004 | 0.004 | 0.002  | 421.000   | 578.000   | 1977.000     | 494.250   |
| 2      | 0   | 0      | 0   | 2    | 0   | GET    | /api/isu/e8ab695c-a363-4b59-8702-4b98f1c6c732/icon  | 0.004 | 0.004 | 0.004   | 0.002 | 0.004 | 0.004 | 0.004 | 0.002  | 14.000    | 21.000    | 35.000       | 17.500    |
| 2      | 0   | 2      | 0   | 0    | 0   | GET    | /api/isu/c8115d90-e997-47a6-9dea-fce26d2cb635/graph | 0.000 | 0.004 | 0.004   | 0.002 | 0.004 | 0.004 | 0.004 | 0.002  | 267.000   | 538.000   | 805.000      | 402.500   |
| 2      | 0   | 0      | 0   | 2    | 0   | GET    | /api/isu/cab99f63-bb3a-4648-b6df-376396f2c7ab       | 0.004 | 0.004 | 0.004   | 0.002 | 0.004 | 0.004 | 0.004 | 0.002  | 14.000    | 21.000    | 35.000       | 17.500    |
| 4      | 0   | 0      | 0   | 4    | 0   | GET    | /api/isu/c608ee4c-b313-48e5-a482-7b58eda19254/icon  | 0.004 | 0.004 | 0.008   | 0.002 | 0.004 | 0.004 | 0.004 | 0.002  | 14.000    | 21.000    | 70.000       | 17.500    |
| 2      | 0   | 2      | 0   | 0    | 0   | GET    | /api/isu/fbf6084a-0fb1-42f6-baec-5d6c2417273c       | 0.000 | 0.004 | 0.004   | 0.002 | 0.004 | 0.004 | 0.004 | 0.002  | 126.000   | 126.000   | 252.000      | 126.000   |
| 4      | 0   | 4      | 0   | 0    | 0   | GET    | /api/isu/d394e87a-2568-4030-87fc-2a00263429fa       | 0.000 | 0.008 | 0.008   | 0.002 | 0.008 | 0.008 | 0.008 | 0.003  | 114.000   | 114.000   | 456.000      | 114.000   |
| 4      | 0   | 0      | 0   | 4    | 0   | GET    | /api/isu/b113626b-feb4-4d5f-ba81-5aaecc5c8fc7/graph | 0.004 | 0.004 | 0.008   | 0.002 | 0.004 | 0.004 | 0.004 | 0.002  | 14.000    | 21.000    | 72.000       | 18.000    |
| 4      | 0   | 4      | 0   | 0    | 0   | GET    | /api/isu/c4f76384-af13-4969-8103-badb036c6f8e       | 0.008 | 0.008 | 0.008   | 0.002 | 0.008 | 0.008 | 0.008 | 0.003  | 123.000   | 123.000   | 492.000      | 123.000   |
| 2      | 0   | 2      | 0   | 0    | 0   | GET    | /api/isu/d1d04f96-c520-40ce-b055-6dad101dfba7/graph | 0.004 | 0.004 | 0.004   | 0.002 | 0.004 | 0.004 | 0.004 | 0.002  | 383.000   | 525.000   | 908.000      | 454.000   |
| 7      | 0   | 7      | 0   | 0    | 0   | GET    | /api/isu/d437c4be-5d2a-4b6a-a8bb-d96b1bec1067       | 0.000 | 0.004 | 0.012   | 0.002 | 0.004 | 0.004 | 0.004 | 0.002  | 126.000   | 126.000   | 882.000      | 126.000   |
| 3      | 0   | 3      | 0   | 0    | 0   | GET    | /api/isu/a7ddf2f6-022f-4a9d-a193-5bf705f93a2f       | 0.000 | 0.004 | 0.004   | 0.001 | 0.004 | 0.004 | 0.004 | 0.002  | 118.000   | 118.000   | 354.000      | 118.000   |
| 6      | 0   | 2      | 0   | 4    | 0   | GET    | /api/isu/eb104b95-3532-4828-8550-89da717b9667/graph | 0.004 | 0.004 | 0.008   | 0.001 | 0.004 | 0.004 | 0.004 | 0.002  | 14.000    | 550.000   | 1096.000     | 182.667   |
| 10     | 0   | 10     | 0   | 0    | 0   | GET    | /api/isu/b2790264-9c4d-4103-98bd-ec1993e1d8f4       | 0.004 | 0.004 | 0.012   | 0.001 | 0.004 | 0.004 | 0.004 | 0.002  | 117.000   | 117.000   | 1170.000     | 117.000   |
| 4      | 0   | 4      | 0   | 0    | 0   | GET    | /api/isu/e7619945-d5a7-4777-bb40-b3ae11f4008f       | 0.000 | 0.004 | 0.004   | 0.001 | 0.004 | 0.004 | 0.004 | 0.002  | 117.000   | 117.000   | 468.000      | 117.000   |
| 4      | 0   | 4      | 0   | 0    | 0   | GET    | /api/isu/d119a344-3714-49ee-8ffb-29369c8d8cfb       | 0.004 | 0.004 | 0.004   | 0.001 | 0.004 | 0.004 | 0.004 | 0.002  | 132.000   | 132.000   | 528.000      | 132.000   |
| 4      | 0   | 2      | 0   | 2    | 0   | GET    | /api/isu/b113626b-feb4-4d5f-ba81-5aaecc5c8fc7       | 0.004 | 0.004 | 0.004   | 0.001 | 0.004 | 0.004 | 0.004 | 0.002  | 14.000    | 122.000   | 279.000      | 69.750    |
| 4      | 0   | 4      | 0   | 0    | 0   | GET    | /api/isu/f0053c45-3fc7-4c03-9b78-36de02faf23d       | 0.000 | 0.000 | 0.000   | 0.000 | 0.000 | 0.000 | 0.000 | 0.000  | 117.000   | 117.000   | 468.000      | 117.000   |
| 1      | 0   | 1      | 0   | 0    | 0   | GET    | /api/isu/c48fe6af-dcae-4d2d-99d4-0c23dc41a2f7       | 0.000 | 0.000 | 0.000   | 0.000 | 0.000 | 0.000 | 0.000 | 0.000  | 126.000   | 126.000   | 126.000      | 126.000   |
| 1      | 0   | 1      | 0   | 0    | 0   | GET    | /api/isu/e99b3776-9550-47c0-ad46-3f4fe9fe0466       | 0.000 | 0.000 | 0.000   | 0.000 | 0.000 | 0.000 | 0.000 | 0.000  | 114.000   | 114.000   | 114.000      | 114.000   |
| 4      | 0   | 0      | 0   | 4    | 0   | GET    | /api/isu/f275c86d-8dc0-4045-a520-ed90d0101f1d/icon  | 0.000 | 0.000 | 0.000   | 0.000 | 0.000 | 0.000 | 0.000 | 0.000  | 14.000    | 21.000    | 70.000       | 17.500    |
| 1      | 0   | 1      | 0   | 0    | 0   | GET    | /api/isu/f64cb8b4-b6ac-4161-8591-0e287b6bb52d       | 0.000 | 0.000 | 0.000   | 0.000 | 0.000 | 0.000 | 0.000 | 0.000  | 126.000   | 126.000   | 126.000      | 126.000   |
| 2      | 0   | 0      | 0   | 2    | 0   | GET    | /api/isu/b0138ac9-bdc3-40f5-9454-124f3a549304/icon  | 0.000 | 0.000 | 0.000   | 0.000 | 0.000 | 0.000 | 0.000 | 0.000  | 14.000    | 21.000    | 35.000       | 17.500    |
| 4      | 0   | 4      | 0   | 0    | 0   | GET    | /api/isu/b97a9b01-54f0-4262-8162-1380720b3fc5       | 0.000 | 0.000 | 0.000   | 0.000 | 0.000 | 0.000 | 0.000 | 0.000  | 132.000   | 132.000   | 528.000      | 132.000   |
| 1      | 0   | 1      | 0   | 0    | 0   | GET    | /api/isu/a023a6d0-1ea5-492d-b248-b22cb1075c82       | 0.000 | 0.000 | 0.000   | 0.000 | 0.000 | 0.000 | 0.000 | 0.000  | 118.000   | 118.000   | 118.000      | 118.000   |
| 2      | 0   | 0      | 0   | 2    | 0   | GET    | /api/isu/cec9b8d0-693c-40f1-876d-7157595f3fa0/icon  | 0.000 | 0.000 | 0.000   | 0.000 | 0.000 | 0.000 | 0.000 | 0.000  | 14.000    | 21.000    | 35.000       | 17.500    |
| 2      | 0   | 2      | 0   | 0    | 0   | GET    | /api/isu/be66bdc5-1fa7-48c1-8f18-50afdb98814c/graph | 0.000 | 0.000 | 0.000   | 0.000 | 0.000 | 0.000 | 0.000 | 0.000  | 268.000   | 387.000   | 655.000      | 327.500   |
| 1      | 0   | 1      | 0   | 0    | 0   | GET    | /api/isu/cbf2b5bd-7338-47fb-92e3-ca4bdb5f25c3       | 0.000 | 0.000 | 0.000   | 0.000 | 0.000 | 0.000 | 0.000 | 0.000  | 129.000   | 129.000   | 129.000      | 129.000   |
| 1      | 0   | 1      | 0   | 0    | 0   | GET    | /api/isu/d91635af-28df-4e92-92ad-06c7dbbed673       | 0.000 | 0.000 | 0.000   | 0.000 | 0.000 | 0.000 | 0.000 | 0.000  | 120.000   | 120.000   | 120.000      | 120.000   |
| 2      | 0   | 2      | 0   | 0    | 0   | GET    | /api/isu/d938d7f8-b861-456d-97e7-9da0513d6817/graph | 0.000 | 0.000 | 0.000   | 0.000 | 0.000 | 0.000 | 0.000 | 0.000  | 268.000   | 585.000   | 853.000      | 426.500   |
| 1      | 0   | 1      | 0   | 0    | 0   | GET    | /api/isu/a6f64667-0931-4380-8d99-d8e09f1abda8       | 0.000 | 0.000 | 0.000   | 0.000 | 0.000 | 0.000 | 0.000 | 0.000  | 120.000   | 120.000   | 120.000      | 120.000   |
| 5      | 0   | 1      | 0   | 4    | 0   | GET    | /api/isu/eb104b95-3532-4828-8550-89da717b9667       | 0.000 | 0.000 | 0.000   | 0.000 | 0.000 | 0.000 | 0.000 | 0.000  | 14.000    | 121.000   | 191.000      | 38.200    |
| 2      | 0   | 2      | 0   | 0    | 0   | GET    | /api/isu/b82dcff4-8fae-4773-9956-22ab354adb7e/graph | 0.000 | 0.000 | 0.000   | 0.000 | 0.000 | 0.000 | 0.000 | 0.000  | 515.000   | 516.000   | 1031.000     | 515.500   |
| 2      | 0   | 0      | 0   | 2    | 0   | GET    | /api/isu/af445bef-07ee-418a-aa3d-8133d863b541/icon  | 0.000 | 0.000 | 0.000   | 0.000 | 0.000 | 0.000 | 0.000 | 0.000  | 14.000    | 21.000    | 35.000       | 17.500    |
| 1      | 0   | 1      | 0   | 0    | 0   | GET    | /api/isu/b08ace16-f5a5-4372-baae-1caa3bec8364       | 0.000 | 0.000 | 0.000   | 0.000 | 0.000 | 0.000 | 0.000 | 0.000  | 126.000   | 126.000   | 126.000      | 126.000   |
| 2      | 0   | 0      | 0   | 2    | 0   | GET    | /api/isu/f6a69a0b-a255-4b7e-9473-7fa606cf256e/icon  | 0.000 | 0.000 | 0.000   | 0.000 | 0.000 | 0.000 | 0.000 | 0.000  | 14.000    | 21.000    | 35.000       | 17.500    |
| 2      | 0   | 0      | 0   | 2    | 0   | GET    | /api/isu/a450dd5a-555d-4fe5-8c95-4d4b28e9ef56/icon  | 0.000 | 0.000 | 0.000   | 0.000 | 0.000 | 0.000 | 0.000 | 0.000  | 14.000    | 21.000    | 35.000       | 17.500    |
| 1      | 0   | 1      | 0   | 0    | 0   | GET    | /api/isu/c666dcdd-531f-409d-9fdb-5ffbfb08e8f0       | 0.000 | 0.000 | 0.000   | 0.000 | 0.000 | 0.000 | 0.000 | 0.000  | 135.000   | 135.000   | 135.000      | 135.000   |
| 1      | 0   | 1      | 0   | 0    | 0   | GET    | /api/isu/df38c63f-ad5e-4a08-9404-66875f0172d9       | 0.000 | 0.000 | 0.000   | 0.000 | 0.000 | 0.000 | 0.000 | 0.000  | 120.000   | 120.000   | 120.000      | 120.000   |
| 1      | 0   | 1      | 0   | 0    | 0   | GET    | /api/isu/be4a98ba-96b1-4786-a95a-a671d8a6e472       | 0.000 | 0.000 | 0.000   | 0.000 | 0.000 | 0.000 | 0.000 | 0.000  | 123.000   | 123.000   | 123.000      | 123.000   |
| 1      | 0   | 1      | 0   | 0    | 0   | GET    | /api/isu/fb9a415a-1d82-4dcc-a292-030c039afc5c       | 0.000 | 0.000 | 0.000   | 0.000 | 0.000 | 0.000 | 0.000 | 0.000  | 123.000   | 123.000   | 123.000      | 123.000   |
| 1      | 0   | 0      | 0   | 1    | 0   | GET    | /api/isu/b113626b-feb4-4d5f-ba81-5aaecc5c8fc7/icon  | 0.000 | 0.000 | 0.000   | 0.000 | 0.000 | 0.000 | 0.000 | 0.000  | 21.000    | 21.000    | 21.000       | 21.000    |
+--------+-----+--------+-----+------+-----+--------+-----------------------------------------------------+-------+-------+---------+-------+-------+-------+-------+--------+-----------+-----------+--------------+-----------+
