+--------+-----+--------+-----+------+-----+--------+-----------------------------------------------------+-------+-------+---------+-------+-------+-------+-------+--------+-----------+-----------+--------------+-----------+
| COUNT  | 1XX |  2XX   | 3XX | 4XX  | 5XX | METHOD |                         URI                         |  MIN  |  MAX  |   SUM   |  AVG  |  P90  |  P95  |  P99  | STDDEV | MIN(BODY) | MAX(BODY) |  SUM(BODY)   | AVG(BODY) |
+--------+-----+--------+-----+------+-----+--------+-----------------------------------------------------+-------+-------+---------+-------+-------+-------+-------+--------+-----------+-----------+--------------+-----------+
| 428    | 0   | 421    | 0   | 7    | 0   | POST   | /api/isu                                            | 0.048 | 0.484 | 60.811  | 0.142 | 0.248 | 0.296 | 0.356 | 0.078  | 0.000     | 144.000   | 51172.000    | 119.561   |
| 1      | 0   | 1      | 0   | 0    | 0   | POST   | /initialize                                         | 0.136 | 0.136 | 0.136   | 0.136 | 0.136 | 0.136 | 0.136 | 0.000  | 18.000    | 18.000    | 18.000       | 18.000    |
| 2      | 0   | 0      | 0   | 2    | 0   | GET    | /api/isu/e1a5e233-8fc1-446c-80ca-aee352e18305/icon  | 0.004 | 0.156 | 0.160   | 0.080 | 0.156 | 0.156 | 0.156 | 0.076  | 14.000    | 21.000    | 35.000       | 17.500    |
| 2      | 0   | 2      | 0   | 0    | 0   | GET    | /api/isu/dc945339-49f1-4d67-9dee-85293d9dc356/graph | 0.012 | 0.108 | 0.120   | 0.060 | 0.108 | 0.108 | 0.108 | 0.048  | 270.000   | 392.000   | 662.000      | 331.000   |
| 1      | 0   | 1      | 0   | 0    | 0   | GET    | /api/isu/b15d06ea-4c8c-41e9-ac15-f9b4e38eb24a       | 0.056 | 0.056 | 0.056   | 0.056 | 0.056 | 0.056 | 0.056 | 0.000  | 132.000   | 132.000   | 132.000      | 132.000   |
| 1      | 0   | 1      | 0   | 0    | 0   | GET    | /api/isu/f0a12b01-029d-4c0c-9137-173acf33ce85       | 0.036 | 0.036 | 0.036   | 0.036 | 0.036 | 0.036 | 0.036 | 0.000  | 123.000   | 123.000   | 123.000      | 123.000   |
| 7      | 0   | 7      | 0   | 0    | 0   | GET    | /api/isu/eb6410cb-270b-4cba-a6a9-7ee7968fd9f7       | 0.000 | 0.212 | 0.220   | 0.031 | 0.212 | 0.212 | 0.212 | 0.074  | 123.000   | 123.000   | 861.000      | 123.000   |
| 7      | 0   | 7      | 0   | 0    | 0   | GET    | /api/isu/f343cb94-3645-4a82-aac9-e54b5f4b9b7a       | 0.004 | 0.156 | 0.200   | 0.029 | 0.156 | 0.156 | 0.156 | 0.053  | 123.000   | 123.000   | 861.000      | 123.000   |
| 4      | 0   | 4      | 0   | 0    | 0   | GET    | /api/isu/fb39f276-85d4-4322-bc3f-3b38f7ee1542       | 0.052 | 0.052 | 0.096   | 0.024 | 0.052 | 0.052 | 0.052 | 0.021  | 123.000   | 123.000   | 492.000      | 123.000   |
| 1      | 0   | 1      | 0   | 0    | 0   | GET    | /api/isu/cfa9ec6f-5121-4acf-a522-ad9d1ce1a693/graph | 0.024 | 0.024 | 0.024   | 0.024 | 0.024 | 0.024 | 0.024 | 0.000  | 386.000   | 386.000   | 386.000      | 386.000   |
| 4      | 0   | 4      | 0   | 0    | 0   | GET    | /api/isu/e55dc20e-09b5-4c89-b1f5-e713ae7f581b/graph | 0.004 | 0.044 | 0.088   | 0.022 | 0.044 | 0.044 | 0.044 | 0.015  | 531.000   | 736.000   | 2361.000     | 590.250   |
| 3      | 0   | 3      | 0   | 0    | 0   | GET    | /api/isu/ecd75adf-8727-46cd-9643-bae415541d90/graph | 0.008 | 0.036 | 0.060   | 0.020 | 0.036 | 0.036 | 0.036 | 0.012  | 269.000   | 549.000   | 1258.000     | 419.333   |
| 1      | 0   | 1      | 0   | 0    | 0   | GET    | /api/isu/ff008c71-9190-4b6f-bb3b-5c4db4cf1c46       | 0.020 | 0.020 | 0.020   | 0.020 | 0.020 | 0.020 | 0.020 | 0.000  | 129.000   | 129.000   | 129.000      | 129.000   |
| 8      | 0   | 8      | 0   | 0    | 0   | GET    | /api/isu/c3a3e733-b839-4c74-a031-1f21ab2b034a/graph | 0.004 | 0.112 | 0.156   | 0.020 | 0.112 | 0.112 | 0.112 | 0.035  | 432.000   | 693.000   | 4495.000     | 561.875   |
| 3      | 0   | 3      | 0   | 0    | 0   | GET    | /api/isu/d9c4c87b-18e3-4f6e-9ea2-6adbbdf0f16c       | 0.000 | 0.048 | 0.056   | 0.019 | 0.048 | 0.048 | 0.048 | 0.021  | 117.000   | 117.000   | 351.000      | 117.000   |
| 10     | 0   | 10     | 0   | 0    | 0   | GET    | /api/isu/b3b27df2-a8dc-4e34-973a-1f7229ae843b       | 0.004 | 0.108 | 0.176   | 0.018 | 0.028 | 0.108 | 0.108 | 0.031  | 126.000   | 126.000   | 1260.000     | 126.000   |
| 4      | 0   | 4      | 0   | 0    | 0   | GET    | /api/isu/cfa9ec6f-5121-4acf-a522-ad9d1ce1a693       | 0.020 | 0.048 | 0.068   | 0.017 | 0.048 | 0.048 | 0.048 | 0.020  | 126.000   | 126.000   | 504.000      | 126.000   |
| 4      | 0   | 4      | 0   | 0    | 0   | GET    | /api/isu/ecd75adf-8727-46cd-9643-bae415541d90       | 0.056 | 0.056 | 0.064   | 0.016 | 0.056 | 0.056 | 0.056 | 0.023  | 120.000   | 120.000   | 480.000      | 120.000   |
| 9      | 0   | 9      | 0   | 0    | 0   | GET    | /api/isu/e7379023-22e6-44a3-861f-0e4c3348bd48/graph | 0.004 | 0.072 | 0.136   | 0.015 | 0.072 | 0.072 | 0.072 | 0.023  | 267.000   | 745.000   | 4586.000     | 509.556   |
| 4      | 0   | 4      | 0   | 0    | 0   | GET    | /api/isu/a4481100-e779-4ea6-8b26-4641e5724e3b       | 0.008 | 0.052 | 0.060   | 0.015 | 0.052 | 0.052 | 0.052 | 0.022  | 126.000   | 126.000   | 504.000      | 126.000   |
| 8      | 0   | 8      | 0   | 0    | 0   | GET    | /api/isu/eb6410cb-270b-4cba-a6a9-7ee7968fd9f7/graph | 0.000 | 0.048 | 0.119   | 0.015 | 0.048 | 0.048 | 0.048 | 0.016  | 272.000   | 674.000   | 3859.000     | 482.375   |
| 7      | 0   | 7      | 0   | 0    | 0   | GET    | /api/isu/ff4758c6-29f4-4563-9a09-a5dcca9aa8d2       | 0.000 | 0.040 | 0.100   | 0.014 | 0.040 | 0.040 | 0.040 | 0.016  | 114.000   | 114.000   | 798.000      | 114.000   |
| 19     | 0   | 17     | 0   | 2    | 0   | GET    | /api/isu/e1a5e233-8fc1-446c-80ca-aee352e18305       | 0.000 | 0.212 | 0.268   | 0.014 | 0.016 | 0.212 | 0.212 | 0.047  | 14.000    | 138.000   | 2381.000     | 125.316   |
| 2      | 0   | 0      | 0   | 2    | 0   | GET    | /api/isu/cab99f63-bb3a-4648-b6df-376396f2c7ab       | 0.008 | 0.020 | 0.028   | 0.014 | 0.020 | 0.020 | 0.020 | 0.006  | 14.000    | 21.000    | 35.000       | 17.500    |
| 7      | 0   | 7      | 0   | 0    | 0   | GET    | /api/isu/d7a4733b-b707-484c-8712-f5d4d146a31b       | 0.004 | 0.056 | 0.096   | 0.014 | 0.056 | 0.056 | 0.056 | 0.020  | 123.000   | 123.000   | 861.000      | 123.000   |
| 9      | 0   | 9      | 0   | 0    | 0   | GET    | /api/isu/be6705b7-c28a-4c27-ba19-d1280120a746/graph | 0.004 | 0.072 | 0.120   | 0.013 | 0.072 | 0.072 | 0.072 | 0.022  | 267.000   | 717.000   | 4268.000     | 474.222   |
| 10     | 0   | 10     | 0   | 0    | 0   | GET    | /api/isu/c0e3b093-8c12-4579-82b7-9a4cfcdbdf74/graph | 0.004 | 0.040 | 0.132   | 0.013 | 0.028 | 0.040 | 0.040 | 0.013  | 267.000   | 672.000   | 4621.000     | 462.100   |
| 4      | 0   | 4      | 0   | 0    | 0   | GET    | /api/isu/ddc59028-519e-44b3-9f0e-6ec4853f2a73       | 0.000 | 0.024 | 0.052   | 0.013 | 0.024 | 0.024 | 0.024 | 0.009  | 132.000   | 132.000   | 528.000      | 132.000   |
| 9      | 0   | 9      | 0   | 0    | 0   | GET    | /api/isu/fb671ec9-1d54-424c-9160-81d269a4e989/graph | 0.004 | 0.052 | 0.116   | 0.013 | 0.052 | 0.052 | 0.052 | 0.016  | 272.000   | 492.000   | 3777.000     | 419.667   |
| 9      | 0   | 9      | 0   | 0    | 0   | GET    | /api/isu/a6fdd692-5704-484f-aff0-29a4afdd4371/graph | 0.004 | 0.056 | 0.112   | 0.012 | 0.056 | 0.056 | 0.056 | 0.017  | 264.000   | 725.000   | 4191.000     | 465.667   |
| 10     | 0   | 10     | 0   | 0    | 0   | GET    | /api/isu/bc999c13-52d1-495c-b515-420df337efb5       | 0.112 | 0.112 | 0.124   | 0.012 | 0.004 | 0.112 | 0.112 | 0.033  | 114.000   | 114.000   | 1140.000     | 114.000   |
| 28     | 0   | 28     | 0   | 0    | 0   | GET    | /api/isu/b7b6893b-02c8-47b6-b45b-fe11df706186       | 0.004 | 0.156 | 0.344   | 0.012 | 0.032 | 0.040 | 0.156 | 0.029  | 123.000   | 123.000   | 3444.000     | 123.000   |
| 3      | 0   | 3      | 0   | 0    | 0   | GET    | /api/isu/f3ef065c-c480-4b0c-a3d6-25ee3af96c56/graph | 0.004 | 0.024 | 0.036   | 0.012 | 0.024 | 0.024 | 0.024 | 0.009  | 379.000   | 582.000   | 1455.000     | 485.000   |
| 1      | 0   | 1      | 0   | 0    | 0   | GET    | /api/isu/f7d2fd9c-d6f3-4b2e-ba3b-c4a53f15b0bc       | 0.012 | 0.012 | 0.012   | 0.012 | 0.012 | 0.012 | 0.012 | 0.000  | 126.000   | 126.000   | 126.000      | 126.000   |
| 1      | 0   | 1      | 0   | 0    | 0   | GET    | /api/isu/ca952add-ab8b-4c0e-bc48-9d466ecdf6cb       | 0.012 | 0.012 | 0.012   | 0.012 | 0.012 | 0.012 | 0.012 | 0.000  | 123.000   | 123.000   | 123.000      | 123.000   |
| 4      | 0   | 4      | 0   | 0    | 0   | GET    | /api/isu/dd34e3c2-a4da-4285-9557-89ffa32314c9       | 0.004 | 0.032 | 0.048   | 0.012 | 0.032 | 0.032 | 0.032 | 0.012  | 120.000   | 120.000   | 480.000      | 120.000   |
| 4      | 0   | 4      | 0   | 0    | 0   | GET    | /api/isu/f97e4e07-09c7-4cd6-b2c3-e79d2c37cd63       | 0.024 | 0.024 | 0.048   | 0.012 | 0.024 | 0.024 | 0.024 | 0.012  | 129.000   | 129.000   | 516.000      | 129.000   |
| 1      | 0   | 1      | 0   | 0    | 0   | GET    | /api/isu/fa36e374-90f0-4dd4-9f5d-8856fd8f90f1       | 0.012 | 0.012 | 0.012   | 0.012 | 0.012 | 0.012 | 0.012 | 0.000  | 120.000   | 120.000   | 120.000      | 120.000   |
| 1      | 0   | 1      | 0   | 0    | 0   | GET    | /api/isu/a32ce129-531d-4ed2-9090-1e895b48c9f0       | 0.012 | 0.012 | 0.012   | 0.012 | 0.012 | 0.012 | 0.012 | 0.000  | 120.000   | 120.000   | 120.000      | 120.000   |
| 1      | 0   | 1      | 0   | 0    | 0   | GET    | /api/isu/a0f02a3a-e9e3-42c8-b9fe-a277d28ff786       | 0.012 | 0.012 | 0.012   | 0.012 | 0.012 | 0.012 | 0.012 | 0.000  | 117.000   | 117.000   | 117.000      | 117.000   |
| 4      | 0   | 4      | 0   | 0    | 0   | GET    | /api/isu/f457c7e8-05a1-41e2-9a1c-1848de5797cd       | 0.000 | 0.040 | 0.048   | 0.012 | 0.040 | 0.040 | 0.040 | 0.016  | 117.000   | 117.000   | 468.000      | 117.000   |
| 4      | 0   | 4      | 0   | 0    | 0   | GET    | /api/isu/b4a4aa26-c458-4fa0-a97e-1bb737b2fb19       | 0.004 | 0.024 | 0.048   | 0.012 | 0.024 | 0.024 | 0.024 | 0.010  | 123.000   | 123.000   | 492.000      | 123.000   |
| 1      | 0   | 1      | 0   | 0    | 0   | GET    | /api/isu/d828a472-1dbd-42dc-9ebd-f8da60a4d3be       | 0.012 | 0.012 | 0.012   | 0.012 | 0.012 | 0.012 | 0.012 | 0.000  | 114.000   | 114.000   | 114.000      | 114.000   |
| 2      | 0   | 2      | 0   | 0    | 0   | GET    | /api/isu/ddc59028-519e-44b3-9f0e-6ec4853f2a73/graph | 0.004 | 0.020 | 0.024   | 0.012 | 0.020 | 0.020 | 0.020 | 0.008  | 445.000   | 678.000   | 1123.000     | 561.500   |
| 1      | 0   | 1      | 0   | 0    | 0   | GET    | /api/isu/ad542511-c87c-4e1c-b060-ffc22d9171a0       | 0.012 | 0.012 | 0.012   | 0.012 | 0.012 | 0.012 | 0.012 | 0.000  | 123.000   | 123.000   | 123.000      | 123.000   |
| 1      | 0   | 1      | 0   | 0    | 0   | GET    | /api/isu/e77ac2d4-a2dc-4fe3-9183-bff4d926fb71       | 0.012 | 0.012 | 0.012   | 0.012 | 0.012 | 0.012 | 0.012 | 0.000  | 120.000   | 120.000   | 120.000      | 120.000   |
| 18     | 0   | 14     | 0   | 4    | 0   | GET    | /api/isu/dedbf6fe-a704-4b8c-8900-5a016e64f680/graph | 0.004 | 0.088 | 0.212   | 0.012 | 0.036 | 0.088 | 0.088 | 0.021  | 14.000    | 716.000   | 6539.000     | 363.278   |
| 5      | 0   | 5      | 0   | 0    | 0   | GET    | /api/isu/e084f6e3-a5e7-4916-ab82-bddcabefeafd/graph | 0.036 | 0.036 | 0.056   | 0.011 | 0.036 | 0.036 | 0.036 | 0.013  | 268.000   | 596.000   | 2065.000     | 413.000   |
| 5      | 0   | 5      | 0   | 0    | 0   | GET    | /api/isu/df7d65a9-b5af-4e04-b869-75a597a73de3/graph | 0.004 | 0.044 | 0.056   | 0.011 | 0.044 | 0.044 | 0.044 | 0.016  | 383.000   | 492.000   | 2201.000     | 440.200   |
| 4      | 0   | 4      | 0   | 0    | 0   | GET    | /api/isu/cf2623e7-c1fd-4fc7-9577-d6dc0dc94cb7       | 0.004 | 0.024 | 0.044   | 0.011 | 0.024 | 0.024 | 0.024 | 0.008  | 123.000   | 123.000   | 492.000      | 123.000   |
| 4      | 0   | 4      | 0   | 0    | 0   | GET    | /api/isu/a4481100-e779-4ea6-8b26-4641e5724e3b/graph | 0.004 | 0.020 | 0.044   | 0.011 | 0.020 | 0.020 | 0.020 | 0.006  | 266.000   | 580.000   | 1840.000     | 460.000   |
| 4      | 0   | 4      | 0   | 0    | 0   | GET    | /api/isu/a659336e-21bf-4300-b8a7-60c2dbd8d719       | 0.000 | 0.036 | 0.044   | 0.011 | 0.036 | 0.036 | 0.036 | 0.015  | 126.000   | 126.000   | 504.000      | 126.000   |
| 4      | 0   | 4      | 0   | 0    | 0   | GET    | /api/isu/dc945339-49f1-4d67-9dee-85293d9dc356       | 0.000 | 0.040 | 0.044   | 0.011 | 0.040 | 0.040 | 0.040 | 0.017  | 118.000   | 118.000   | 472.000      | 118.000   |
| 7      | 0   | 7      | 0   | 0    | 0   | GET    | /api/isu/a6372780-5cca-4895-86f4-f872131a440a/graph | 0.004 | 0.024 | 0.076   | 0.011 | 0.024 | 0.024 | 0.024 | 0.008  | 386.000   | 682.000   | 3503.000     | 500.429   |
| 6      | 0   | 6      | 0   | 0    | 0   | GET    | /api/isu/da260fef-9eb2-4b95-8856-04d02f6319f9/graph | 0.004 | 0.040 | 0.064   | 0.011 | 0.040 | 0.040 | 0.040 | 0.013  | 267.000   | 666.000   | 3004.000     | 500.667   |
| 9      | 0   | 9      | 0   | 0    | 0   | GET    | /api/isu/da8e2fa2-9778-40eb-a286-da9636fefe82/graph | 0.004 | 0.028 | 0.096   | 0.011 | 0.028 | 0.028 | 0.028 | 0.011  | 265.000   | 758.000   | 4982.000     | 553.556   |
| 6      | 0   | 6      | 0   | 0    | 0   | GET    | /api/isu/b3d73408-c008-4c28-98c7-16713b32e80a/graph | 0.004 | 0.040 | 0.064   | 0.011 | 0.040 | 0.040 | 0.040 | 0.014  | 381.000   | 595.000   | 2970.000     | 495.000   |
| 11     | 0   | 11     | 0   | 0    | 0   | GET    | /api/isu/cffe1f71-a92a-4337-9d6e-71563267ef01/graph | 0.024 | 0.040 | 0.112   | 0.010 | 0.024 | 0.040 | 0.040 | 0.012  | 272.000   | 718.000   | 5792.000     | 526.545   |
| 2      | 0   | 2      | 0   | 0    | 0   | GET    | /api/isu/f02137d3-6305-43f1-bf20-f40b2f7776fe/graph | 0.000 | 0.020 | 0.020   | 0.010 | 0.020 | 0.020 | 0.020 | 0.010  | 538.000   | 742.000   | 1280.000     | 640.000   |
| 7      | 0   | 7      | 0   | 0    | 0   | GET    | /api/isu/c97f2e93-b4e0-4c84-9b01-06be25036738/graph | 0.004 | 0.032 | 0.068   | 0.010 | 0.032 | 0.032 | 0.032 | 0.013  | 438.000   | 709.000   | 3847.000     | 549.571   |
| 12     | 0   | 12     | 0   | 0    | 0   | GET    | /api/isu/b3b27df2-a8dc-4e34-973a-1f7229ae843b/graph | 0.004 | 0.048 | 0.116   | 0.010 | 0.024 | 0.048 | 0.048 | 0.013  | 272.000   | 609.000   | 5829.000     | 485.750   |
| 5      | 0   | 5      | 0   | 0    | 0   | GET    | /api/isu/f343cb94-3645-4a82-aac9-e54b5f4b9b7a/graph | 0.012 | 0.024 | 0.048   | 0.010 | 0.024 | 0.024 | 0.024 | 0.009  | 384.000   | 675.000   | 2488.000     | 497.600   |
| 23     | 0   | 23     | 0   | 0    | 0   | GET    | /api/isu/c5f5303a-81b7-4fd7-9572-24ea96deffb4/graph | 0.000 | 0.088 | 0.216   | 0.009 | 0.016 | 0.052 | 0.088 | 0.020  | 270.000   | 847.000   | 11981.000    | 520.913   |
| 3      | 0   | 3      | 0   | 0    | 0   | GET    | /api/isu/fcc4f585-2634-4ee9-a523-feafb5328734       | 0.028 | 0.028 | 0.028   | 0.009 | 0.028 | 0.028 | 0.028 | 0.013  | 124.000   | 124.000   | 372.000      | 124.000   |
| 10     | 0   | 10     | 0   | 0    | 0   | GET    | /api/isu/a72ea870-de91-4c5b-a2ff-b5a12ec1c13c/graph | 0.024 | 0.024 | 0.092   | 0.009 | 0.020 | 0.024 | 0.024 | 0.009  | 266.000   | 772.000   | 5137.000     | 513.700   |
| 10     | 0   | 10     | 0   | 0    | 0   | GET    | /api/isu/eed73f1d-cd73-498f-a62b-9cbdaa41bd49       | 0.000 | 0.072 | 0.092   | 0.009 | 0.008 | 0.072 | 0.072 | 0.021  | 117.000   | 117.000   | 1170.000     | 117.000   |
| 7      | 0   | 7      | 0   | 0    | 0   | GET    | /api/isu/f8383519-02e1-4d52-81ca-f331e6e35b8a/graph | 0.000 | 0.028 | 0.064   | 0.009 | 0.028 | 0.028 | 0.028 | 0.008  | 393.000   | 639.000   | 3464.000     | 494.857   |
| 7      | 0   | 7      | 0   | 0    | 0   | GET    | /api/isu/b3d73408-c008-4c28-98c7-16713b32e80a       | 0.000 | 0.028 | 0.060   | 0.009 | 0.028 | 0.028 | 0.028 | 0.010  | 126.000   | 126.000   | 882.000      | 126.000   |
| 10     | 0   | 10     | 0   | 0    | 0   | GET    | /api/isu/cffe1f71-a92a-4337-9d6e-71563267ef01       | 0.008 | 0.036 | 0.084   | 0.008 | 0.016 | 0.036 | 0.036 | 0.010  | 120.000   | 120.000   | 1200.000     | 120.000   |
| 21     | 0   | 21     | 0   | 0    | 0   | GET    | /api/isu/e2ae22a3-1a32-4cbe-b424-f67f31609c5e/graph | 0.024 | 0.036 | 0.176   | 0.008 | 0.024 | 0.024 | 0.036 | 0.010  | 266.000   | 745.000   | 10591.000    | 504.333   |
| 8      | 0   | 8      | 0   | 0    | 0   | GET    | /api/isu/a2c7f74b-e2f6-4d48-8263-925c150305ac/graph | 0.000 | 0.032 | 0.064   | 0.008 | 0.032 | 0.032 | 0.032 | 0.011  | 270.000   | 702.000   | 3761.000     | 470.125   |
| 1      | 0   | 1      | 0   | 0    | 0   | GET    | /api/isu/a5d9d160-dff0-4127-bfcf-b25b15003988       | 0.008 | 0.008 | 0.008   | 0.008 | 0.008 | 0.008 | 0.008 | 0.000  | 123.000   | 123.000   | 123.000      | 123.000   |
| 4      | 0   | 4      | 0   | 0    | 0   | GET    | /api/isu/d6139e0a-76b4-4388-8f00-9a2becc1ae28       | 0.008 | 0.020 | 0.032   | 0.008 | 0.020 | 0.020 | 0.020 | 0.007  | 117.000   | 117.000   | 468.000      | 117.000   |
| 1      | 0   | 1      | 0   | 0    | 0   | GET    | /api/isu/ae7a9921-486f-42c8-bd1c-d1af0474a425       | 0.008 | 0.008 | 0.008   | 0.008 | 0.008 | 0.008 | 0.008 | 0.000  | 120.000   | 120.000   | 120.000      | 120.000   |
| 3      | 0   | 3      | 0   | 0    | 0   | GET    | /api/isu/cf2623e7-c1fd-4fc7-9577-d6dc0dc94cb7/graph | 0.024 | 0.024 | 0.024   | 0.008 | 0.024 | 0.024 | 0.024 | 0.011  | 387.000   | 601.000   | 1422.000     | 474.000   |
| 1      | 0   | 1      | 0   | 0    | 0   | GET    | /api/isu/fbcecf83-bb79-4fe5-ba4d-9c13e5baf1ba       | 0.008 | 0.008 | 0.008   | 0.008 | 0.008 | 0.008 | 0.008 | 0.000  | 123.000   | 123.000   | 123.000      | 123.000   |
| 1      | 0   | 1      | 0   | 0    | 0   | GET    | /api/isu/b7561d9e-2880-4d6e-b0d3-290df492fd98       | 0.008 | 0.008 | 0.008   | 0.008 | 0.008 | 0.008 | 0.008 | 0.000  | 120.000   | 120.000   | 120.000      | 120.000   |
| 1      | 0   | 1      | 0   | 0    | 0   | GET    | /api/isu/e25811a1-a335-4903-8770-d2b129326ba0       | 0.008 | 0.008 | 0.008   | 0.008 | 0.008 | 0.008 | 0.008 | 0.000  | 120.000   | 120.000   | 120.000      | 120.000   |
| 4      | 0   | 4      | 0   | 0    | 0   | GET    | /api/isu/b4f162cb-0276-4798-9e65-f98d60e35bb5/graph | 0.004 | 0.024 | 0.032   | 0.008 | 0.024 | 0.024 | 0.024 | 0.009  | 270.000   | 592.000   | 1935.000     | 483.750   |
| 4      | 0   | 4      | 0   | 0    | 0   | GET    | /api/isu/a30adac7-de4b-440f-8aed-ed1d6af38648       | 0.004 | 0.016 | 0.032   | 0.008 | 0.016 | 0.016 | 0.016 | 0.006  | 117.000   | 117.000   | 468.000      | 117.000   |
| 4      | 0   | 4      | 0   | 0    | 0   | GET    | /api/isu/f3ef065c-c480-4b0c-a3d6-25ee3af96c56       | 0.020 | 0.020 | 0.032   | 0.008 | 0.020 | 0.020 | 0.020 | 0.007  | 123.000   | 123.000   | 492.000      | 123.000   |
| 4      | 0   | 4      | 0   | 0    | 0   | GET    | /api/isu/da260fef-9eb2-4b95-8856-04d02f6319f9       | 0.000 | 0.028 | 0.032   | 0.008 | 0.028 | 0.028 | 0.028 | 0.012  | 129.000   | 129.000   | 516.000      | 129.000   |
| 1      | 0   | 1      | 0   | 0    | 0   | GET    | /api/isu/b3e1d806-c6e2-4177-9947-90dd116df617       | 0.008 | 0.008 | 0.008   | 0.008 | 0.008 | 0.008 | 0.008 | 0.000  | 124.000   | 124.000   | 124.000      | 124.000   |
| 20     | 0   | 20     | 0   | 0    | 0   | GET    | /api/isu/b7b6893b-02c8-47b6-b45b-fe11df706186/graph | 0.000 | 0.036 | 0.152   | 0.008 | 0.016 | 0.020 | 0.036 | 0.009  | 270.000   | 859.000   | 10485.000    | 524.250   |
| 8      | 0   | 8      | 0   | 0    | 0   | GET    | /api/isu/c3d5f7a7-0c2b-46a2-9301-683948fd4147/graph | 0.000 | 0.032 | 0.060   | 0.007 | 0.032 | 0.032 | 0.032 | 0.010  | 272.000   | 807.000   | 4185.000     | 523.125   |
| 7      | 0   | 7      | 0   | 0    | 0   | GET    | /api/isu/a626bbdf-956f-4002-8909-49667f711260/graph | 0.000 | 0.020 | 0.052   | 0.007 | 0.020 | 0.020 | 0.020 | 0.007  | 372.000   | 654.000   | 3838.000     | 548.286   |
| 7      | 0   | 7      | 0   | 0    | 0   | GET    | /api/isu/e79528a5-b6b9-429d-9ae2-33857b758311       | 0.048 | 0.048 | 0.052   | 0.007 | 0.048 | 0.048 | 0.048 | 0.017  | 120.000   | 120.000   | 840.000      | 120.000   |
| 7      | 0   | 7      | 0   | 0    | 0   | GET    | /api/isu/e7379023-22e6-44a3-861f-0e4c3348bd48       | 0.012 | 0.016 | 0.052   | 0.007 | 0.016 | 0.016 | 0.016 | 0.007  | 123.000   | 123.000   | 861.000      | 123.000   |
| 6      | 0   | 6      | 0   | 0    | 0   | GET    | /api/isu/a304cf5a-904d-4098-a1c8-b8d47fa35401/graph | 0.000 | 0.032 | 0.044   | 0.007 | 0.032 | 0.032 | 0.032 | 0.012  | 272.000   | 638.000   | 3024.000     | 504.000   |
| 4      | 0   | 4      | 0   | 0    | 0   | GET    | /api/isu/d4650821-763b-466d-9dbc-2ed408ba6684       | 0.004 | 0.016 | 0.028   | 0.007 | 0.016 | 0.016 | 0.016 | 0.006  | 111.000   | 111.000   | 444.000      | 111.000   |
| 4      | 0   | 4      | 0   | 0    | 0   | GET    | /api/isu/f8383519-02e1-4d52-81ca-f331e6e35b8a       | 0.024 | 0.024 | 0.028   | 0.007 | 0.024 | 0.024 | 0.024 | 0.010  | 114.000   | 114.000   | 456.000      | 114.000   |
| 4      | 0   | 4      | 0   | 0    | 0   | GET    | /api/isu/db8f4358-7cf5-4dc9-b161-f4df14ebe265/graph | 0.020 | 0.020 | 0.028   | 0.007 | 0.020 | 0.020 | 0.020 | 0.008  | 384.000   | 586.000   | 1942.000     | 485.500   |
| 4      | 0   | 4      | 0   | 0    | 0   | GET    | /api/isu/f09b26a8-21fa-4f8d-9871-9c2803103452       | 0.000 | 0.012 | 0.028   | 0.007 | 0.012 | 0.012 | 0.012 | 0.004  | 126.000   | 126.000   | 504.000      | 126.000   |
| 8      | 0   | 8      | 0   | 0    | 0   | GET    | /api/isu/e79528a5-b6b9-429d-9ae2-33857b758311/graph | 0.004 | 0.036 | 0.056   | 0.007 | 0.036 | 0.036 | 0.036 | 0.011  | 476.000   | 618.000   | 4538.000     | 567.250   |
| 7      | 0   | 7      | 0   | 0    | 0   | GET    | /api/isu/c7fc172a-3bfe-4530-b9f9-5608494d305a       | 0.012 | 0.032 | 0.048   | 0.007 | 0.032 | 0.032 | 0.032 | 0.011  | 123.000   | 123.000   | 861.000      | 123.000   |
| 10     | 0   | 10     | 0   | 0    | 0   | GET    | /api/isu/a72ea870-de91-4c5b-a2ff-b5a12ec1c13c       | 0.008 | 0.032 | 0.068   | 0.007 | 0.016 | 0.032 | 0.032 | 0.010  | 117.000   | 117.000   | 1170.000     | 117.000   |
| 10     | 0   | 10     | 0   | 0    | 0   | GET    | /api/isu/a6fdd692-5704-484f-aff0-29a4afdd4371       | 0.000 | 0.016 | 0.068   | 0.007 | 0.012 | 0.016 | 0.016 | 0.006  | 129.000   | 129.000   | 1290.000     | 129.000   |
| 27771  | 0   | 27663  | 0   | 108  | 0   | GET    | /api/trend                                          | 0.000 | 0.224 | 186.857 | 0.007 | 0.016 | 0.028 | 0.060 | 0.014  | 0.000     | 3903.000  | 60268438.000 | 2170.193  |
| 3      | 0   | 3      | 0   | 0    | 0   | GET    | /api/isu/ea4b640d-8437-4f23-8bd7-4e874a56dc90/graph | 0.004 | 0.012 | 0.020   | 0.007 | 0.012 | 0.012 | 0.012 | 0.004  | 380.000   | 576.000   | 1405.000     | 468.333   |
| 3      | 0   | 3      | 0   | 0    | 0   | GET    | /api/isu/d16e3506-4644-4cdb-a80e-00409ddc75f4/graph | 0.000 | 0.020 | 0.020   | 0.007 | 0.020 | 0.020 | 0.020 | 0.009  | 421.000   | 596.000   | 1550.000     | 516.667   |
| 3      | 0   | 3      | 0   | 0    | 0   | GET    | /api/isu/ff2ae348-ef5b-4a32-a0a6-69d6df25542e/graph | 0.004 | 0.016 | 0.020   | 0.007 | 0.016 | 0.016 | 0.016 | 0.007  | 490.000   | 597.000   | 1668.000     | 556.000   |
| 8      | 0   | 8      | 0   | 0    | 0   | GET    | /api/isu/e1a5e233-8fc1-446c-80ca-aee352e18305/graph | 0.004 | 0.020 | 0.052   | 0.007 | 0.020 | 0.020 | 0.020 | 0.006  | 267.000   | 598.000   | 3921.000     | 490.125   |
| 9      | 0   | 9      | 0   | 0    | 0   | GET    | /api/isu/c1af4f53-5450-4ea9-b202-3a255c24a444/graph | 0.004 | 0.024 | 0.056   | 0.006 | 0.024 | 0.024 | 0.024 | 0.007  | 267.000   | 594.000   | 4226.000     | 469.556   |
| 4      | 0   | 4      | 0   | 0    | 0   | GET    | /api/isu/f30fc235-875c-401d-80c5-b5da0bdc3650       | 0.000 | 0.016 | 0.024   | 0.006 | 0.016 | 0.016 | 0.016 | 0.007  | 120.000   | 120.000   | 480.000      | 120.000   |
| 4      | 0   | 4      | 0   | 0    | 0   | GET    | /api/isu/ff4758c6-29f4-4563-9a09-a5dcca9aa8d2/graph | 0.004 | 0.016 | 0.024   | 0.006 | 0.016 | 0.016 | 0.016 | 0.006  | 392.000   | 611.000   | 2059.000     | 514.750   |
| 2      | 0   | 2      | 0   | 0    | 0   | GET    | /api/isu/d4650821-763b-466d-9dbc-2ed408ba6684/graph | 0.004 | 0.008 | 0.012   | 0.006 | 0.008 | 0.008 | 0.008 | 0.002  | 445.000   | 501.000   | 946.000      | 473.000   |
| 2      | 0   | 2      | 0   | 0    | 0   | GET    | /api/isu/fe9eafab-c901-4739-8f79-419ae0576f31/graph | 0.004 | 0.008 | 0.012   | 0.006 | 0.008 | 0.008 | 0.008 | 0.002  | 266.000   | 597.000   | 863.000      | 431.500   |
| 2      | 0   | 0      | 0   | 2    | 0   | GET    | /api/isu/c9add5fc-28ca-4eea-9b77-6cb90852508a/icon  | 0.004 | 0.008 | 0.012   | 0.006 | 0.008 | 0.008 | 0.008 | 0.002  | 14.000    | 21.000    | 35.000       | 17.500    |
| 4      | 0   | 4      | 0   | 0    | 0   | GET    | /api/isu/bf07afcf-ea14-4e7b-9f41-2381a5d74e8f       | 0.012 | 0.012 | 0.024   | 0.006 | 0.012 | 0.012 | 0.012 | 0.004  | 123.000   | 123.000   | 492.000      | 123.000   |
| 8      | 0   | 8      | 0   | 0    | 0   | GET    | /api/isu/d4e5d662-948f-46cd-9f72-bd7ce95213aa       | 0.000 | 0.036 | 0.048   | 0.006 | 0.036 | 0.036 | 0.036 | 0.011  | 117.000   | 117.000   | 936.000      | 117.000   |
| 2      | 0   | 2      | 0   | 0    | 0   | GET    | /api/isu/c0c5a092-a476-47b7-9083-60aa621ba9ed/graph | 0.004 | 0.008 | 0.012   | 0.006 | 0.008 | 0.008 | 0.008 | 0.002  | 434.000   | 663.000   | 1097.000     | 548.500   |
| 4      | 0   | 4      | 0   | 0    | 0   | GET    | /api/isu/fe9eafab-c901-4739-8f79-419ae0576f31       | 0.000 | 0.016 | 0.024   | 0.006 | 0.016 | 0.016 | 0.016 | 0.007  | 126.000   | 126.000   | 504.000      | 126.000   |
| 2      | 0   | 2      | 0   | 0    | 0   | GET    | /api/isu/eba2d11f-6fc5-4129-9627-5786d9374631/graph | 0.004 | 0.008 | 0.012   | 0.006 | 0.008 | 0.008 | 0.008 | 0.002  | 266.000   | 440.000   | 706.000      | 353.000   |
| 2      | 0   | 2      | 0   | 0    | 0   | GET    | /api/isu/bf07afcf-ea14-4e7b-9f41-2381a5d74e8f/graph | 0.012 | 0.012 | 0.012   | 0.006 | 0.012 | 0.012 | 0.012 | 0.006  | 388.000   | 433.000   | 821.000      | 410.500   |
| 119    | 0   | 115    | 0   | 4    | 0   | GET    | /api/isu/b18f50b4-04ef-40a4-b112-d6a37cbedbe3/graph | 0.000 | 0.056 | 0.708   | 0.006 | 0.016 | 0.024 | 0.036 | 0.009  | 14.000    | 812.000   | 64140.000    | 538.992   |
| 58     | 0   | 58     | 0   | 0    | 0   | GET    | /api/isu/a3523392-9c7d-4cae-a122-0d7671ebdb72/graph | 0.004 | 0.072 | 0.344   | 0.006 | 0.016 | 0.032 | 0.072 | 0.012  | 271.000   | 729.000   | 28489.000    | 491.190   |
| 11     | 0   | 7      | 0   | 4    | 0   | GET    | /api/isu/eee595b0-45ef-4546-9f36-4664461a4c65/graph | 0.004 | 0.016 | 0.064   | 0.006 | 0.008 | 0.016 | 0.016 | 0.004  | 14.000    | 713.000   | 4088.000     | 371.636   |
| 7      | 0   | 7      | 0   | 0    | 0   | GET    | /api/isu/fb39f276-85d4-4322-bc3f-3b38f7ee1542/graph | 0.004 | 0.012 | 0.040   | 0.006 | 0.012 | 0.012 | 0.012 | 0.005  | 433.000   | 656.000   | 3633.000     | 519.000   |
| 7      | 0   | 7      | 0   | 0    | 0   | GET    | /api/isu/d4023688-ce82-4735-8dd2-87d7ad8ea393       | 0.000 | 0.016 | 0.040   | 0.006 | 0.016 | 0.016 | 0.016 | 0.006  | 118.000   | 118.000   | 826.000      | 118.000   |
| 7      | 0   | 7      | 0   | 0    | 0   | GET    | /api/isu/c3a3e733-b839-4c74-a031-1f21ab2b034a       | 0.000 | 0.012 | 0.040   | 0.006 | 0.012 | 0.012 | 0.012 | 0.006  | 123.000   | 123.000   | 861.000      | 123.000   |
| 5      | 0   | 5      | 0   | 0    | 0   | GET    | /api/isu/de1cf518-b06d-4e23-8129-f44e095eae92/graph | 0.004 | 0.008 | 0.028   | 0.006 | 0.008 | 0.008 | 0.008 | 0.002  | 382.000   | 699.000   | 2768.000     | 553.600   |
| 13     | 0   | 13     | 0   | 0    | 0   | GET    | /api/isu/e442c8cb-3025-4fd9-ba15-be994712570e/graph | 0.004 | 0.032 | 0.072   | 0.006 | 0.012 | 0.032 | 0.032 | 0.008  | 267.000   | 625.000   | 6478.000     | 498.308   |
| 13     | 0   | 13     | 0   | 0    | 0   | GET    | /api/isu/af4aead3-01e8-48ce-8d89-596bd790883f       | 0.004 | 0.024 | 0.072   | 0.006 | 0.008 | 0.024 | 0.024 | 0.006  | 122.000   | 122.000   | 1586.000     | 122.000   |
| 13     | 0   | 13     | 0   | 0    | 0   | GET    | /api/isu/eed73f1d-cd73-498f-a62b-9cbdaa41bd49/graph | 0.004 | 0.024 | 0.072   | 0.006 | 0.016 | 0.024 | 0.024 | 0.007  | 266.000   | 742.000   | 6059.000     | 466.077   |
| 34     | 0   | 34     | 0   | 0    | 0   | GET    | /api/isu/c3263855-34c9-4dd3-bc04-01f451150b32/graph | 0.004 | 0.104 | 0.188   | 0.006 | 0.008 | 0.016 | 0.104 | 0.018  | 271.000   | 895.000   | 20432.000    | 600.941   |
| 22     | 0   | 22     | 0   | 0    | 0   | GET    | /api/isu/e60bad81-0980-4163-aa5f-11cbf9456c3d       | 0.008 | 0.032 | 0.120   | 0.005 | 0.020 | 0.020 | 0.032 | 0.008  | 119.000   | 119.000   | 2618.000     | 119.000   |
| 3      | 0   | 3      | 0   | 0    | 0   | GET    | /api/isu/e6583e07-d543-4785-946f-c212f661c092       | 0.004 | 0.008 | 0.016   | 0.005 | 0.008 | 0.008 | 0.008 | 0.002  | 117.000   | 117.000   | 351.000      | 117.000   |
| 3      | 0   | 3      | 0   | 0    | 0   | GET    | /api/isu/a59b6f5e-2cc4-4637-8acc-eb02d03c770d/graph | 0.004 | 0.012 | 0.016   | 0.005 | 0.012 | 0.012 | 0.012 | 0.005  | 378.000   | 535.000   | 1296.000     | 432.000   |
| 3      | 0   | 3      | 0   | 0    | 0   | GET    | /api/isu/a659336e-21bf-4300-b8a7-60c2dbd8d719/graph | 0.004 | 0.012 | 0.016   | 0.005 | 0.012 | 0.012 | 0.012 | 0.005  | 270.000   | 641.000   | 1489.000     | 496.333   |
| 10     | 0   | 10     | 0   | 0    | 0   | GET    | /api/isu/af4aead3-01e8-48ce-8d89-596bd790883f/graph | 0.004 | 0.016 | 0.052   | 0.005 | 0.012 | 0.016 | 0.016 | 0.006  | 265.000   | 778.000   | 5576.000     | 557.600   |
| 9841   | 0   | 9608   | 0   | 233  | 0   | GET    | /api/condition/[a-z0-9-]+                           | 0.000 | 0.220 | 51.122  | 0.005 | 0.012 | 0.020 | 0.052 | 0.011  | 0.000     | 1022.000  | 2909168.000  | 295.617   |
| 37     | 0   | 37     | 0   | 0    | 0   | GET    | /api/isu/f6704696-57f8-44d9-b1a2-a698163e4bb7       | 0.000 | 0.040 | 0.192   | 0.005 | 0.020 | 0.028 | 0.040 | 0.009  | 116.000   | 116.000   | 4292.000     | 116.000   |
| 7      | 0   | 7      | 0   | 0    | 0   | GET    | /api/isu/d4e5d662-948f-46cd-9f72-bd7ce95213aa/graph | 0.004 | 0.012 | 0.036   | 0.005 | 0.012 | 0.012 | 0.012 | 0.004  | 267.000   | 792.000   | 3294.000     | 470.571   |
| 7      | 0   | 7      | 0   | 0    | 0   | GET    | /api/isu/e084f6e3-a5e7-4916-ab82-bddcabefeafd       | 0.004 | 0.008 | 0.036   | 0.005 | 0.008 | 0.008 | 0.008 | 0.003  | 126.000   | 126.000   | 882.000      | 126.000   |
| 168137 | 0   | 167314 | 0   | 823  | 0   | POST   | /api/condition/[a-z0-9-]+                           | 0.107 | 0.471 | 864.542 | 0.005 | 0.012 | 0.020 | 0.056 | 0.015  | 0.000     | 14.000    | 42.000       | 0.000     |
| 4      | 0   | 4      | 0   | 0    | 0   | GET    | /api/isu/ea4b640d-8437-4f23-8bd7-4e874a56dc90       | 0.012 | 0.012 | 0.020   | 0.005 | 0.012 | 0.012 | 0.012 | 0.004  | 114.000   | 114.000   | 456.000      | 114.000   |
| 4      | 0   | 4      | 0   | 0    | 0   | GET    | /api/isu/ff2ae348-ef5b-4a32-a0a6-69d6df25542e       | 0.004 | 0.008 | 0.020   | 0.005 | 0.008 | 0.008 | 0.008 | 0.003  | 120.000   | 120.000   | 480.000      | 120.000   |
| 4      | 0   | 4      | 0   | 0    | 0   | GET    | /api/isu/db8f4358-7cf5-4dc9-b161-f4df14ebe265       | 0.008 | 0.008 | 0.020   | 0.005 | 0.008 | 0.008 | 0.008 | 0.003  | 123.000   | 123.000   | 492.000      | 123.000   |
| 19     | 0   | 19     | 0   | 0    | 0   | GET    | /api/isu/e60bad81-0980-4163-aa5f-11cbf9456c3d/graph | 0.004 | 0.028 | 0.092   | 0.005 | 0.024 | 0.028 | 0.028 | 0.008  | 265.000   | 765.000   | 9691.000     | 510.053   |
| 5      | 0   | 5      | 0   | 0    | 0   | GET    | /api/isu/e1959326-fcd4-43f4-aac7-27a800adfa83       | 0.004 | 0.008 | 0.024   | 0.005 | 0.008 | 0.008 | 0.008 | 0.003  | 126.000   | 126.000   | 630.000      | 126.000   |
| 6163   | 0   | 5913   | 0   | 250  | 0   | GET    | /api/isu/[0-9]+                                     | 0.000 | 0.212 | 29.548  | 0.005 | 0.012 | 0.020 | 0.040 | 0.011  | 0.000     | 989.000   | 1692360.000  | 274.600   |
| 60     | 0   | 58     | 0   | 2    | 0   | GET    | /api/isu/b15ee4b9-eb89-4895-a3e0-cc2e900e0414       | 0.000 | 0.064 | 0.280   | 0.005 | 0.012 | 0.016 | 0.064 | 0.009  | 14.000    | 134.000   | 7807.000     | 130.117   |
| 13     | 0   | 13     | 0   | 0    | 0   | GET    | /api/isu/fb671ec9-1d54-424c-9160-81d269a4e989       | 0.000 | 0.012 | 0.060   | 0.005 | 0.008 | 0.012 | 0.012 | 0.004  | 120.000   | 120.000   | 1560.000     | 120.000   |
| 7      | 0   | 7      | 0   | 0    | 0   | GET    | /api/isu/e442c8cb-3025-4fd9-ba15-be994712570e       | 0.004 | 0.016 | 0.032   | 0.005 | 0.016 | 0.016 | 0.016 | 0.005  | 123.000   | 123.000   | 861.000      | 123.000   |
| 7      | 0   | 7      | 0   | 0    | 0   | GET    | /api/isu/d4023688-ce82-4735-8dd2-87d7ad8ea393/graph | 0.004 | 0.020 | 0.032   | 0.005 | 0.020 | 0.020 | 0.020 | 0.007  | 426.000   | 605.000   | 3338.000     | 476.857   |
| 1441   | 0   | 1167   | 0   | 274  | 0   | POST   | /api/auth                                           | 0.000 | 0.208 | 6.567   | 0.005 | 0.012 | 0.016 | 0.048 | 0.011  | 0.000     | 19.000    | 3128.000     | 2.171     |
| 15     | 0   | 15     | 0   | 0    | 0   | GET    | /api/isu/f2aa0a84-f274-47fe-8655-1d20c226085d/graph | 0.008 | 0.020 | 0.068   | 0.005 | 0.012 | 0.020 | 0.020 | 0.006  | 265.000   | 934.000   | 8109.000     | 540.600   |
| 16     | 0   | 16     | 0   | 0    | 0   | GET    | /api/isu/b2e19d52-da1a-4dbd-b635-0ef0d7fc10ad       | 0.004 | 0.036 | 0.072   | 0.005 | 0.008 | 0.036 | 0.036 | 0.009  | 117.000   | 117.000   | 1872.000     | 117.000   |
| 9      | 0   | 9      | 0   | 0    | 0   | GET    | /api/isu/d836a03a-86c9-4f70-95da-30e85295d035/graph | 0.000 | 0.008 | 0.040   | 0.004 | 0.008 | 0.008 | 0.008 | 0.003  | 376.000   | 863.000   | 5123.000     | 569.222   |
| 56     | 0   | 52     | 0   | 4    | 0   | GET    | /api/isu/e0f1346e-4d59-431a-b251-48f915386b97/graph | 0.004 | 0.044 | 0.244   | 0.004 | 0.012 | 0.016 | 0.044 | 0.008  | 14.000    | 971.000   | 25895.000    | 462.411   |
| 5582   | 0   | 5549   | 0   | 33   | 0   | GET    | /api/isu                                            | 0.004 | 0.220 | 24.072  | 0.004 | 0.012 | 0.016 | 0.040 | 0.010  | 3.000     | 1950.000  | 4137517.000  | 741.225   |
| 28     | 0   | 28     | 0   | 0    | 0   | GET    | /api/isu/f0865d3f-dd5b-42af-8c7e-7c25432239d4/graph | 0.004 | 0.032 | 0.120   | 0.004 | 0.008 | 0.016 | 0.032 | 0.007  | 273.000   | 739.000   | 14378.000    | 513.500   |
| 72     | 0   | 70     | 0   | 2    | 0   | GET    | /api/isu/daef9377-5afb-4605-ba42-933018448296       | 0.016 | 0.064 | 0.308   | 0.004 | 0.008 | 0.016 | 0.064 | 0.009  | 14.000    | 122.000   | 8575.000     | 119.097   |
| 122    | 0   | 120    | 0   | 2    | 0   | GET    | /api/isu/b18f50b4-04ef-40a4-b112-d6a37cbedbe3       | 0.012 | 0.104 | 0.500   | 0.004 | 0.008 | 0.016 | 0.024 | 0.010  | 14.000    | 125.000   | 15035.000    | 123.238   |
| 28     | 0   | 28     | 0   | 0    | 0   | GET    | /api/isu/e2ae22a3-1a32-4cbe-b424-f67f31609c5e       | 0.004 | 0.020 | 0.112   | 0.004 | 0.016 | 0.020 | 0.020 | 0.006  | 113.000   | 113.000   | 3164.000     | 113.000   |
| 45     | 0   | 41     | 0   | 4    | 0   | GET    | /api/isu/d52172f1-0429-45f4-a64b-d5a1da3797f3/graph | 0.004 | 0.040 | 0.180   | 0.004 | 0.008 | 0.012 | 0.040 | 0.006  | 14.000    | 793.000   | 21846.000    | 485.467   |
| 4      | 0   | 0      | 0   | 4    | 0   | GET    | /api/isu/d5226f7b-3c7b-477e-ba8b-3cc7a4012e9d/graph | 0.004 | 0.004 | 0.016   | 0.004 | 0.004 | 0.004 | 0.004 | 0.000  | 14.000    | 21.000    | 72.000       | 18.000    |
| 1      | 0   | 1      | 0   | 0    | 0   | GET    | /api/isu/bf1cd417-8a08-459e-aaca-ae591ede356d       | 0.004 | 0.004 | 0.004   | 0.004 | 0.004 | 0.004 | 0.004 | 0.000  | 129.000   | 129.000   | 129.000      | 129.000   |
| 1      | 0   | 1      | 0   | 0    | 0   | GET    | /api/isu/d53eace3-d172-4d1f-8b81-dde5d6e29646       | 0.004 | 0.004 | 0.004   | 0.004 | 0.004 | 0.004 | 0.004 | 0.000  | 120.000   | 120.000   | 120.000      | 120.000   |
| 1      | 0   | 1      | 0   | 0    | 0   | GET    | /api/isu/ce446730-0c2e-4a1e-8a1b-1c403e709097       | 0.004 | 0.004 | 0.004   | 0.004 | 0.004 | 0.004 | 0.004 | 0.000  | 120.000   | 120.000   | 120.000      | 120.000   |
| 7      | 0   | 7      | 0   | 0    | 0   | GET    | /api/isu/c0e3b093-8c12-4579-82b7-9a4cfcdbdf74       | 0.000 | 0.024 | 0.028   | 0.004 | 0.024 | 0.024 | 0.024 | 0.008  | 120.000   | 120.000   | 840.000      | 120.000   |
| 4      | 0   | 4      | 0   | 0    | 0   | GET    | /api/isu/a170728c-12de-4416-8e3b-fa561a84acee       | 0.004 | 0.008 | 0.016   | 0.004 | 0.008 | 0.008 | 0.008 | 0.003  | 123.000   | 123.000   | 492.000      | 123.000   |
| 5      | 0   | 5      | 0   | 0    | 0   | GET    | /api/isu/e181231f-c4c2-4f4b-8cdc-0ac8e89d6b9d/graph | 0.000 | 0.012 | 0.020   | 0.004 | 0.012 | 0.012 | 0.012 | 0.004  | 379.000   | 647.000   | 2585.000     | 517.000   |
| 4      | 0   | 4      | 0   | 0    | 0   | GET    | /api/isu/a170728c-12de-4416-8e3b-fa561a84acee/graph | 0.004 | 0.008 | 0.016   | 0.004 | 0.008 | 0.008 | 0.008 | 0.003  | 499.000   | 579.000   | 2143.000     | 535.750   |
| 1      | 0   | 1      | 0   | 0    | 0   | GET    | /api/isu/fa0831d9-76af-41f3-a74e-b333340d16b5       | 0.004 | 0.004 | 0.004   | 0.004 | 0.004 | 0.004 | 0.004 | 0.000  | 123.000   | 123.000   | 123.000      | 123.000   |
| 1      | 0   | 1      | 0   | 0    | 0   | GET    | /api/isu/a5678a71-6725-42ae-9523-c88c53543bf4       | 0.004 | 0.004 | 0.004   | 0.004 | 0.004 | 0.004 | 0.004 | 0.000  | 123.000   | 123.000   | 123.000      | 123.000   |
| 1      | 0   | 1      | 0   | 0    | 0   | GET    | /api/isu/ba73884f-85e0-4b05-9dd9-90f89fdce05d       | 0.004 | 0.004 | 0.004   | 0.004 | 0.004 | 0.004 | 0.004 | 0.000  | 120.000   | 120.000   | 120.000      | 120.000   |
| 1      | 0   | 1      | 0   | 0    | 0   | GET    | /api/isu/b46411c3-70fb-4ee9-a145-1a061e0bf20f       | 0.004 | 0.004 | 0.004   | 0.004 | 0.004 | 0.004 | 0.004 | 0.000  | 120.000   | 120.000   | 120.000      | 120.000   |
| 1      | 0   | 1      | 0   | 0    | 0   | GET    | /api/isu/e2941a2d-dd90-4eec-accf-1cd152f75f65       | 0.004 | 0.004 | 0.004   | 0.004 | 0.004 | 0.004 | 0.004 | 0.000  | 132.000   | 132.000   | 132.000      | 132.000   |
| 3      | 0   | 3      | 0   | 0    | 0   | GET    | /api/isu/e1959326-fcd4-43f4-aac7-27a800adfa83/graph | 0.004 | 0.008 | 0.012   | 0.004 | 0.008 | 0.008 | 0.008 | 0.003  | 522.000   | 670.000   | 1785.000     | 595.000   |
| 2      | 0   | 2      | 0   | 0    | 0   | GET    | /api/isu/dd34e3c2-a4da-4285-9557-89ffa32314c9/graph | 0.000 | 0.008 | 0.008   | 0.004 | 0.008 | 0.008 | 0.008 | 0.004  | 384.000   | 477.000   | 861.000      | 430.500   |
| 5      | 0   | 5      | 0   | 0    | 0   | GET    | /api/isu/c222cad8-fef1-4c94-887c-81bc0254a706/graph | 0.000 | 0.008 | 0.020   | 0.004 | 0.008 | 0.008 | 0.008 | 0.003  | 271.000   | 807.000   | 3010.000     | 602.000   |
| 1      | 0   | 1      | 0   | 0    | 0   | GET    | /api/isu/c7dcb6bb-a102-4206-b158-801a17b1a65b       | 0.004 | 0.004 | 0.004   | 0.004 | 0.004 | 0.004 | 0.004 | 0.000  | 123.000   | 123.000   | 123.000      | 123.000   |
| 10     | 0   | 10     | 0   | 0    | 0   | GET    | /api/isu/dedbf6fe-a704-4b8c-8900-5a016e64f680       | 0.000 | 0.020 | 0.040   | 0.004 | 0.016 | 0.020 | 0.020 | 0.007  | 117.000   | 117.000   | 1170.000     | 117.000   |
| 1      | 0   | 1      | 0   | 0    | 0   | GET    | /api/isu/b4d7b4c2-3498-4d18-a5ab-7b0567fef3f1       | 0.004 | 0.004 | 0.004   | 0.004 | 0.004 | 0.004 | 0.004 | 0.000  | 117.000   | 117.000   | 117.000      | 117.000   |
| 4      | 0   | 4      | 0   | 0    | 0   | GET    | /api/isu/f457c7e8-05a1-41e2-9a1c-1848de5797cd/graph | 0.000 | 0.016 | 0.016   | 0.004 | 0.016 | 0.016 | 0.016 | 0.007  | 381.000   | 658.000   | 1994.000     | 498.500   |
| 1      | 0   | 1      | 0   | 0    | 0   | GET    | /api/isu/cd41b0e0-19e6-4d96-baed-02ef7c041b5f       | 0.004 | 0.004 | 0.004   | 0.004 | 0.004 | 0.004 | 0.004 | 0.000  | 117.000   | 117.000   | 117.000      | 117.000   |
| 18     | 0   | 18     | 0   | 0    | 0   | GET    | /api/isu/b84f0e26-a0b9-46f1-919c-c21a5b07bcce/graph | 0.004 | 0.012 | 0.072   | 0.004 | 0.008 | 0.012 | 0.012 | 0.003  | 270.000   | 766.000   | 8400.000     | 466.667   |
| 1      | 0   | 1      | 0   | 0    | 0   | GET    | /api/isu/c0a0b8b0-23da-4394-ac77-64685821ca38       | 0.004 | 0.004 | 0.004   | 0.004 | 0.004 | 0.004 | 0.004 | 0.000  | 115.000   | 115.000   | 115.000      | 115.000   |
| 2      | 0   | 2      | 0   | 0    | 0   | GET    | /api/isu/b017ab0a-7979-43d1-8a0b-8f3cf0c42991/graph | 0.008 | 0.008 | 0.008   | 0.004 | 0.008 | 0.008 | 0.008 | 0.004  | 267.000   | 493.000   | 760.000      | 380.000   |
| 1      | 0   | 1      | 0   | 0    | 0   | GET    | /api/isu/f9092b13-abd4-4399-9caf-f955223a0f9d       | 0.004 | 0.004 | 0.004   | 0.004 | 0.004 | 0.004 | 0.004 | 0.000  | 120.000   | 120.000   | 120.000      | 120.000   |
| 1      | 0   | 1      | 0   | 0    | 0   | GET    | /api/isu/ff987b62-c94a-4a0d-a71e-b54a86f03b05       | 0.004 | 0.004 | 0.004   | 0.004 | 0.004 | 0.004 | 0.004 | 0.000  | 123.000   | 123.000   | 123.000      | 123.000   |
| 7      | 0   | 7      | 0   | 0    | 0   | GET    | /api/isu/c7fc172a-3bfe-4530-b9f9-5608494d305a/graph | 0.000 | 0.008 | 0.028   | 0.004 | 0.008 | 0.008 | 0.008 | 0.002  | 443.000   | 697.000   | 3872.000     | 553.143   |
| 40     | 0   | 40     | 0   | 0    | 0   | GET    | /api/isu/f0865d3f-dd5b-42af-8c7e-7c25432239d4       | 0.004 | 0.020 | 0.156   | 0.004 | 0.012 | 0.016 | 0.020 | 0.005  | 128.000   | 128.000   | 5120.000     | 128.000   |
| 48     | 0   | 46     | 0   | 2    | 0   | GET    | /api/isu/f66ac6c1-9219-4593-8abf-918f16d22557       | 0.004 | 0.040 | 0.184   | 0.004 | 0.012 | 0.024 | 0.040 | 0.008  | 14.000    | 119.000   | 5509.000     | 114.771   |
| 1033   | 0   | 998    | 0   | 35   | 0   | POST   | /api/signout                                        | 0.000 | 0.200 | 3.908   | 0.004 | 0.008 | 0.016 | 0.044 | 0.011  | 0.000     | 21.000    | 735.000      | 0.712     |
| 61     | 0   | 61     | 0   | 0    | 0   | GET    | /api/isu/c729179c-ebfa-4faa-9237-d561ea52429d/graph | 0.000 | 0.024 | 0.228   | 0.004 | 0.008 | 0.012 | 0.024 | 0.005  | 273.000   | 774.000   | 32419.000    | 531.459   |
| 13     | 0   | 13     | 0   | 0    | 0   | GET    | /api/isu/c94012ab-521a-4db9-ba94-849837bcb1e9/graph | 0.004 | 0.008 | 0.048   | 0.004 | 0.008 | 0.008 | 0.008 | 0.002  | 265.000   | 803.000   | 7419.000     | 570.692   |
| 11     | 0   | 11     | 0   | 0    | 0   | GET    | /api/isu/f35402fb-a4ea-420c-b8d9-246d1031dafb/graph | 0.000 | 0.012 | 0.040   | 0.004 | 0.004 | 0.012 | 0.012 | 0.003  | 265.000   | 824.000   | 6627.000     | 602.455   |
| 48     | 0   | 44     | 0   | 4    | 0   | GET    | /api/isu/c31d8c3c-45bc-497c-ac78-7d9fef829bfc/graph | 0.000 | 0.024 | 0.172   | 0.004 | 0.012 | 0.012 | 0.024 | 0.005  | 14.000    | 884.000   | 24488.000    | 510.167   |
| 28     | 0   | 28     | 0   | 0    | 0   | GET    | /api/isu/c5f5303a-81b7-4fd7-9572-24ea96deffb4       | 0.004 | 0.032 | 0.100   | 0.004 | 0.008 | 0.012 | 0.032 | 0.006  | 122.000   | 122.000   | 3416.000     | 122.000   |
| 9      | 0   | 9      | 0   | 0    | 0   | GET    | /api/isu/b4f162cb-0276-4798-9e65-f98d60e35bb5       | 0.000 | 0.008 | 0.032   | 0.004 | 0.008 | 0.008 | 0.008 | 0.003  | 123.000   | 123.000   | 1107.000     | 123.000   |
| 42     | 0   | 42     | 0   | 0    | 0   | GET    | /api/isu/d12cb4c6-8d4d-4244-b34c-c9adbe5c9e48/graph | 0.000 | 0.020 | 0.144   | 0.003 | 0.012 | 0.016 | 0.020 | 0.005  | 273.000   | 827.000   | 23109.000    | 550.214   |
| 7      | 0   | 7      | 0   | 0    | 0   | GET    | /api/isu/a30adac7-de4b-440f-8aed-ed1d6af38648/graph | 0.000 | 0.012 | 0.024   | 0.003 | 0.012 | 0.012 | 0.012 | 0.004  | 432.000   | 741.000   | 4273.000     | 610.429   |
| 34     | 0   | 34     | 0   | 0    | 0   | GET    | /api/isu/e840df72-2433-4980-9c1c-3af4c05649a7/graph | 0.004 | 0.020 | 0.116   | 0.003 | 0.008 | 0.012 | 0.020 | 0.004  | 271.000   | 927.000   | 18096.000    | 532.235   |
| 27     | 0   | 23     | 0   | 4    | 0   | GET    | /api/isu/f6704696-57f8-44d9-b1a2-a698163e4bb7/graph | 0.004 | 0.024 | 0.092   | 0.003 | 0.008 | 0.012 | 0.024 | 0.005  | 14.000    | 831.000   | 12971.000    | 480.407   |
| 2092   | 0   | 1065   | 0   | 1027 | 0   | GET    | /api/user/me                                        | 0.004 | 0.156 | 7.028   | 0.003 | 0.008 | 0.016 | 0.032 | 0.009  | 21.000    | 40.000    | 56841.000    | 27.171    |
| 43     | 0   | 43     | 0   | 0    | 0   | GET    | /api/isu/b15ee4b9-eb89-4895-a3e0-cc2e900e0414/graph | 0.000 | 0.020 | 0.144   | 0.003 | 0.008 | 0.012 | 0.020 | 0.005  | 273.000   | 768.000   | 22941.000    | 533.512   |
| 31     | 0   | 31     | 0   | 0    | 0   | GET    | /api/isu/b84f0e26-a0b9-46f1-919c-c21a5b07bcce       | 0.000 | 0.024 | 0.100   | 0.003 | 0.012 | 0.016 | 0.024 | 0.006  | 126.000   | 126.000   | 3906.000     | 126.000   |
| 85     | 0   | 85     | 0   | 0    | 0   | GET    | /api/isu/c729179c-ebfa-4faa-9237-d561ea52429d       | 0.004 | 0.040 | 0.272   | 0.003 | 0.008 | 0.012 | 0.040 | 0.006  | 116.000   | 116.000   | 9860.000     | 116.000   |
| 61     | 0   | 61     | 0   | 0    | 0   | GET    | /api/isu/c31d8c3c-45bc-497c-ac78-7d9fef829bfc       | 0.016 | 0.024 | 0.192   | 0.003 | 0.012 | 0.012 | 0.024 | 0.005  | 125.000   | 125.000   | 7625.000     | 125.000   |
| 27     | 0   | 27     | 0   | 0    | 0   | GET    | /api/isu/c30830c7-d627-4a3b-80e0-4d1eb34a2b50/graph | 0.000 | 0.024 | 0.084   | 0.003 | 0.008 | 0.012 | 0.024 | 0.005  | 271.000   | 889.000   | 15152.000    | 561.185   |
| 13     | 0   | 13     | 0   | 0    | 0   | GET    | /api/isu/f35402fb-a4ea-420c-b8d9-246d1031dafb       | 0.000 | 0.012 | 0.040   | 0.003 | 0.004 | 0.012 | 0.012 | 0.003  | 120.000   | 120.000   | 1560.000     | 120.000   |
| 42     | 0   | 42     | 0   | 0    | 0   | GET    | /api/isu/daef9377-5afb-4605-ba42-933018448296/graph | 0.004 | 0.020 | 0.128   | 0.003 | 0.008 | 0.008 | 0.020 | 0.004  | 270.000   | 882.000   | 21472.000    | 511.238   |
| 21     | 0   | 21     | 0   | 0    | 0   | GET    | /api/isu/d2e06f7b-1086-4a8f-a87f-a5872dc17712/graph | 0.008 | 0.016 | 0.064   | 0.003 | 0.008 | 0.008 | 0.016 | 0.004  | 271.000   | 957.000   | 11234.000    | 534.952   |
| 49     | 0   | 45     | 0   | 4    | 0   | GET    | /api/isu/d1a62155-f823-4200-9c01-5c6c5498d5c4/graph | 0.004 | 0.020 | 0.148   | 0.003 | 0.008 | 0.012 | 0.020 | 0.004  | 14.000    | 840.000   | 23762.000    | 484.939   |
| 4      | 0   | 4      | 0   | 0    | 0   | GET    | /api/isu/f02137d3-6305-43f1-bf20-f40b2f7776fe       | 0.004 | 0.008 | 0.012   | 0.003 | 0.008 | 0.008 | 0.008 | 0.003  | 129.000   | 129.000   | 516.000      | 129.000   |
| 4      | 0   | 4      | 0   | 0    | 0   | GET    | /api/isu/e55dc20e-09b5-4c89-b1f5-e713ae7f581b       | 0.004 | 0.004 | 0.012   | 0.003 | 0.004 | 0.004 | 0.004 | 0.002  | 114.000   | 114.000   | 456.000      | 114.000   |
| 4      | 0   | 4      | 0   | 0    | 0   | GET    | /api/isu/de1cf518-b06d-4e23-8129-f44e095eae92       | 0.000 | 0.008 | 0.012   | 0.003 | 0.008 | 0.008 | 0.008 | 0.003  | 120.000   | 120.000   | 480.000      | 120.000   |
| 4      | 0   | 4      | 0   | 0    | 0   | GET    | /api/isu/a59b6f5e-2cc4-4637-8acc-eb02d03c770d       | 0.004 | 0.008 | 0.012   | 0.003 | 0.008 | 0.008 | 0.008 | 0.003  | 123.000   | 123.000   | 492.000      | 123.000   |
| 4      | 0   | 0      | 0   | 4    | 0   | GET    | /api/isu/d2e06f7b-1086-4a8f-a87f-a5872dc17712/icon  | 0.004 | 0.004 | 0.012   | 0.003 | 0.004 | 0.004 | 0.004 | 0.002  | 14.000    | 21.000    | 70.000       | 17.500    |
| 4      | 0   | 0      | 0   | 4    | 0   | GET    | /api/isu/cab99f63-bb3a-4648-b6df-376396f2c7ab/graph | 0.004 | 0.008 | 0.012   | 0.003 | 0.008 | 0.008 | 0.008 | 0.003  | 14.000    | 21.000    | 72.000       | 18.000    |
| 4      | 0   | 4      | 0   | 0    | 0   | GET    | /api/isu/df7d65a9-b5af-4e04-b869-75a597a73de3       | 0.000 | 0.008 | 0.012   | 0.003 | 0.008 | 0.008 | 0.008 | 0.003  | 120.000   | 120.000   | 480.000      | 120.000   |
| 79     | 0   | 79     | 0   | 0    | 0   | GET    | /api/isu/a3523392-9c7d-4cae-a122-0d7671ebdb72       | 0.004 | 0.020 | 0.236   | 0.003 | 0.012 | 0.016 | 0.020 | 0.005  | 128.000   | 128.000   | 10112.000    | 128.000   |
| 63     | 0   | 61     | 0   | 2    | 0   | GET    | /api/isu/d12cb4c6-8d4d-4244-b34c-c9adbe5c9e48       | 0.000 | 0.036 | 0.184   | 0.003 | 0.008 | 0.012 | 0.036 | 0.006  | 14.000    | 119.000   | 7294.000     | 115.778   |
| 11     | 0   | 11     | 0   | 0    | 0   | GET    | /api/isu/b2e19d52-da1a-4dbd-b635-0ef0d7fc10ad/graph | 0.004 | 0.016 | 0.032   | 0.003 | 0.004 | 0.016 | 0.016 | 0.005  | 265.000   | 768.000   | 5969.000     | 542.636   |
| 40     | 0   | 40     | 0   | 0    | 0   | GET    | /api/isu/c30830c7-d627-4a3b-80e0-4d1eb34a2b50       | 0.004 | 0.020 | 0.116   | 0.003 | 0.008 | 0.012 | 0.020 | 0.004  | 116.000   | 116.000   | 4640.000     | 116.000   |
| 64     | 0   | 64     | 0   | 0    | 0   | GET    | /api/isu/e0f1346e-4d59-431a-b251-48f915386b97       | 0.000 | 0.032 | 0.180   | 0.003 | 0.008 | 0.008 | 0.032 | 0.006  | 122.000   | 122.000   | 7808.000     | 122.000   |
| 10     | 0   | 10     | 0   | 0    | 0   | GET    | /api/isu/a2c7f74b-e2f6-4d48-8263-925c150305ac       | 0.000 | 0.012 | 0.028   | 0.003 | 0.004 | 0.012 | 0.012 | 0.004  | 120.000   | 120.000   | 1200.000     | 120.000   |
| 13     | 0   | 13     | 0   | 0    | 0   | GET    | /api/isu/f2aa0a84-f274-47fe-8655-1d20c226085d       | 0.000 | 0.008 | 0.036   | 0.003 | 0.008 | 0.008 | 0.008 | 0.003  | 117.000   | 117.000   | 1521.000     | 117.000   |
| 55     | 0   | 53     | 0   | 2    | 0   | GET    | /api/isu/c3263855-34c9-4dd3-bc04-01f451150b32       | 0.008 | 0.020 | 0.152   | 0.003 | 0.008 | 0.016 | 0.020 | 0.005  | 14.000    | 113.000   | 6024.000     | 109.527   |
| 6      | 0   | 6      | 0   | 0    | 0   | GET    | /api/isu/d6139e0a-76b4-4388-8f00-9a2becc1ae28/graph | 0.004 | 0.008 | 0.016   | 0.003 | 0.008 | 0.008 | 0.008 | 0.003  | 266.000   | 631.000   | 2928.000     | 488.000   |
| 3      | 0   | 1      | 0   | 2    | 0   | GET    | /api/isu/eb104b95-3532-4828-8550-89da717b9667       | 0.004 | 0.004 | 0.008   | 0.003 | 0.004 | 0.004 | 0.004 | 0.002  | 14.000    | 121.000   | 156.000      | 52.000    |
| 56     | 0   | 56     | 0   | 0    | 0   | GET    | /api/isu/e840df72-2433-4980-9c1c-3af4c05649a7       | 0.004 | 0.012 | 0.144   | 0.003 | 0.008 | 0.008 | 0.012 | 0.003  | 125.000   | 125.000   | 7000.000     | 125.000   |
| 38     | 0   | 34     | 0   | 4    | 0   | GET    | /api/isu/f66ac6c1-9219-4593-8abf-918f16d22557/graph | 0.000 | 0.024 | 0.096   | 0.003 | 0.008 | 0.008 | 0.024 | 0.004  | 14.000    | 833.000   | 19974.000    | 525.632   |
| 32     | 0   | 32     | 0   | 0    | 0   | GET    | /api/isu/e7bc2cab-15fd-418d-aba7-6406007e061d/graph | 0.000 | 0.012 | 0.080   | 0.003 | 0.008 | 0.012 | 0.012 | 0.004  | 273.000   | 796.000   | 17821.000    | 556.906   |
| 61     | 0   | 61     | 0   | 0    | 0   | GET    | /api/isu/d1a62155-f823-4200-9c01-5c6c5498d5c4       | 0.000 | 0.012 | 0.152   | 0.002 | 0.008 | 0.008 | 0.012 | 0.003  | 116.000   | 116.000   | 7076.000     | 116.000   |
| 38     | 0   | 36     | 0   | 2    | 0   | GET    | /api/isu/d2e06f7b-1086-4a8f-a87f-a5872dc17712       | 0.000 | 0.036 | 0.092   | 0.002 | 0.004 | 0.016 | 0.036 | 0.006  | 14.000    | 125.000   | 4535.000     | 119.342   |
| 43     | 0   | 43     | 0   | 0    | 0   | GET    | /api/isu/e7bc2cab-15fd-418d-aba7-6406007e061d       | 0.004 | 0.020 | 0.104   | 0.002 | 0.008 | 0.008 | 0.020 | 0.004  | 125.000   | 125.000   | 5375.000     | 125.000   |
| 5      | 0   | 5      | 0   | 0    | 0   | GET    | /api/isu/ffd8d8cd-20d5-4460-8745-6a6e11b94cdb/graph | 0.008 | 0.008 | 0.012   | 0.002 | 0.008 | 0.008 | 0.008 | 0.003  | 383.000   | 595.000   | 2514.000     | 502.800   |
| 5      | 0   | 5      | 0   | 0    | 0   | GET    | /api/isu/e858dce6-8a28-461d-825d-b681fe84b456/graph | 0.004 | 0.004 | 0.012   | 0.002 | 0.004 | 0.004 | 0.004 | 0.002  | 272.000   | 702.000   | 2623.000     | 524.600   |
| 10     | 0   | 10     | 0   | 0    | 0   | GET    | /api/isu/be6705b7-c28a-4c27-ba19-d1280120a746       | 0.004 | 0.016 | 0.024   | 0.002 | 0.004 | 0.016 | 0.016 | 0.005  | 120.000   | 120.000   | 1200.000     | 120.000   |
| 10     | 0   | 2      | 0   | 8    | 0   | GET    | /api/isu/eb104b95-3532-4828-8550-89da717b9667/graph | 0.004 | 0.016 | 0.024   | 0.002 | 0.004 | 0.016 | 0.016 | 0.005  | 14.000    | 550.000   | 1168.000     | 116.800   |
| 7      | 0   | 7      | 0   | 0    | 0   | GET    | /api/isu/c97f2e93-b4e0-4c84-9b01-06be25036738       | 0.000 | 0.008 | 0.016   | 0.002 | 0.008 | 0.008 | 0.008 | 0.003  | 126.000   | 126.000   | 882.000      | 126.000   |
| 7      | 0   | 7      | 0   | 0    | 0   | GET    | /api/isu/bc999c13-52d1-495c-b515-420df337efb5/graph | 0.000 | 0.008 | 0.016   | 0.002 | 0.008 | 0.008 | 0.008 | 0.003  | 266.000   | 604.000   | 3052.000     | 436.000   |
| 7      | 0   | 7      | 0   | 0    | 0   | GET    | /api/isu/c3d5f7a7-0c2b-46a2-9301-683948fd4147       | 0.000 | 0.008 | 0.016   | 0.002 | 0.008 | 0.008 | 0.008 | 0.003  | 117.000   | 117.000   | 819.000      | 117.000   |
| 7      | 0   | 7      | 0   | 0    | 0   | GET    | /api/isu/d836a03a-86c9-4f70-95da-30e85295d035       | 0.000 | 0.008 | 0.016   | 0.002 | 0.008 | 0.008 | 0.008 | 0.003  | 126.000   | 126.000   | 882.000      | 126.000   |
| 7      | 0   | 7      | 0   | 0    | 0   | GET    | /api/isu/c222cad8-fef1-4c94-887c-81bc0254a706       | 0.004 | 0.004 | 0.016   | 0.002 | 0.004 | 0.004 | 0.004 | 0.002  | 117.000   | 117.000   | 819.000      | 117.000   |
| 16     | 0   | 14     | 0   | 2    | 0   | GET    | /api/isu/da8e2fa2-9778-40eb-a286-da9636fefe82       | 0.004 | 0.016 | 0.036   | 0.002 | 0.004 | 0.016 | 0.016 | 0.004  | 14.000    | 123.000   | 1757.000     | 109.812   |
| 9      | 0   | 7      | 0   | 2    | 0   | GET    | /api/isu/eee595b0-45ef-4546-9f36-4664461a4c65       | 0.000 | 0.008 | 0.020   | 0.002 | 0.008 | 0.008 | 0.008 | 0.003  | 14.000    | 132.000   | 959.000      | 106.556   |
| 19     | 0   | 19     | 0   | 0    | 0   | GET    | /api/isu/c94012ab-521a-4db9-ba94-849837bcb1e9       | 0.008 | 0.016 | 0.040   | 0.002 | 0.008 | 0.016 | 0.016 | 0.004  | 111.000   | 111.000   | 2109.000     | 111.000   |
| 4      | 0   | 4      | 0   | 0    | 0   | GET    | /api/isu/d7a4733b-b707-484c-8712-f5d4d146a31b/graph | 0.004 | 0.004 | 0.008   | 0.002 | 0.004 | 0.004 | 0.004 | 0.002  | 268.000   | 479.000   | 1620.000     | 405.000   |
| 4      | 0   | 4      | 0   | 0    | 0   | GET    | /api/isu/c0c5a092-a476-47b7-9083-60aa621ba9ed       | 0.000 | 0.004 | 0.008   | 0.002 | 0.004 | 0.004 | 0.004 | 0.002  | 117.000   | 117.000   | 468.000      | 117.000   |
| 4      | 0   | 4      | 0   | 0    | 0   | GET    | /api/isu/e181231f-c4c2-4f4b-8cdc-0ac8e89d6b9d       | 0.000 | 0.004 | 0.008   | 0.002 | 0.004 | 0.004 | 0.004 | 0.002  | 111.000   | 111.000   | 444.000      | 111.000   |
| 2      | 0   | 2      | 0   | 0    | 0   | GET    | /api/isu/e805e190-3f2a-4b37-80a9-9cc9bc82a367/graph | 0.004 | 0.004 | 0.004   | 0.002 | 0.004 | 0.004 | 0.004 | 0.002  | 269.000   | 527.000   | 796.000      | 398.000   |
| 2      | 0   | 2      | 0   | 0    | 0   | GET    | /api/isu/f09b26a8-21fa-4f8d-9871-9c2803103452/graph | 0.004 | 0.004 | 0.004   | 0.002 | 0.004 | 0.004 | 0.004 | 0.002  | 266.000   | 507.000   | 773.000      | 386.500   |
| 2      | 0   | 0      | 0   | 2    | 0   | GET    | /api/isu/b18f50b4-04ef-40a4-b112-d6a37cbedbe3/icon  | 0.004 | 0.004 | 0.004   | 0.002 | 0.004 | 0.004 | 0.004 | 0.002  | 14.000    | 21.000    | 35.000       | 17.500    |
| 8      | 0   | 8      | 0   | 0    | 0   | GET    | /api/isu/a304cf5a-904d-4098-a1c8-b8d47fa35401       | 0.000 | 0.008 | 0.016   | 0.002 | 0.008 | 0.008 | 0.008 | 0.003  | 120.000   | 120.000   | 960.000      | 120.000   |
| 2      | 0   | 0      | 0   | 2    | 0   | GET    | /api/isu/eee595b0-45ef-4546-9f36-4664461a4c65/icon  | 0.000 | 0.004 | 0.004   | 0.002 | 0.004 | 0.004 | 0.004 | 0.002  | 14.000    | 21.000    | 35.000       | 17.500    |
| 2      | 0   | 0      | 0   | 2    | 0   | GET    | /api/isu/cab99f63-bb3a-4648-b6df-376396f2c7ab/icon  | 0.004 | 0.004 | 0.004   | 0.002 | 0.004 | 0.004 | 0.004 | 0.002  | 14.000    | 21.000    | 35.000       | 17.500    |
| 2      | 0   | 2      | 0   | 0    | 0   | GET    | /api/isu/b4a4aa26-c458-4fa0-a97e-1bb737b2fb19/graph | 0.000 | 0.004 | 0.004   | 0.002 | 0.004 | 0.004 | 0.004 | 0.002  | 383.000   | 454.000   | 837.000      | 418.500   |
| 55     | 0   | 55     | 0   | 0    | 0   | GET    | /api/isu/d52172f1-0429-45f4-a64b-d5a1da3797f3       | 0.000 | 0.012 | 0.100   | 0.002 | 0.004 | 0.008 | 0.012 | 0.003  | 128.000   | 128.000   | 7040.000     | 128.000   |
| 7      | 0   | 7      | 0   | 0    | 0   | GET    | /api/isu/a626bbdf-956f-4002-8909-49667f711260       | 0.004 | 0.004 | 0.012   | 0.002 | 0.004 | 0.004 | 0.004 | 0.002  | 126.000   | 126.000   | 882.000      | 126.000   |
| 7      | 0   | 7      | 0   | 0    | 0   | GET    | /api/isu/e858dce6-8a28-461d-825d-b681fe84b456       | 0.000 | 0.004 | 0.012   | 0.002 | 0.004 | 0.004 | 0.004 | 0.002  | 118.000   | 118.000   | 826.000      | 118.000   |
| 13     | 0   | 13     | 0   | 0    | 0   | GET    | /api/isu/c1af4f53-5450-4ea9-b202-3a255c24a444       | 0.000 | 0.004 | 0.020   | 0.002 | 0.004 | 0.004 | 0.004 | 0.002  | 126.000   | 126.000   | 1638.000     | 126.000   |
| 3      | 0   | 1      | 0   | 2    | 0   | GET    | /api/isu/b82dcff4-8fae-4773-9956-22ab354adb7e       | 0.000 | 0.004 | 0.004   | 0.001 | 0.004 | 0.004 | 0.004 | 0.002  | 14.000    | 119.000   | 154.000      | 51.333    |
| 4      | 0   | 4      | 0   | 0    | 0   | GET    | /api/isu/a6372780-5cca-4895-86f4-f872131a440a       | 0.000 | 0.004 | 0.004   | 0.001 | 0.004 | 0.004 | 0.004 | 0.002  | 123.000   | 123.000   | 492.000      | 123.000   |
| 4      | 0   | 4      | 0   | 0    | 0   | GET    | /api/isu/eba2d11f-6fc5-4129-9627-5786d9374631       | 0.000 | 0.004 | 0.004   | 0.001 | 0.004 | 0.004 | 0.004 | 0.002  | 123.000   | 123.000   | 492.000      | 123.000   |
| 4      | 0   | 0      | 0   | 4    | 0   | GET    | /api/isu/b82dcff4-8fae-4773-9956-22ab354adb7e/icon  | 0.004 | 0.004 | 0.004   | 0.001 | 0.004 | 0.004 | 0.004 | 0.002  | 14.000    | 21.000    | 70.000       | 17.500    |
| 4      | 0   | 4      | 0   | 0    | 0   | GET    | /api/isu/d16e3506-4644-4cdb-a80e-00409ddc75f4       | 0.000 | 0.004 | 0.004   | 0.001 | 0.004 | 0.004 | 0.004 | 0.002  | 120.000   | 120.000   | 480.000      | 120.000   |
| 4      | 0   | 4      | 0   | 0    | 0   | GET    | /api/isu/ffd8d8cd-20d5-4460-8745-6a6e11b94cdb       | 0.004 | 0.004 | 0.004   | 0.001 | 0.004 | 0.004 | 0.004 | 0.002  | 129.000   | 129.000   | 516.000      | 129.000   |
| 4      | 0   | 4      | 0   | 0    | 0   | GET    | /api/isu/f30fc235-875c-401d-80c5-b5da0bdc3650/graph | 0.000 | 0.004 | 0.004   | 0.001 | 0.004 | 0.004 | 0.004 | 0.002  | 507.000   | 627.000   | 2207.000     | 551.750   |
| 4      | 0   | 4      | 0   | 0    | 0   | GET    | /api/isu/e805e190-3f2a-4b37-80a9-9cc9bc82a367       | 0.004 | 0.004 | 0.004   | 0.001 | 0.004 | 0.004 | 0.004 | 0.002  | 120.000   | 120.000   | 480.000      | 120.000   |
| 2      | 0   | 2      | 0   | 0    | 0   | GET    | /api/isu/e40b95f9-067e-4c8b-aed1-4c1546d3da21       | 0.000 | 0.000 | 0.000   | 0.000 | 0.000 | 0.000 | 0.000 | 0.000  | 119.000   | 119.000   | 238.000      | 119.000   |
| 2      | 0   | 2      | 0   | 0    | 0   | GET    | /api/isu/c77ecd81-ffa2-4419-bdc6-3b4b3ab859f4       | 0.000 | 0.000 | 0.000   | 0.000 | 0.000 | 0.000 | 0.000 | 0.000  | 126.000   | 126.000   | 252.000      | 126.000   |
| 1      | 0   | 1      | 0   | 0    | 0   | GET    | /api/isu/c5558143-7a89-4551-ab08-1cbb47caaa74       | 0.000 | 0.000 | 0.000   | 0.000 | 0.000 | 0.000 | 0.000 | 0.000  | 123.000   | 123.000   | 123.000      | 123.000   |
| 1      | 0   | 1      | 0   | 0    | 0   | GET    | /api/isu/a2d1ab84-4761-48b8-be92-452aa7a0e9ae       | 0.000 | 0.000 | 0.000   | 0.000 | 0.000 | 0.000 | 0.000 | 0.000  | 126.000   | 126.000   | 126.000      | 126.000   |
| 2      | 0   | 0      | 0   | 2    | 0   | GET    | /api/isu/c3263855-34c9-4dd3-bc04-01f451150b32/icon  | 0.000 | 0.000 | 0.000   | 0.000 | 0.000 | 0.000 | 0.000 | 0.000  | 14.000    | 21.000    | 35.000       | 17.500    |
| 2      | 0   | 0      | 0   | 2    | 0   | GET    | /api/isu/d1a62155-f823-4200-9c01-5c6c5498d5c4/icon  | 0.000 | 0.000 | 0.000   | 0.000 | 0.000 | 0.000 | 0.000 | 0.000  | 14.000    | 21.000    | 35.000       | 17.500    |
| 1      | 0   | 1      | 0   | 0    | 0   | GET    | /api/isu/a65cac8c-96de-408b-8432-e45cdb2d57a6       | 0.000 | 0.000 | 0.000   | 0.000 | 0.000 | 0.000 | 0.000 | 0.000  | 117.000   | 117.000   | 117.000      | 117.000   |
| 2      | 0   | 0      | 0   | 2    | 0   | GET    | /api/isu/e0f1346e-4d59-431a-b251-48f915386b97/icon  | 0.000 | 0.000 | 0.000   | 0.000 | 0.000 | 0.000 | 0.000 | 0.000  | 14.000    | 21.000    | 35.000       | 17.500    |
| 6      | 0   | 2      | 0   | 4    | 0   | GET    | /api/isu/b82dcff4-8fae-4773-9956-22ab354adb7e/graph | 0.000 | 0.000 | 0.000   | 0.000 | 0.000 | 0.000 | 0.000 | 0.000  | 14.000    | 516.000   | 1103.000     | 183.833   |
| 1      | 0   | 1      | 0   | 0    | 0   | GET    | /api/isu/ce384645-0193-4441-acee-9f65671f3294       | 0.000 | 0.000 | 0.000   | 0.000 | 0.000 | 0.000 | 0.000 | 0.000  | 120.000   | 120.000   | 120.000      | 120.000   |
| 1      | 0   | 1      | 0   | 0    | 0   | GET    | /api/isu/ba9fe6be-4b76-4be8-a349-4ad3290f7c2a       | 0.000 | 0.000 | 0.000   | 0.000 | 0.000 | 0.000 | 0.000 | 0.000  | 132.000   | 132.000   | 132.000      | 132.000   |
| 1      | 0   | 1      | 0   | 0    | 0   | GET    | /api/isu/b03917ac-770e-47c5-a59f-89ebe9153b0c       | 0.000 | 0.000 | 0.000   | 0.000 | 0.000 | 0.000 | 0.000 | 0.000  | 123.000   | 123.000   | 123.000      | 123.000   |
| 1      | 0   | 1      | 0   | 0    | 0   | GET    | /api/isu/ff29f678-990b-451e-aa75-c834e71f69ce       | 0.000 | 0.000 | 0.000   | 0.000 | 0.000 | 0.000 | 0.000 | 0.000  | 123.000   | 123.000   | 123.000      | 123.000   |
| 1      | 0   | 1      | 0   | 0    | 0   | GET    | /api/isu/b14b8bad-6b89-4997-95de-27e85ed058f8       | 0.000 | 0.000 | 0.000   | 0.000 | 0.000 | 0.000 | 0.000 | 0.000  | 116.000   | 116.000   | 116.000      | 116.000   |
| 2      | 0   | 0      | 0   | 2    | 0   | GET    | /api/isu/e442c8cb-3025-4fd9-ba15-be994712570e/icon  | 0.000 | 0.000 | 0.000   | 0.000 | 0.000 | 0.000 | 0.000 | 0.000  | 14.000    | 21.000    | 35.000       | 17.500    |
| 2      | 0   | 2      | 0   | 0    | 0   | GET    | /api/isu/b14b8bad-6b89-4997-95de-27e85ed058f8/graph | 0.000 | 0.000 | 0.000   | 0.000 | 0.000 | 0.000 | 0.000 | 0.000  | 379.000   | 417.000   | 796.000      | 398.000   |
| 1      | 0   | 1      | 0   | 0    | 0   | GET    | /api/isu/e3b3513c-d9dc-4d20-b254-fb691a9c16af       | 0.000 | 0.000 | 0.000   | 0.000 | 0.000 | 0.000 | 0.000 | 0.000  | 138.000   | 138.000   | 138.000      | 138.000   |
| 1      | 0   | 1      | 0   | 0    | 0   | GET    | /api/isu/abf86088-e052-4262-af6e-344b80d3433e       | 0.000 | 0.000 | 0.000   | 0.000 | 0.000 | 0.000 | 0.000 | 0.000  | 117.000   | 117.000   | 117.000      | 117.000   |
| 4      | 0   | 4      | 0   | 0    | 0   | GET    | /api/isu/b017ab0a-7979-43d1-8a0b-8f3cf0c42991       | 0.000 | 0.000 | 0.000   | 0.000 | 0.000 | 0.000 | 0.000 | 0.000  | 123.000   | 123.000   | 492.000      | 123.000   |
| 2      | 0   | 2      | 0   | 0    | 0   | GET    | /api/isu/c0a0b8b0-23da-4394-ac77-64685821ca38/graph | 0.000 | 0.000 | 0.000   | 0.000 | 0.000 | 0.000 | 0.000 | 0.000  | 380.000   | 410.000   | 790.000      | 395.000   |
| 1      | 0   | 1      | 0   | 0    | 0   | GET    | /api/isu/f7944148-591b-4152-bf93-10ed8cf1d27e       | 0.000 | 0.000 | 0.000   | 0.000 | 0.000 | 0.000 | 0.000 | 0.000  | 123.000   | 123.000   | 123.000      | 123.000   |
| 1      | 0   | 1      | 0   | 0    | 0   | GET    | /api/isu/f42cfd0d-c256-4812-8a39-6bf1b66ce0f3       | 0.000 | 0.000 | 0.000   | 0.000 | 0.000 | 0.000 | 0.000 | 0.000  | 129.000   | 129.000   | 129.000      | 129.000   |
| 2      | 0   | 0      | 0   | 2    | 0   | GET    | /api/isu/b15ee4b9-eb89-4895-a3e0-cc2e900e0414/icon  | 0.000 | 0.000 | 0.000   | 0.000 | 0.000 | 0.000 | 0.000 | 0.000  | 14.000    | 21.000    | 35.000       | 17.500    |
+--------+-----+--------+-----+------+-----+--------+-----------------------------------------------------+-------+-------+---------+-------+-------+-------+-------+--------+-----------+-----------+--------------+-----------+
