+-------+-----+-------+-----+------+-----+--------+-----------------------------------------------------+-------+-------+---------+-------+-------+-------+-------+--------+-----------+-----------+--------------+-----------+
| COUNT | 1XX |  2XX  | 3XX | 4XX  | 5XX | METHOD |                         URI                         |  MIN  |  MAX  |   SUM   |  AVG  |  P90  |  P95  |  P99  | STDDEV | MIN(BODY) | MAX(BODY) |  SUM(BODY)   | AVG(BODY) |
+-------+-----+-------+-----+------+-----+--------+-----------------------------------------------------+-------+-------+---------+-------+-------+-------+-------+--------+-----------+-----------+--------------+-----------+
| 1     | 0   | 1     | 0   | 0    | 0   | POST   | /initialize                                         | 0.132 | 0.132 | 0.132   | 0.132 | 0.132 | 0.132 | 0.132 | 0.000  | 18.000    | 18.000    | 18.000       | 18.000    |
| 55    | 0   | 51    | 0   | 4    | 0   | POST   | /api/isu                                            | 0.052 | 0.084 | 2.892   | 0.053 | 0.064 | 0.068 | 0.084 | 0.016  | 15.000    | 134.000   | 6238.000     | 113.418   |
| 2     | 0   | 0     | 0   | 2    | 0   | GET    | /api/isu/d5226f7b-3c7b-477e-ba8b-3cc7a4012e9d       | 0.004 | 0.008 | 0.012   | 0.006 | 0.008 | 0.008 | 0.008 | 0.002  | 14.000    | 21.000    | 35.000       | 17.500    |
| 2     | 0   | 0     | 0   | 2    | 0   | GET    | /api/isu/ff9ace79-7a70-48ca-a1ac-468fa3d58eb4/icon  | 0.004 | 0.008 | 0.012   | 0.006 | 0.008 | 0.008 | 0.008 | 0.002  | 14.000    | 21.000    | 35.000       | 17.500    |
| 4     | 0   | 0     | 0   | 4    | 0   | GET    | /api/isu/eb104b95-3532-4828-8550-89da717b9667/icon  | 0.000 | 0.020 | 0.020   | 0.005 | 0.020 | 0.020 | 0.020 | 0.009  | 14.000    | 21.000    | 70.000       | 17.500    |
| 2     | 0   | 0     | 0   | 2    | 0   | GET    | /api/isu/c2ce0a4e-f269-4071-bad0-767adac0c85d/icon  | 0.000 | 0.008 | 0.008   | 0.004 | 0.008 | 0.008 | 0.008 | 0.004  | 14.000    | 21.000    | 35.000       | 17.500    |
| 4     | 0   | 0     | 0   | 4    | 0   | GET    | /api/isu/eb1ebd1d-ae05-46ae-9733-a01ed5feab0d/icon  | 0.008 | 0.008 | 0.016   | 0.004 | 0.008 | 0.008 | 0.008 | 0.004  | 14.000    | 21.000    | 70.000       | 17.500    |
| 293   | 0   | 293   | 0   | 0    | 0   | GET    | /api/isu/e49a7107-984c-4fd7-854c-0d873cd30dd2/graph | 0.004 | 0.020 | 0.816   | 0.003 | 0.008 | 0.008 | 0.016 | 0.004  | 271.000   | 967.000   | 204186.000   | 696.881   |
| 3     | 0   | 1     | 0   | 2    | 0   | GET    | /api/isu/b82dcff4-8fae-4773-9956-22ab354adb7e       | 0.004 | 0.004 | 0.008   | 0.003 | 0.004 | 0.004 | 0.004 | 0.002  | 14.000    | 119.000   | 154.000      | 51.333    |
| 313   | 0   | 313   | 0   | 0    | 0   | GET    | /api/isu/c72588a6-57cd-4534-baf6-ee87d8f60d51/graph | 0.000 | 0.024 | 0.800   | 0.003 | 0.008 | 0.008 | 0.016 | 0.004  | 273.000   | 898.000   | 206891.000   | 660.994   |
| 374   | 0   | 366   | 0   | 8    | 0   | GET    | /api/isu/c308d2a9-3427-4a93-a298-66fd65acb195/graph | 0.004 | 0.024 | 0.952   | 0.003 | 0.008 | 0.012 | 0.020 | 0.004  | 14.000    | 964.000   | 243841.000   | 651.981   |
| 312   | 0   | 312   | 0   | 0    | 0   | GET    | /api/isu/a1bbb8d8-777d-4706-af06-8925ef80ae18/graph | 0.000 | 0.020 | 0.776   | 0.002 | 0.008 | 0.008 | 0.012 | 0.003  | 273.000   | 977.000   | 205948.000   | 660.090   |
| 917   | 0   | 913   | 0   | 4    | 0   | GET    | /api/isu/e8a1f94e-a16a-43af-8ab0-a43de310dcdb/graph | 0.000 | 0.024 | 2.240   | 0.002 | 0.008 | 0.008 | 0.012 | 0.003  | 14.000    | 875.000   | 594040.000   | 647.808   |
| 511   | 0   | 511   | 0   | 0    | 0   | GET    | /api/isu/ca7659f0-89db-407f-8cf6-18bd5d13c685/graph | 0.004 | 0.028 | 1.248   | 0.002 | 0.008 | 0.008 | 0.016 | 0.004  | 273.000   | 921.000   | 333449.000   | 652.542   |
| 423   | 0   | 423   | 0   | 0    | 0   | GET    | /api/isu/bcb42ae8-cded-4110-a5d7-cd204f51c663/graph | 0.000 | 0.024 | 1.012   | 0.002 | 0.004 | 0.008 | 0.016 | 0.003  | 271.000   | 876.000   | 278167.000   | 657.605   |
| 717   | 0   | 713   | 0   | 4    | 0   | GET    | /api/isu/eb1ebd1d-ae05-46ae-9733-a01ed5feab0d/graph | 0.000 | 0.020 | 1.684   | 0.002 | 0.008 | 0.008 | 0.012 | 0.003  | 14.000    | 1027.000  | 468384.000   | 653.255   |
| 271   | 0   | 267   | 0   | 4    | 0   | GET    | /api/isu/b88e307c-f604-47b8-8cb9-441b15785523/graph | 0.000 | 0.020 | 0.628   | 0.002 | 0.004 | 0.008 | 0.012 | 0.003  | 14.000    | 835.000   | 173084.000   | 638.686   |
| 555   | 0   | 555   | 0   | 0    | 0   | GET    | /api/isu/b68d52b0-12de-4e06-a583-06b158ae783e/graph | 0.000 | 0.020 | 1.284   | 0.002 | 0.008 | 0.008 | 0.012 | 0.003  | 271.000   | 1023.000  | 365821.000   | 659.137   |
| 438   | 0   | 434   | 0   | 4    | 0   | GET    | /api/isu/af3a6d76-e29f-4966-893d-e2377a7754a4/graph | 0.000 | 0.016 | 1.008   | 0.002 | 0.004 | 0.008 | 0.012 | 0.003  | 14.000    | 940.000   | 276291.000   | 630.801   |
| 14    | 0   | 0     | 0   | 14   | 0   | GET    | /api/isu/c648b087-fe00-4ea2-a524-b2e80555893f/icon  | 0.000 | 0.020 | 0.032   | 0.002 | 0.008 | 0.020 | 0.020 | 0.005  | 14.000    | 21.000    | 245.000      | 17.500    |
| 537   | 0   | 533   | 0   | 4    | 0   | GET    | /api/isu/a628b468-aeac-4760-9dd0-729730a4e2ab/graph | 0.008 | 0.024 | 1.224   | 0.002 | 0.008 | 0.008 | 0.012 | 0.003  | 14.000    | 1022.000  | 336296.000   | 626.250   |
| 2861  | 0   | 2141  | 0   | 720  | 0   | POST   | /api/auth                                           | 0.000 | 0.024 | 6.492   | 0.002 | 0.008 | 0.008 | 0.016 | 0.003  | 0.000     | 19.000    | 8280.000     | 2.894     |
| 525   | 0   | 521   | 0   | 4    | 0   | GET    | /api/isu/f9343d7d-cb05-4fab-ba39-973d41706882/graph | 0.000 | 0.020 | 1.176   | 0.002 | 0.004 | 0.008 | 0.016 | 0.003  | 14.000    | 973.000   | 358533.000   | 682.920   |
| 333   | 0   | 325   | 0   | 8    | 0   | GET    | /api/isu/f54e25f8-4816-4258-9944-d670bb51e3fb/graph | 0.000 | 0.020 | 0.744   | 0.002 | 0.004 | 0.008 | 0.012 | 0.003  | 14.000    | 993.000   | 215835.000   | 648.153   |
| 524   | 0   | 516   | 0   | 8    | 0   | GET    | /api/isu/cf7272af-2a3d-47c4-a22a-60d1ef569a0c/graph | 0.000 | 0.020 | 1.156   | 0.002 | 0.004 | 0.008 | 0.016 | 0.003  | 14.000    | 946.000   | 343790.000   | 656.088   |
| 418   | 0   | 410   | 0   | 8    | 0   | GET    | /api/isu/c2ce0a4e-f269-4071-bad0-767adac0c85d/graph | 0.004 | 0.020 | 0.920   | 0.002 | 0.004 | 0.008 | 0.012 | 0.003  | 14.000    | 995.000   | 290811.000   | 695.720   |
| 741   | 0   | 733   | 0   | 8    | 0   | GET    | /api/isu/ff9ace79-7a70-48ca-a1ac-468fa3d58eb4/graph | 0.000 | 0.024 | 1.604   | 0.002 | 0.004 | 0.008 | 0.012 | 0.003  | 14.000    | 969.000   | 478905.000   | 646.296   |
| 163   | 0   | 163   | 0   | 0    | 0   | GET    | /api/isu/f54e25f8-4816-4258-9944-d670bb51e3fb       | 0.004 | 0.024 | 0.352   | 0.002 | 0.008 | 0.008 | 0.020 | 0.004  | 116.000   | 116.000   | 18908.000    | 116.000   |
| 428   | 0   | 428   | 0   | 0    | 0   | GET    | /api/isu/be7afe9f-5819-4910-a63b-b43fb8b8020d/graph | 0.000 | 0.036 | 0.916   | 0.002 | 0.004 | 0.008 | 0.012 | 0.004  | 273.000   | 855.000   | 258227.000   | 603.334   |
| 243   | 0   | 235   | 0   | 8    | 0   | GET    | /api/isu/f9343d7d-cb05-4fab-ba39-973d41706882       | 0.004 | 0.020 | 0.516   | 0.002 | 0.008 | 0.008 | 0.012 | 0.003  | 14.000    | 122.000   | 28810.000    | 118.560   |
| 176   | 0   | 172   | 0   | 4    | 0   | GET    | /api/isu/c308d2a9-3427-4a93-a298-66fd65acb195       | 0.000 | 0.020 | 0.372   | 0.002 | 0.008 | 0.012 | 0.020 | 0.004  | 14.000    | 134.000   | 23118.000    | 131.352   |
| 16051 | 0   | 15440 | 0   | 611  | 0   | GET    | /api/isu/[0-9]+                                     | 0.008 | 0.036 | 33.461  | 0.002 | 0.004 | 0.008 | 0.016 | 0.003  | 0.000     | 1024.000  | 7437565.000  | 463.371   |
| 568   | 0   | 552   | 0   | 16   | 0   | GET    | /api/isu/ca3e5873-555d-4190-83b1-8560a986efab/graph | 0.000 | 0.016 | 1.172   | 0.002 | 0.004 | 0.008 | 0.012 | 0.003  | 14.000    | 903.000   | 372485.000   | 655.783   |
| 286   | 0   | 286   | 0   | 0    | 0   | GET    | /api/isu/ca386331-84ed-4cf0-b2aa-58ba98269e44/graph | 0.004 | 0.016 | 0.588   | 0.002 | 0.004 | 0.008 | 0.016 | 0.003  | 271.000   | 927.000   | 191413.000   | 669.276   |
| 199   | 0   | 199   | 0   | 0    | 0   | GET    | /api/isu/c2ce0a4e-f269-4071-bad0-767adac0c85d       | 0.000 | 0.016 | 0.408   | 0.002 | 0.008 | 0.008 | 0.012 | 0.003  | 122.000   | 122.000   | 24278.000    | 122.000   |
| 302   | 0   | 294   | 0   | 8    | 0   | GET    | /api/isu/d3d76e03-fd3f-46cf-9685-bf16a32432ed/graph | 0.000 | 0.020 | 0.612   | 0.002 | 0.004 | 0.008 | 0.012 | 0.003  | 14.000    | 987.000   | 204012.000   | 675.536   |
| 208   | 0   | 208   | 0   | 0    | 0   | GET    | /api/isu/a628b468-aeac-4760-9dd0-729730a4e2ab       | 0.000 | 0.024 | 0.416   | 0.002 | 0.004 | 0.008 | 0.012 | 0.003  | 120.000   | 120.000   | 24960.000    | 120.000   |
| 6     | 0   | 0     | 0   | 6    | 0   | GET    | /api/isu/cf7272af-2a3d-47c4-a22a-60d1ef569a0c/icon  | 0.000 | 0.008 | 0.012   | 0.002 | 0.008 | 0.008 | 0.008 | 0.003  | 14.000    | 21.000    | 105.000      | 17.500    |
| 8     | 0   | 0     | 0   | 8    | 0   | GET    | /api/isu/aced1db3-b4a6-4d82-820c-2473f2c9ba0d/graph | 0.004 | 0.008 | 0.016   | 0.002 | 0.008 | 0.008 | 0.008 | 0.003  | 14.000    | 21.000    | 144.000      | 18.000    |
| 2     | 0   | 0     | 0   | 2    | 0   | GET    | /api/isu/a1bbb8d8-777d-4706-af06-8925ef80ae18/icon  | 0.004 | 0.004 | 0.004   | 0.002 | 0.004 | 0.004 | 0.004 | 0.002  | 14.000    | 21.000    | 35.000       | 17.500    |
| 2     | 0   | 0     | 0   | 2    | 0   | GET    | /api/isu/c9f13289-dd45-46e8-a62b-d55c01708a04/icon  | 0.000 | 0.004 | 0.004   | 0.002 | 0.004 | 0.004 | 0.004 | 0.002  | 14.000    | 21.000    | 35.000       | 17.500    |
| 2     | 0   | 0     | 0   | 2    | 0   | GET    | /api/isu/b88e307c-f604-47b8-8cb9-441b15785523/icon  | 0.004 | 0.004 | 0.004   | 0.002 | 0.004 | 0.004 | 0.004 | 0.002  | 14.000    | 21.000    | 35.000       | 17.500    |
| 2     | 0   | 0     | 0   | 2    | 0   | GET    | /api/isu/c39e23ec-1681-4251-bd08-d082b882a74b/icon  | 0.004 | 0.004 | 0.004   | 0.002 | 0.004 | 0.004 | 0.004 | 0.002  | 14.000    | 21.000    | 35.000       | 17.500    |
| 148   | 0   | 148   | 0   | 0    | 0   | GET    | /api/isu/b88e307c-f604-47b8-8cb9-441b15785523       | 0.012 | 0.020 | 0.292   | 0.002 | 0.004 | 0.008 | 0.020 | 0.004  | 116.000   | 116.000   | 17168.000    | 116.000   |
| 402   | 0   | 402   | 0   | 0    | 0   | GET    | /api/isu/ea80c431-5e73-475a-809f-bcf9e40f63ef/graph | 0.000 | 0.020 | 0.788   | 0.002 | 0.004 | 0.008 | 0.012 | 0.003  | 271.000   | 882.000   | 278174.000   | 691.975   |
| 10811 | 0   | 10722 | 0   | 89   | 0   | GET    | /api/isu                                            | 0.000 | 0.028 | 20.964  | 0.002 | 0.004 | 0.008 | 0.016 | 0.003  | 3.000     | 1114.000  | 8682708.000  | 803.136   |
| 291   | 0   | 289   | 0   | 2    | 0   | GET    | /api/isu/eb1ebd1d-ae05-46ae-9733-a01ed5feab0d       | 0.008 | 0.020 | 0.556   | 0.002 | 0.004 | 0.008 | 0.016 | 0.004  | 14.000    | 119.000   | 34426.000    | 118.302   |
| 235   | 0   | 229   | 0   | 6    | 0   | GET    | /api/isu/cf7272af-2a3d-47c4-a22a-60d1ef569a0c       | 0.000 | 0.024 | 0.448   | 0.002 | 0.008 | 0.012 | 0.016 | 0.004  | 14.000    | 119.000   | 27356.000    | 116.409   |
| 198   | 0   | 196   | 0   | 2    | 0   | GET    | /api/isu/ea80c431-5e73-475a-809f-bcf9e40f63ef       | 0.000 | 0.028 | 0.372   | 0.002 | 0.008 | 0.008 | 0.016 | 0.003  | 14.000    | 119.000   | 23359.000    | 117.975   |
| 243   | 0   | 241   | 0   | 2    | 0   | GET    | /api/isu/ca3e5873-555d-4190-83b1-8560a986efab       | 0.008 | 0.016 | 0.456   | 0.002 | 0.008 | 0.008 | 0.012 | 0.003  | 14.000    | 128.000   | 30883.000    | 127.091   |
| 158   | 0   | 156   | 0   | 2    | 0   | GET    | /api/isu/ca386331-84ed-4cf0-b2aa-58ba98269e44       | 0.000 | 0.020 | 0.296   | 0.002 | 0.004 | 0.008 | 0.016 | 0.003  | 14.000    | 131.000   | 20471.000    | 129.563   |
| 235   | 0   | 229   | 0   | 6    | 0   | GET    | /api/isu/ca7659f0-89db-407f-8cf6-18bd5d13c685       | 0.000 | 0.028 | 0.436   | 0.002 | 0.004 | 0.008 | 0.012 | 0.004  | 14.000    | 116.000   | 26669.000    | 113.485   |
| 12509 | 0   | 11886 | 0   | 623  | 0   | GET    | /api/condition/[a-z0-9-]+                           | 0.000 | 0.032 | 22.996  | 0.002 | 0.004 | 0.008 | 0.016 | 0.003  | 3.000     | 972.000   | 3409038.000  | 272.527   |
| 76163 | 0   | 76159 | 0   | 4    | 0   | POST   | /api/condition/[a-z0-9-]+                           | 0.000 | 0.036 | 139.923 | 0.002 | 0.004 | 0.008 | 0.016 | 0.003  | 0.000     | 14.000    | 56.000       | 0.001     |
| 192   | 0   | 190   | 0   | 2    | 0   | GET    | /api/isu/af3a6d76-e29f-4966-893d-e2377a7754a4       | 0.000 | 0.024 | 0.352   | 0.002 | 0.004 | 0.008 | 0.016 | 0.003  | 14.000    | 131.000   | 24925.000    | 129.818   |
| 190   | 0   | 190   | 0   | 0    | 0   | GET    | /api/isu/be7afe9f-5819-4910-a63b-b43fb8b8020d       | 0.004 | 0.020 | 0.344   | 0.002 | 0.004 | 0.008 | 0.020 | 0.003  | 110.000   | 110.000   | 20900.000    | 110.000   |
| 235   | 0   | 233   | 0   | 2    | 0   | GET    | /api/isu/b68d52b0-12de-4e06-a583-06b158ae783e       | 0.000 | 0.020 | 0.416   | 0.002 | 0.004 | 0.008 | 0.016 | 0.003  | 14.000    | 116.000   | 27063.000    | 115.162   |
| 287   | 0   | 285   | 0   | 2    | 0   | GET    | /api/isu/ff9ace79-7a70-48ca-a1ac-468fa3d58eb4       | 0.004 | 0.016 | 0.492   | 0.002 | 0.004 | 0.008 | 0.012 | 0.003  | 14.000    | 116.000   | 33095.000    | 115.314   |
| 14062 | 0   | 14062 | 0   | 0    | 0   | GET    | /api/trend                                          | 0.000 | 0.036 | 23.032  | 0.002 | 0.004 | 0.008 | 0.012 | 0.003  | 540.000   | 833.000   | 11707218.000 | 832.543   |
| 5     | 0   | 1     | 0   | 4    | 0   | GET    | /api/isu/eb104b95-3532-4828-8550-89da717b9667       | 0.000 | 0.008 | 0.008   | 0.002 | 0.008 | 0.008 | 0.008 | 0.003  | 14.000    | 121.000   | 191.000      | 38.200    |
| 310   | 0   | 304   | 0   | 6    | 0   | GET    | /api/isu/e8a1f94e-a16a-43af-8ab0-a43de310dcdb       | 0.000 | 0.024 | 0.480   | 0.002 | 0.004 | 0.008 | 0.012 | 0.003  | 14.000    | 116.000   | 35369.000    | 114.094   |
| 157   | 0   | 157   | 0   | 0    | 0   | GET    | /api/isu/c72588a6-57cd-4534-baf6-ee87d8f60d51       | 0.000 | 0.024 | 0.240   | 0.002 | 0.004 | 0.008 | 0.016 | 0.003  | 116.000   | 116.000   | 18212.000    | 116.000   |
| 163   | 0   | 163   | 0   | 0    | 0   | GET    | /api/isu/d3d76e03-fd3f-46cf-9685-bf16a32432ed       | 0.000 | 0.016 | 0.244   | 0.001 | 0.004 | 0.004 | 0.012 | 0.003  | 122.000   | 122.000   | 19886.000    | 122.000   |
| 195   | 0   | 193   | 0   | 2    | 0   | GET    | /api/isu/bcb42ae8-cded-4110-a5d7-cd204f51c663       | 0.000 | 0.016 | 0.288   | 0.001 | 0.004 | 0.008 | 0.012 | 0.003  | 14.000    | 125.000   | 24160.000    | 123.897   |
| 6     | 0   | 0     | 0   | 6    | 0   | GET    | /api/isu/ca7659f0-89db-407f-8cf6-18bd5d13c685/icon  | 0.004 | 0.004 | 0.008   | 0.001 | 0.004 | 0.004 | 0.004 | 0.002  | 14.000    | 21.000    | 105.000      | 17.500    |
| 159   | 0   | 157   | 0   | 2    | 0   | GET    | /api/isu/e49a7107-984c-4fd7-854c-0d873cd30dd2       | 0.000 | 0.020 | 0.208   | 0.001 | 0.004 | 0.004 | 0.016 | 0.003  | 14.000    | 119.000   | 18718.000    | 117.723   |
| 16    | 0   | 0     | 0   | 16   | 0   | GET    | /api/isu/cab99f63-bb3a-4648-b6df-376396f2c7ab       | 0.000 | 0.008 | 0.020   | 0.001 | 0.008 | 0.008 | 0.008 | 0.003  | 14.000    | 21.000    | 280.000      | 17.500    |
| 1957  | 0   | 1865  | 0   | 92   | 0   | POST   | /api/signout                                        | 0.000 | 0.024 | 2.384   | 0.001 | 0.004 | 0.008 | 0.012 | 0.003  | 0.000     | 21.000    | 1932.000     | 0.987     |
| 3824  | 0   | 1871  | 0   | 1953 | 0   | GET    | /api/user/me                                        | 0.000 | 0.036 | 4.580   | 0.001 | 0.004 | 0.008 | 0.012 | 0.003  | 21.000    | 40.000    | 105803.000   | 27.668    |
| 156   | 0   | 154   | 0   | 2    | 0   | GET    | /api/isu/a1bbb8d8-777d-4706-af06-8925ef80ae18       | 0.000 | 0.012 | 0.164   | 0.001 | 0.004 | 0.004 | 0.012 | 0.002  | 14.000    | 125.000   | 19285.000    | 123.622   |
| 4     | 0   | 0     | 0   | 4    | 0   | GET    | /api/isu/ea78c8f4-3b61-4f59-a5e3-2be4d5cc9d00/icon  | 0.004 | 0.004 | 0.004   | 0.001 | 0.004 | 0.004 | 0.004 | 0.002  | 14.000    | 21.000    | 70.000       | 17.500    |
| 4     | 0   | 0     | 0   | 4    | 0   | GET    | /api/isu/c72588a6-57cd-4534-baf6-ee87d8f60d51/icon  | 0.000 | 0.004 | 0.004   | 0.001 | 0.004 | 0.004 | 0.004 | 0.002  | 14.000    | 21.000    | 70.000       | 17.500    |
| 4     | 0   | 2     | 0   | 2    | 0   | GET    | /api/isu/aced1db3-b4a6-4d82-820c-2473f2c9ba0d       | 0.000 | 0.004 | 0.004   | 0.001 | 0.004 | 0.004 | 0.004 | 0.002  | 14.000    | 117.000   | 269.000      | 67.250    |
| 4     | 0   | 0     | 0   | 4    | 0   | GET    | /api/isu/c0a0b8b0-23da-4394-ac77-64685821ca38/graph | 0.000 | 0.004 | 0.004   | 0.001 | 0.004 | 0.004 | 0.004 | 0.002  | 14.000    | 21.000    | 72.000       | 18.000    |
| 30    | 0   | 2     | 0   | 28   | 0   | GET    | /api/isu/c648b087-fe00-4ea2-a524-b2e80555893f/graph | 0.000 | 0.008 | 0.028   | 0.001 | 0.004 | 0.004 | 0.008 | 0.002  | 14.000    | 380.000   | 1154.000     | 38.467    |
| 10    | 0   | 2     | 0   | 8    | 0   | GET    | /api/isu/b82dcff4-8fae-4773-9956-22ab354adb7e/graph | 0.004 | 0.004 | 0.008   | 0.001 | 0.004 | 0.004 | 0.004 | 0.002  | 14.000    | 516.000   | 1175.000     | 117.500   |
| 15    | 0   | 1     | 0   | 14   | 0   | GET    | /api/isu/c648b087-fe00-4ea2-a524-b2e80555893f       | 0.004 | 0.004 | 0.012   | 0.001 | 0.004 | 0.004 | 0.004 | 0.002  | 14.000    | 125.000   | 370.000      | 24.667    |
| 6     | 0   | 2     | 0   | 4    | 0   | GET    | /api/isu/eb104b95-3532-4828-8550-89da717b9667/graph | 0.000 | 0.004 | 0.004   | 0.001 | 0.004 | 0.004 | 0.004 | 0.001  | 14.000    | 550.000   | 1096.000     | 182.667   |
| 32    | 0   | 0     | 0   | 32   | 0   | GET    | /api/isu/cab99f63-bb3a-4648-b6df-376396f2c7ab/graph | 0.000 | 0.004 | 0.016   | 0.001 | 0.004 | 0.004 | 0.004 | 0.001  | 14.000    | 21.000    | 576.000      | 18.000    |
| 16    | 0   | 0     | 0   | 16   | 0   | GET    | /api/isu/cab99f63-bb3a-4648-b6df-376396f2c7ab/icon  | 0.000 | 0.004 | 0.008   | 0.001 | 0.004 | 0.004 | 0.004 | 0.001  | 14.000    | 21.000    | 280.000      | 17.500    |
| 4     | 0   | 0     | 0   | 4    | 0   | GET    | /api/isu/ca3e5873-555d-4190-83b1-8560a986efab/icon  | 0.000 | 0.000 | 0.000   | 0.000 | 0.000 | 0.000 | 0.000 | 0.000  | 14.000    | 21.000    | 70.000       | 17.500    |
| 2     | 0   | 0     | 0   | 2    | 0   | GET    | /api/isu/b68d52b0-12de-4e06-a583-06b158ae783e/icon  | 0.000 | 0.000 | 0.000   | 0.000 | 0.000 | 0.000 | 0.000 | 0.000  | 14.000    | 21.000    | 35.000       | 17.500    |
| 2     | 0   | 0     | 0   | 2    | 0   | GET    | /api/isu/c9add5fc-28ca-4eea-9b77-6cb90852508a       | 0.000 | 0.000 | 0.000   | 0.000 | 0.000 | 0.000 | 0.000 | 0.000  | 14.000    | 21.000    | 35.000       | 17.500    |
| 2     | 0   | 0     | 0   | 2    | 0   | GET    | /api/isu/e8a1f94e-a16a-43af-8ab0-a43de310dcdb/icon  | 0.000 | 0.000 | 0.000   | 0.000 | 0.000 | 0.000 | 0.000 | 0.000  | 14.000    | 21.000    | 35.000       | 17.500    |
| 2     | 0   | 0     | 0   | 2    | 0   | GET    | /api/isu/f46ad522-d196-487e-b666-c9b000c3d458/icon  | 0.000 | 0.000 | 0.000   | 0.000 | 0.000 | 0.000 | 0.000 | 0.000  | 14.000    | 21.000    | 35.000       | 17.500    |
| 4     | 0   | 0     | 0   | 4    | 0   | GET    | /api/isu/c272d0b5-9437-4896-a881-2d5718fb9d74/icon  | 0.000 | 0.000 | 0.000   | 0.000 | 0.000 | 0.000 | 0.000 | 0.000  | 14.000    | 21.000    | 70.000       | 17.500    |
| 4     | 0   | 0     | 0   | 4    | 0   | GET    | /api/isu/d5226f7b-3c7b-477e-ba8b-3cc7a4012e9d/graph | 0.000 | 0.000 | 0.000   | 0.000 | 0.000 | 0.000 | 0.000 | 0.000  | 14.000    | 21.000    | 72.000       | 18.000    |
| 2     | 0   | 0     | 0   | 2    | 0   | GET    | /api/isu/be7afe9f-5819-4910-a63b-b43fb8b8020d/icon  | 0.000 | 0.000 | 0.000   | 0.000 | 0.000 | 0.000 | 0.000 | 0.000  | 14.000    | 21.000    | 35.000       | 17.500    |
| 2     | 0   | 0     | 0   | 2    | 0   | GET    | /api/isu/f9343d7d-cb05-4fab-ba39-973d41706882/icon  | 0.000 | 0.000 | 0.000   | 0.000 | 0.000 | 0.000 | 0.000 | 0.000  | 14.000    | 21.000    | 35.000       | 17.500    |
| 4     | 0   | 0     | 0   | 4    | 0   | GET    | /api/isu/bcb42ae8-cded-4110-a5d7-cd204f51c663/icon  | 0.000 | 0.000 | 0.000   | 0.000 | 0.000 | 0.000 | 0.000 | 0.000  | 14.000    | 21.000    | 70.000       | 17.500    |
| 2     | 0   | 2     | 0   | 0    | 0   | GET    | /api/isu/c9f13289-dd45-46e8-a62b-d55c01708a04       | 0.000 | 0.000 | 0.000   | 0.000 | 0.000 | 0.000 | 0.000 | 0.000  | 119.000   | 119.000   | 238.000      | 119.000   |
| 1     | 0   | 1     | 0   | 0    | 0   | GET    | /api/isu/c272d0b5-9437-4896-a881-2d5718fb9d74       | 0.000 | 0.000 | 0.000   | 0.000 | 0.000 | 0.000 | 0.000 | 0.000  | 122.000   | 122.000   | 122.000      | 122.000   |
+-------+-----+-------+-----+------+-----+--------+-----------------------------------------------------+-------+-------+---------+-------+-------+-------+-------+--------+-----------+-----------+--------------+-----------+
