+--------+-----+--------+-----+------+-----+--------+-----------------------------------------------------+-------+-------+----------+-------+-------+-------+-------+--------+-----------+-----------+---------------+-----------+
| COUNT  | 1XX |  2XX   | 3XX | 4XX  | 5XX | METHOD |                         URI                         |  MIN  |  MAX  |   SUM    |  AVG  |  P90  |  P95  |  P99  | STDDEV | MIN(BODY) | MAX(BODY) |   SUM(BODY)   | AVG(BODY) |
+--------+-----+--------+-----+------+-----+--------+-----------------------------------------------------+-------+-------+----------+-------+-------+-------+-------+--------+-----------+-----------+---------------+-----------+
| 1      | 0   | 1      | 0   | 0    | 0   | GET    | /api/isu/b4a58e3f-8ed9-4573-8b64-c77a64964e3a       | 0.676 | 0.676 | 0.676    | 0.676 | 0.676 | 0.676 | 0.676 | 0.000  | 126.000   | 126.000   | 126.000       | 126.000   |
| 1      | 0   | 1      | 0   | 0    | 0   | GET    | /api/isu/c2079fd8-1ad3-4c44-9274-91f303e33f51       | 0.424 | 0.424 | 0.424    | 0.424 | 0.424 | 0.424 | 0.424 | 0.000  | 123.000   | 123.000   | 123.000       | 123.000   |
| 1      | 0   | 1      | 0   | 0    | 0   | GET    | /api/isu/ce865442-2f45-4f6c-bad4-df3049c64453       | 0.340 | 0.340 | 0.340    | 0.340 | 0.340 | 0.340 | 0.340 | 0.000  | 117.000   | 117.000   | 117.000       | 117.000   |
| 1      | 0   | 0      | 0   | 1    | 0   | GET    | /api/isu/e3c56bfd-02fe-4504-93fb-3f8aa15bbe1b       | 0.300 | 0.300 | 0.300    | 0.300 | 0.300 | 0.300 | 0.300 | 0.000  | 0.000     | 0.000     | 0.000         | 0.000     |
| 1      | 0   | 1      | 0   | 0    | 0   | GET    | /api/isu/f3c5a377-5390-4eda-8171-4444118b1442       | 0.288 | 0.288 | 0.288    | 0.288 | 0.288 | 0.288 | 0.288 | 0.000  | 123.000   | 123.000   | 123.000       | 123.000   |
| 1      | 0   | 1      | 0   | 0    | 0   | GET    | /api/isu/e4793078-e722-46c8-9cb9-1f1df5965761       | 0.236 | 0.236 | 0.236    | 0.236 | 0.236 | 0.236 | 0.236 | 0.000  | 123.000   | 123.000   | 123.000       | 123.000   |
| 7      | 0   | 7      | 0   | 0    | 0   | GET    | /api/isu/bcd7d6f5-0f40-4e22-9960-f2b78f57616a/graph | 0.008 | 0.812 | 1.480    | 0.211 | 0.812 | 0.812 | 0.812 | 0.269  | 1970.000  | 2736.000  | 16269.000     | 2324.143  |
| 1      | 0   | 1      | 0   | 0    | 0   | GET    | /api/isu/ed1a6f08-cdc2-4472-b738-f70f045fe3dd       | 0.188 | 0.188 | 0.188    | 0.188 | 0.188 | 0.188 | 0.188 | 0.000  | 123.000   | 123.000   | 123.000       | 123.000   |
| 415    | 0   | 407    | 0   | 7    | 1   | POST   | /api/isu                                            | 0.044 | 1.064 | 75.515   | 0.182 | 0.332 | 0.423 | 0.716 | 0.135  | 0.000     | 141.000   | 49630.000     | 119.590   |
| 1      | 0   | 1      | 0   | 0    | 0   | POST   | /initialize                                         | 0.164 | 0.164 | 0.164    | 0.164 | 0.164 | 0.164 | 0.164 | 0.000  | 18.000    | 18.000    | 18.000        | 18.000    |
| 2      | 0   | 1      | 0   | 1    | 0   | GET    | /api/isu/e2f5f48d-f8a4-45f8-a272-d837750a08ac       | 0.012 | 0.312 | 0.324    | 0.162 | 0.312 | 0.312 | 0.312 | 0.150  | 0.000     | 120.000   | 120.000       | 60.000    |
| 1      | 0   | 1      | 0   | 0    | 0   | GET    | /api/isu/efbc4a4c-33ab-4f4f-a705-a1173b7d4a0c       | 0.160 | 0.160 | 0.160    | 0.160 | 0.160 | 0.160 | 0.160 | 0.000  | 120.000   | 120.000   | 120.000       | 120.000   |
| 8      | 0   | 8      | 0   | 0    | 0   | GET    | /api/isu/c0c46d86-87f6-4696-9838-e4ccd21e4ce0/graph | 0.012 | 0.276 | 1.084    | 0.136 | 0.276 | 0.276 | 0.276 | 0.101  | 1970.000  | 3140.000  | 21824.000     | 2728.000  |
| 2      | 0   | 2      | 0   | 0    | 0   | GET    | /api/isu/d4f643b9-6e7f-4e85-8fac-500262e603d4/graph | 0.104 | 0.148 | 0.252    | 0.126 | 0.148 | 0.148 | 0.148 | 0.022  | 2352.000  | 2357.000  | 4709.000      | 2354.500  |
| 1      | 0   | 1      | 0   | 0    | 0   | GET    | /api/isu/aed655a1-acb9-43eb-b011-2b9322bd092e       | 0.116 | 0.116 | 0.116    | 0.116 | 0.116 | 0.116 | 0.116 | 0.000  | 117.000   | 117.000   | 117.000       | 117.000   |
| 2      | 0   | 2      | 0   | 0    | 0   | GET    | /api/isu/f9dafee6-2584-4089-b35f-1611ce03d662       | 0.012 | 0.220 | 0.232    | 0.116 | 0.220 | 0.220 | 0.220 | 0.104  | 114.000   | 114.000   | 228.000       | 114.000   |
| 1      | 0   | 1      | 0   | 0    | 0   | GET    | /api/isu/e23a821d-cc2a-4403-bbfd-2ee146dc655a       | 0.116 | 0.116 | 0.116    | 0.116 | 0.116 | 0.116 | 0.116 | 0.000  | 129.000   | 129.000   | 129.000       | 129.000   |
| 4      | 0   | 4      | 0   | 0    | 0   | GET    | /api/isu/b811ac27-4165-41b1-a60f-725f175909dc/graph | 0.068 | 0.160 | 0.432    | 0.108 | 0.160 | 0.160 | 0.160 | 0.039  | 2165.000  | 2750.000  | 10199.000     | 2549.750  |
| 1      | 0   | 1      | 0   | 0    | 0   | GET    | /api/isu/faca785f-ef2a-4d44-9240-159728affee6       | 0.100 | 0.100 | 0.100    | 0.100 | 0.100 | 0.100 | 0.100 | 0.000  | 120.000   | 120.000   | 120.000       | 120.000   |
| 9      | 0   | 9      | 0   | 0    | 0   | GET    | /api/isu/ec955f72-2756-441f-b2a3-533be52560fc/graph | 0.000 | 0.400 | 0.856    | 0.095 | 0.400 | 0.400 | 0.400 | 0.122  | 2160.000  | 2831.000  | 23024.000     | 2558.222  |
| 1      | 0   | 1      | 0   | 0    | 0   | GET    | /api/isu/bcd53f72-c9d2-44f2-8d7d-2e021eb1cd5c       | 0.088 | 0.088 | 0.088    | 0.088 | 0.088 | 0.088 | 0.088 | 0.000  | 117.000   | 117.000   | 117.000       | 117.000   |
| 6      | 0   | 5      | 0   | 1    | 0   | GET    | /api/isu/c9ec7d24-c1cb-479c-a89c-1ce2ca6de6e4/graph | 0.004 | 0.192 | 0.507    | 0.085 | 0.192 | 0.192 | 0.192 | 0.061  | 0.000     | 3323.000  | 14693.000     | 2448.833  |
| 8      | 0   | 8      | 0   | 0    | 0   | GET    | /api/isu/cce90432-d889-470d-a34d-82ac2bcd7e71/graph | 0.132 | 0.352 | 0.672    | 0.084 | 0.352 | 0.352 | 0.352 | 0.114  | 1970.000  | 3414.000  | 21269.000     | 2658.625  |
| 4      | 0   | 4      | 0   | 0    | 0   | GET    | /api/isu/ad59d708-bb15-41df-9d6b-99c5d1fb9572       | 0.004 | 0.280 | 0.328    | 0.082 | 0.280 | 0.280 | 0.280 | 0.115  | 129.000   | 129.000   | 516.000       | 129.000   |
| 6      | 0   | 5      | 0   | 1    | 0   | GET    | /api/isu/a062149a-a74c-4abd-a317-91837f651ca1/graph | 0.008 | 0.136 | 0.480    | 0.080 | 0.136 | 0.136 | 0.136 | 0.046  | 0.000     | 2740.000  | 12057.000     | 2009.500  |
| 6      | 0   | 6      | 0   | 0    | 0   | GET    | /api/isu/fa5006d8-4ba0-4924-9c7a-347478f1751d/graph | 0.008 | 0.208 | 0.468    | 0.078 | 0.208 | 0.208 | 0.208 | 0.091  | 1970.000  | 3104.000  | 15260.000     | 2543.333  |
| 1      | 0   | 1      | 0   | 0    | 0   | GET    | /api/isu/b1c1e6a2-cb07-4a1b-82e2-b79703dba9e0       | 0.076 | 0.076 | 0.076    | 0.076 | 0.076 | 0.076 | 0.076 | 0.000  | 120.000   | 120.000   | 120.000       | 120.000   |
| 8      | 0   | 7      | 0   | 1    | 0   | GET    | /api/isu/e8321053-572b-4d5c-b39d-2bc027c84d43/graph | 0.056 | 0.452 | 0.608    | 0.076 | 0.452 | 0.452 | 0.452 | 0.144  | 0.000     | 2955.000  | 16885.000     | 2110.625  |
| 21     | 0   | 21     | 0   | 0    | 0   | GET    | /api/isu/b8525039-d032-4952-a979-0764c1d607df/graph | 0.004 | 0.988 | 1.560    | 0.074 | 0.116 | 0.120 | 0.988 | 0.208  | 1970.000  | 4458.000  | 58124.000     | 2767.810  |
| 11     | 0   | 11     | 0   | 0    | 0   | GET    | /api/isu/a9725ef1-8d5c-4fb3-a40d-004f53d7e48d/graph | 0.004 | 0.256 | 0.792    | 0.072 | 0.252 | 0.256 | 0.256 | 0.092  | 1970.000  | 3152.000  | 27758.000     | 2523.455  |
| 18     | 0   | 18     | 0   | 0    | 0   | GET    | /api/isu/f139b35e-f998-499f-98c7-366086f87b36/graph | 0.000 | 0.516 | 1.244    | 0.069 | 0.280 | 0.516 | 0.516 | 0.129  | 1970.000  | 3941.000  | 49530.000     | 2751.667  |
| 8      | 0   | 8      | 0   | 0    | 0   | GET    | /api/isu/f6f0d577-c2f9-4ddf-a909-5af40fa57e85       | 0.004 | 0.260 | 0.532    | 0.067 | 0.260 | 0.260 | 0.260 | 0.085  | 120.000   | 120.000   | 960.000       | 120.000   |
| 7      | 0   | 6      | 0   | 1    | 0   | GET    | /api/isu/d98a8301-82db-44cb-b346-b8a0b6ba3111/graph | 0.004 | 0.200 | 0.456    | 0.065 | 0.200 | 0.200 | 0.200 | 0.085  | 0.000     | 3307.000  | 15834.000     | 2262.000  |
| 4      | 0   | 4      | 0   | 0    | 0   | GET    | /api/isu/fbc35e02-b2bb-419e-9330-e3f315acf4fc       | 0.004 | 0.128 | 0.256    | 0.064 | 0.128 | 0.128 | 0.128 | 0.056  | 120.000   | 120.000   | 480.000       | 120.000   |
| 1      | 0   | 1      | 0   | 0    | 0   | GET    | /api/isu/b4d1af2c-2b34-4438-8373-be6cf3d12df4       | 0.064 | 0.064 | 0.064    | 0.064 | 0.064 | 0.064 | 0.064 | 0.000  | 123.000   | 123.000   | 123.000       | 123.000   |
| 1      | 0   | 1      | 0   | 0    | 0   | GET    | /api/isu/c9475f08-5b26-4f18-b32d-848afaf1a2b9       | 0.064 | 0.064 | 0.064    | 0.064 | 0.064 | 0.064 | 0.064 | 0.000  | 132.000   | 132.000   | 132.000       | 132.000   |
| 10     | 0   | 10     | 0   | 0    | 0   | GET    | /api/isu/e8321053-572b-4d5c-b39d-2bc027c84d43       | 0.000 | 0.488 | 0.632    | 0.063 | 0.072 | 0.488 | 0.488 | 0.143  | 132.000   | 132.000   | 1320.000      | 132.000   |
| 4      | 0   | 4      | 0   | 0    | 0   | GET    | /api/isu/a81fdd48-c555-42c2-a0a5-d31e1661fa00       | 0.008 | 0.180 | 0.244    | 0.061 | 0.180 | 0.180 | 0.180 | 0.069  | 126.000   | 126.000   | 504.000       | 126.000   |
| 2      | 0   | 2      | 0   | 0    | 0   | GET    | /api/isu/e1250d35-e2f9-49d5-8a81-3f70493c2ede/graph | 0.004 | 0.116 | 0.120    | 0.060 | 0.116 | 0.116 | 0.116 | 0.056  | 3016.000  | 3580.000  | 6596.000      | 3298.000  |
| 9      | 0   | 9      | 0   | 0    | 0   | GET    | /api/isu/d2b93c0b-c58e-41e3-8c21-0530c6ae71e8/graph | 0.008 | 0.368 | 0.536    | 0.060 | 0.368 | 0.368 | 0.368 | 0.113  | 1970.000  | 3116.000  | 23473.000     | 2608.111  |
| 9      | 0   | 9      | 0   | 0    | 0   | GET    | /api/isu/efc9257c-313f-48f0-a2e4-dc0b5d2fd592/graph | 0.004 | 0.116 | 0.532    | 0.059 | 0.116 | 0.116 | 0.116 | 0.034  | 1970.000  | 2758.000  | 22299.000     | 2477.667  |
| 4      | 0   | 4      | 0   | 0    | 0   | GET    | /api/isu/d02e3e17-6de6-425e-b6de-77ef5bd5695f       | 0.004 | 0.208 | 0.236    | 0.059 | 0.208 | 0.208 | 0.208 | 0.087  | 120.000   | 120.000   | 480.000       | 120.000   |
| 3      | 0   | 3      | 0   | 0    | 0   | GET    | /api/isu/e6d28976-8226-4a49-a77a-d7082ecafc7f/graph | 0.008 | 0.100 | 0.176    | 0.059 | 0.100 | 0.100 | 0.100 | 0.038  | 2360.000  | 2632.000  | 7538.000      | 2512.667  |
| 4      | 0   | 4      | 0   | 0    | 0   | GET    | /api/isu/a97206e2-8b33-42ce-8dba-e5b0c6552dab/graph | 0.004 | 0.156 | 0.228    | 0.057 | 0.156 | 0.156 | 0.156 | 0.063  | 1970.000  | 2739.000  | 9616.000      | 2404.000  |
| 4      | 0   | 4      | 0   | 0    | 0   | GET    | /api/isu/b811ac27-4165-41b1-a60f-725f175909dc       | 0.096 | 0.132 | 0.228    | 0.057 | 0.132 | 0.132 | 0.132 | 0.058  | 132.000   | 132.000   | 528.000       | 132.000   |
| 35     | 0   | 35     | 0   | 0    | 0   | GET    | /api/isu/ab1ab1e5-c998-4fe1-b698-22e191406c71/graph | 0.016 | 0.532 | 1.988    | 0.057 | 0.132 | 0.352 | 0.532 | 0.113  | 1970.000  | 3746.000  | 91271.000     | 2607.743  |
| 1      | 0   | 1      | 0   | 0    | 0   | GET    | /api/isu/d60426f9-8d22-4ab4-8b27-56bcd2f0cbf0       | 0.056 | 0.056 | 0.056    | 0.056 | 0.056 | 0.056 | 0.056 | 0.000  | 114.000   | 114.000   | 114.000       | 114.000   |
| 6      | 0   | 6      | 0   | 0    | 0   | GET    | /api/isu/e5c237a3-857d-4720-81fa-a224c13250ea/graph | 0.060 | 0.124 | 0.304    | 0.051 | 0.124 | 0.124 | 0.124 | 0.043  | 2162.000  | 3225.000  | 16766.000     | 2794.333  |
| 8      | 0   | 8      | 0   | 0    | 0   | GET    | /api/isu/b00c8b68-0129-46cb-b203-0f5f16de3e87/graph | 0.008 | 0.240 | 0.384    | 0.048 | 0.240 | 0.240 | 0.240 | 0.074  | 1970.000  | 2928.000  | 20393.000     | 2549.125  |
| 6      | 0   | 6      | 0   | 0    | 0   | GET    | /api/isu/a81fdd48-c555-42c2-a0a5-d31e1661fa00/graph | 0.012 | 0.144 | 0.272    | 0.045 | 0.144 | 0.144 | 0.144 | 0.048  | 1970.000  | 3546.000  | 15902.000     | 2650.333  |
| 10     | 0   | 10     | 0   | 0    | 0   | GET    | /api/isu/a9725ef1-8d5c-4fb3-a40d-004f53d7e48d       | 0.340 | 0.340 | 0.440    | 0.044 | 0.060 | 0.340 | 0.340 | 0.100  | 108.000   | 108.000   | 1080.000      | 108.000   |
| 4      | 0   | 4      | 0   | 0    | 0   | GET    | /api/isu/efc9257c-313f-48f0-a2e4-dc0b5d2fd592       | 0.028 | 0.084 | 0.176    | 0.044 | 0.084 | 0.084 | 0.084 | 0.032  | 120.000   | 120.000   | 480.000       | 120.000   |
| 1      | 0   | 1      | 0   | 0    | 0   | GET    | /api/isu/c9c62e0a-a675-4dff-8848-8b32a0fb3084       | 0.044 | 0.044 | 0.044    | 0.044 | 0.044 | 0.044 | 0.044 | 0.000  | 117.000   | 117.000   | 117.000       | 117.000   |
| 4      | 0   | 4      | 0   | 0    | 0   | GET    | /api/isu/c4a9c4af-3826-4bb1-a51e-3d575d8ae585       | 0.016 | 0.124 | 0.176    | 0.044 | 0.124 | 0.124 | 0.124 | 0.046  | 129.000   | 129.000   | 516.000       | 129.000   |
| 4      | 0   | 4      | 0   | 0    | 0   | GET    | /api/isu/ec037ae0-eb6d-4fc0-b44f-dbc4f90b3a3e       | 0.016 | 0.088 | 0.176    | 0.044 | 0.088 | 0.088 | 0.088 | 0.027  | 126.000   | 126.000   | 504.000       | 126.000   |
| 10     | 0   | 10     | 0   | 0    | 0   | GET    | /api/isu/d2b93c0b-c58e-41e3-8c21-0530c6ae71e8       | 0.004 | 0.152 | 0.420    | 0.042 | 0.124 | 0.152 | 0.152 | 0.057  | 129.000   | 129.000   | 1290.000      | 129.000   |
| 10     | 0   | 10     | 0   | 0    | 0   | GET    | /api/isu/cc0d5389-41d3-40a9-89a4-b32a528e9220       | 0.004 | 0.096 | 0.408    | 0.041 | 0.068 | 0.096 | 0.096 | 0.027  | 117.000   | 117.000   | 1170.000      | 117.000   |
| 1      | 0   | 1      | 0   | 0    | 0   | GET    | /api/isu/d08a9772-d052-4998-8e34-0a1243522681       | 0.040 | 0.040 | 0.040    | 0.040 | 0.040 | 0.040 | 0.040 | 0.000  | 138.000   | 138.000   | 138.000       | 138.000   |
| 1      | 0   | 1      | 0   | 0    | 0   | GET    | /api/isu/a8a208bb-949a-4fcc-9705-720f671bcc4a       | 0.040 | 0.040 | 0.040    | 0.040 | 0.040 | 0.040 | 0.040 | 0.000  | 114.000   | 114.000   | 114.000       | 114.000   |
| 1      | 0   | 1      | 0   | 0    | 0   | GET    | /api/isu/b5cc50ec-a818-4c1b-b31e-ab35a288cbb2       | 0.040 | 0.040 | 0.040    | 0.040 | 0.040 | 0.040 | 0.040 | 0.000  | 129.000   | 129.000   | 129.000       | 129.000   |
| 1      | 0   | 1      | 0   | 0    | 0   | GET    | /api/isu/de93b81f-e8c8-4a17-b69e-76d09b7b26e1       | 0.040 | 0.040 | 0.040    | 0.040 | 0.040 | 0.040 | 0.040 | 0.000  | 126.000   | 126.000   | 126.000       | 126.000   |
| 7      | 0   | 7      | 0   | 0    | 0   | GET    | /api/isu/c0c46d86-87f6-4696-9838-e4ccd21e4ce0       | 0.008 | 0.104 | 0.276    | 0.039 | 0.104 | 0.104 | 0.104 | 0.038  | 126.000   | 126.000   | 882.000       | 126.000   |
| 7      | 0   | 7      | 0   | 0    | 0   | GET    | /api/isu/fef9ab92-28f5-43b2-ba20-24405fc11fc7       | 0.000 | 0.148 | 0.260    | 0.037 | 0.148 | 0.148 | 0.148 | 0.052  | 123.000   | 123.000   | 861.000       | 123.000   |
| 4      | 0   | 4      | 0   | 0    | 0   | GET    | /api/isu/a27cc66d-9d3f-40a0-a731-42c5d6de99db/graph | 0.004 | 0.100 | 0.148    | 0.037 | 0.100 | 0.100 | 0.100 | 0.037  | 2308.000  | 2955.000  | 10866.000     | 2716.500  |
| 4      | 0   | 4      | 0   | 0    | 0   | GET    | /api/isu/a062149a-a74c-4abd-a317-91837f651ca1       | 0.000 | 0.084 | 0.144    | 0.036 | 0.084 | 0.084 | 0.084 | 0.034  | 117.000   | 117.000   | 468.000       | 117.000   |
| 12     | 0   | 12     | 0   | 0    | 0   | GET    | /api/isu/fa5006d8-4ba0-4924-9c7a-347478f1751d       | 0.012 | 0.164 | 0.416    | 0.035 | 0.120 | 0.164 | 0.164 | 0.054  | 120.000   | 120.000   | 1440.000      | 120.000   |
| 6      | 0   | 6      | 0   | 0    | 0   | GET    | /api/isu/c47ea2c1-0fe8-474b-924f-0fbfabe16169       | 0.004 | 0.112 | 0.208    | 0.035 | 0.112 | 0.112 | 0.112 | 0.038  | 117.000   | 117.000   | 702.000       | 117.000   |
| 33     | 0   | 33     | 0   | 0    | 0   | GET    | /api/isu/d6794b13-f101-41f6-ac71-0e44318ca2d5       | 0.004 | 0.848 | 1.080    | 0.033 | 0.008 | 0.136 | 0.848 | 0.146  | 131.000   | 131.000   | 4323.000      | 131.000   |
| 4      | 0   | 4      | 0   | 0    | 0   | GET    | /api/isu/d1dfffe6-1efa-4f33-9f12-cc4f2ff76aa0       | 0.000 | 0.092 | 0.128    | 0.032 | 0.092 | 0.092 | 0.092 | 0.037  | 123.000   | 123.000   | 492.000       | 123.000   |
| 1      | 0   | 1      | 0   | 0    | 0   | GET    | /api/isu/c5a9a7ca-bac7-42b8-b3d1-6a9ae08bdb03       | 0.032 | 0.032 | 0.032    | 0.032 | 0.032 | 0.032 | 0.032 | 0.000  | 117.000   | 117.000   | 117.000       | 117.000   |
| 4      | 0   | 4      | 0   | 0    | 0   | GET    | /api/isu/fbc35e02-b2bb-419e-9330-e3f315acf4fc/graph | 0.012 | 0.052 | 0.128    | 0.032 | 0.052 | 0.052 | 0.052 | 0.018  | 1970.000  | 2818.000  | 9851.000      | 2462.750  |
| 4      | 0   | 4      | 0   | 0    | 0   | GET    | /api/isu/ef90f5a5-0e0c-4153-ac3b-24b3011bc42c       | 0.008 | 0.052 | 0.128    | 0.032 | 0.052 | 0.052 | 0.052 | 0.019  | 120.000   | 120.000   | 480.000       | 120.000   |
| 4      | 0   | 4      | 0   | 0    | 0   | GET    | /api/isu/cce90432-d889-470d-a34d-82ac2bcd7e71       | 0.012 | 0.064 | 0.112    | 0.028 | 0.064 | 0.064 | 0.064 | 0.024  | 114.000   | 114.000   | 456.000       | 114.000   |
| 10     | 0   | 10     | 0   | 0    | 0   | GET    | /api/isu/b3c89ff0-7fb8-49c3-bbae-ef88eb021813       | 0.048 | 0.136 | 0.272    | 0.027 | 0.048 | 0.136 | 0.136 | 0.040  | 123.000   | 123.000   | 1230.000      | 123.000   |
| 7      | 0   | 7      | 0   | 0    | 0   | GET    | /api/isu/e5c237a3-857d-4720-81fa-a224c13250ea       | 0.004 | 0.056 | 0.184    | 0.026 | 0.056 | 0.056 | 0.056 | 0.020  | 126.000   | 126.000   | 882.000       | 126.000   |
| 9      | 0   | 7      | 0   | 2    | 0   | GET    | /api/isu/ec955f72-2756-441f-b2a3-533be52560fc       | 0.012 | 0.080 | 0.236    | 0.026 | 0.080 | 0.080 | 0.080 | 0.028  | 14.000    | 117.000   | 854.000       | 94.889    |
| 25523  | 0   | 25320  | 0   | 203  | 0   | GET    | /api/trend                                          | 0.312 | 1.064 | 666.309  | 0.026 | 0.064 | 0.128 | 0.332 | 0.070  | 0.000     | 17521.000 | 248208751.000 | 9724.905  |
| 2      | 0   | 2      | 0   | 0    | 0   | GET    | /api/isu/f5753898-0429-4abc-b653-9af4a3ea21cd/graph | 0.004 | 0.048 | 0.052    | 0.026 | 0.048 | 0.048 | 0.048 | 0.022  | 1970.000  | 2360.000  | 4330.000      | 2165.000  |
| 4      | 0   | 4      | 0   | 0    | 0   | GET    | /api/isu/e1f83a05-ae6c-4a91-b69e-312ca9ed0145       | 0.004 | 0.060 | 0.104    | 0.026 | 0.060 | 0.060 | 0.060 | 0.021  | 123.000   | 123.000   | 492.000       | 123.000   |
| 7      | 0   | 7      | 0   | 0    | 0   | GET    | /api/isu/f33a5479-be96-422a-abdf-108d57c30ec0       | 0.000 | 0.120 | 0.180    | 0.026 | 0.120 | 0.120 | 0.120 | 0.040  | 114.000   | 114.000   | 798.000       | 114.000   |
| 5      | 0   | 5      | 0   | 0    | 0   | GET    | /api/isu/ad59d708-bb15-41df-9d6b-99c5d1fb9572/graph | 0.004 | 0.100 | 0.128    | 0.026 | 0.100 | 0.100 | 0.100 | 0.038  | 2161.000  | 2638.000  | 12215.000     | 2443.000  |
| 13     | 0   | 13     | 0   | 0    | 0   | GET    | /api/isu/c5acdfe3-750b-4ef8-b04d-9773f4c0f7a9/graph | 0.000 | 0.212 | 0.328    | 0.025 | 0.020 | 0.212 | 0.212 | 0.055  | 1970.000  | 3696.000  | 33766.000     | 2597.385  |
| 4      | 0   | 4      | 0   | 0    | 0   | GET    | /api/isu/e1250d35-e2f9-49d5-8a81-3f70493c2ede       | 0.004 | 0.076 | 0.100    | 0.025 | 0.076 | 0.076 | 0.076 | 0.030  | 120.000   | 120.000   | 480.000       | 120.000   |
| 4      | 0   | 4      | 0   | 0    | 0   | GET    | /api/isu/e457973f-5950-423d-8a00-73d1731ff70c       | 0.004 | 0.080 | 0.100    | 0.025 | 0.080 | 0.080 | 0.080 | 0.032  | 126.000   | 126.000   | 504.000       | 126.000   |
| 9652   | 0   | 9372   | 0   | 280  | 0   | GET    | /api/condition/[a-z0-9-]+                           | 0.004 | 1.004 | 238.861  | 0.025 | 0.060 | 0.128 | 0.368 | 0.070  | 0.000     | 6522.000  | 37110721.000  | 3844.874  |
| 3      | 0   | 3      | 0   | 0    | 0   | GET    | /api/isu/c47ea2c1-0fe8-474b-924f-0fbfabe16169/graph | 0.008 | 0.036 | 0.072    | 0.024 | 0.036 | 0.036 | 0.036 | 0.012  | 2161.000  | 2633.000  | 7349.000      | 2449.667  |
| 2      | 0   | 2      | 0   | 0    | 0   | GET    | /api/isu/c4a9c4af-3826-4bb1-a51e-3d575d8ae585/graph | 0.020 | 0.028 | 0.048    | 0.024 | 0.028 | 0.028 | 0.028 | 0.004  | 2350.000  | 3107.000  | 5457.000      | 2728.500  |
| 2      | 0   | 2      | 0   | 0    | 0   | GET    | /api/isu/c2f1d555-7dd2-483e-a1a0-174171a619a6       | 0.048 | 0.048 | 0.048    | 0.024 | 0.048 | 0.048 | 0.048 | 0.024  | 129.000   | 129.000   | 258.000       | 129.000   |
| 12     | 0   | 12     | 0   | 0    | 0   | GET    | /api/isu/f1d3c2ac-890e-4624-8c74-a2aa42ea8e06/graph | 0.004 | 0.084 | 0.284    | 0.024 | 0.076 | 0.084 | 0.084 | 0.026  | 1970.000  | 3317.000  | 34237.000     | 2853.083  |
| 4      | 0   | 4      | 0   | 0    | 0   | GET    | /api/isu/ec037ae0-eb6d-4fc0-b44f-dbc4f90b3a3e/graph | 0.044 | 0.044 | 0.092    | 0.023 | 0.044 | 0.044 | 0.044 | 0.021  | 2246.000  | 3420.000  | 11436.000     | 2859.000  |
| 8      | 0   | 8      | 0   | 0    | 0   | GET    | /api/isu/f33a5479-be96-422a-abdf-108d57c30ec0/graph | 0.004 | 0.076 | 0.184    | 0.023 | 0.076 | 0.076 | 0.076 | 0.022  | 2360.000  | 3506.000  | 23133.000     | 2891.625  |
| 7      | 0   | 3      | 0   | 4    | 0   | GET    | /api/isu/e1f83a05-ae6c-4a91-b69e-312ca9ed0145/graph | 0.004 | 0.084 | 0.160    | 0.023 | 0.084 | 0.084 | 0.084 | 0.030  | 14.000    | 3194.000  | 7861.000      | 1123.000  |
| 26     | 0   | 26     | 0   | 0    | 0   | GET    | /api/isu/ac9ce689-f59a-417a-a047-d63838410018/graph | 0.016 | 0.116 | 0.592    | 0.023 | 0.064 | 0.104 | 0.116 | 0.029  | 1970.000  | 3781.000  | 69921.000     | 2689.269  |
| 19     | 0   | 18     | 0   | 1    | 0   | GET    | /api/isu/b0246a5b-e77e-4805-880f-8c7c17218593       | 0.100 | 0.268 | 0.416    | 0.022 | 0.100 | 0.268 | 0.268 | 0.062  | 0.000     | 114.000   | 2052.000      | 108.000   |
| 7      | 0   | 7      | 0   | 0    | 0   | GET    | /api/isu/bcd7d6f5-0f40-4e22-9960-f2b78f57616a       | 0.012 | 0.056 | 0.152    | 0.022 | 0.056 | 0.056 | 0.056 | 0.016  | 117.000   | 117.000   | 819.000       | 117.000   |
| 8      | 0   | 8      | 0   | 0    | 0   | GET    | /api/isu/ce62cc9f-a6e0-48f1-aacf-6a1e1cde5741/graph | 0.004 | 0.064 | 0.172    | 0.021 | 0.064 | 0.064 | 0.064 | 0.019  | 2351.000  | 3869.000  | 22678.000     | 2834.750  |
| 4      | 0   | 4      | 0   | 0    | 0   | GET    | /api/isu/d4f643b9-6e7f-4e85-8fac-500262e603d4       | 0.012 | 0.072 | 0.084    | 0.021 | 0.072 | 0.072 | 0.072 | 0.030  | 129.000   | 129.000   | 516.000       | 129.000   |
| 10     | 0   | 10     | 0   | 0    | 0   | GET    | /api/isu/d98a8301-82db-44cb-b346-b8a0b6ba3111       | 0.076 | 0.076 | 0.208    | 0.021 | 0.068 | 0.076 | 0.076 | 0.030  | 138.000   | 138.000   | 1380.000      | 138.000   |
| 23     | 0   | 23     | 0   | 0    | 0   | GET    | /api/isu/b8525039-d032-4952-a979-0764c1d607df       | 0.020 | 0.180 | 0.472    | 0.021 | 0.020 | 0.168 | 0.180 | 0.048  | 117.000   | 117.000   | 2691.000      | 117.000   |
| 2      | 0   | 2      | 0   | 0    | 0   | GET    | /api/isu/e457973f-5950-423d-8a00-73d1731ff70c/graph | 0.016 | 0.024 | 0.040    | 0.020 | 0.024 | 0.024 | 0.024 | 0.004  | 2161.000  | 2358.000  | 4519.000      | 2259.500  |
| 1      | 0   | 1      | 0   | 0    | 0   | GET    | /api/isu/efb8eecf-ba51-4391-9e8e-baa67baa45d4       | 0.020 | 0.020 | 0.020    | 0.020 | 0.020 | 0.020 | 0.020 | 0.000  | 123.000   | 123.000   | 123.000       | 123.000   |
| 4      | 0   | 4      | 0   | 0    | 0   | GET    | /api/isu/e6d28976-8226-4a49-a77a-d7082ecafc7f       | 0.012 | 0.040 | 0.076    | 0.019 | 0.040 | 0.040 | 0.040 | 0.012  | 123.000   | 123.000   | 492.000       | 123.000   |
| 4      | 0   | 4      | 0   | 0    | 0   | GET    | /api/isu/f6c45e4d-d799-4383-9659-9bb040e97069       | 0.004 | 0.068 | 0.076    | 0.019 | 0.068 | 0.068 | 0.068 | 0.028  | 132.000   | 132.000   | 528.000       | 132.000   |
| 4      | 0   | 4      | 0   | 0    | 0   | GET    | /api/isu/a728137c-96e4-4ab4-9a79-8a3df9150f5f       | 0.020 | 0.040 | 0.076    | 0.019 | 0.040 | 0.040 | 0.040 | 0.014  | 115.000   | 115.000   | 460.000       | 115.000   |
| 16     | 0   | 14     | 0   | 2    | 0   | GET    | /api/isu/b00c8b68-0129-46cb-b203-0f5f16de3e87       | 0.004 | 0.096 | 0.300    | 0.019 | 0.076 | 0.096 | 0.096 | 0.029  | 14.000    | 126.000   | 1799.000      | 112.438   |
| 6      | 0   | 6      | 0   | 0    | 0   | GET    | /api/isu/fef9ab92-28f5-43b2-ba20-24405fc11fc7/graph | 0.012 | 0.044 | 0.112    | 0.019 | 0.044 | 0.044 | 0.044 | 0.018  | 2355.000  | 3039.000  | 15246.000     | 2541.000  |
| 40     | 0   | 40     | 0   | 0    | 0   | GET    | /api/isu/ac9ce689-f59a-417a-a047-d63838410018       | 0.000 | 0.180 | 0.740    | 0.018 | 0.044 | 0.092 | 0.180 | 0.037  | 117.000   | 117.000   | 4680.000      | 117.000   |
| 14     | 0   | 14     | 0   | 0    | 0   | GET    | /api/isu/e82e4d39-e77f-447e-863b-4ccf9c8723b0/graph | 0.008 | 0.072 | 0.256    | 0.018 | 0.056 | 0.072 | 0.072 | 0.021  | 1970.000  | 4162.000  | 37527.000     | 2680.500  |
| 4      | 0   | 4      | 0   | 0    | 0   | GET    | /api/isu/c9ec7d24-c1cb-479c-a89c-1ce2ca6de6e4       | 0.016 | 0.052 | 0.072    | 0.018 | 0.052 | 0.052 | 0.052 | 0.020  | 126.000   | 126.000   | 504.000       | 126.000   |
| 9      | 0   | 9      | 0   | 0    | 0   | GET    | /api/isu/b3c89ff0-7fb8-49c3-bbae-ef88eb021813/graph | 0.004 | 0.096 | 0.160    | 0.018 | 0.096 | 0.096 | 0.096 | 0.028  | 1970.000  | 3318.000  | 24620.000     | 2735.556  |
| 6      | 0   | 6      | 0   | 0    | 0   | GET    | /api/isu/cc0d5389-41d3-40a9-89a4-b32a528e9220/graph | 0.000 | 0.068 | 0.104    | 0.017 | 0.068 | 0.068 | 0.068 | 0.023  | 1970.000  | 3510.000  | 14518.000     | 2419.667  |
| 7      | 0   | 7      | 0   | 0    | 0   | GET    | /api/isu/e9fde019-6697-41e5-a3ff-536e6e1bbd53/graph | 0.000 | 0.036 | 0.120    | 0.017 | 0.036 | 0.036 | 0.036 | 0.013  | 2162.000  | 3022.000  | 18107.000     | 2586.714  |
| 83     | 0   | 83     | 0   | 0    | 0   | GET    | /api/isu/f4a6d377-d4df-4e6f-b540-4033103c1294/graph | 0.028 | 0.472 | 1.412    | 0.017 | 0.028 | 0.056 | 0.472 | 0.061  | 1970.000  | 3991.000  | 238336.000    | 2871.518  |
| 4      | 0   | 4      | 0   | 0    | 0   | GET    | /api/isu/d5708249-f575-4e39-aa03-1181820fd73e       | 0.008 | 0.032 | 0.068    | 0.017 | 0.032 | 0.032 | 0.032 | 0.009  | 126.000   | 126.000   | 504.000       | 126.000   |
| 14     | 0   | 14     | 0   | 0    | 0   | GET    | /api/isu/ebb89619-6b42-4cf6-8346-f01c09d15f1c/graph | 0.004 | 0.084 | 0.236    | 0.017 | 0.044 | 0.084 | 0.084 | 0.023  | 1970.000  | 3835.000  | 42201.000     | 3014.357  |
| 10     | 0   | 10     | 0   | 0    | 0   | GET    | /api/isu/ce62cc9f-a6e0-48f1-aacf-6a1e1cde5741       | 0.004 | 0.060 | 0.168    | 0.017 | 0.048 | 0.060 | 0.060 | 0.021  | 117.000   | 117.000   | 1170.000      | 117.000   |
| 5      | 0   | 5      | 0   | 0    | 0   | GET    | /api/isu/f6f0d577-c2f9-4ddf-a909-5af40fa57e85/graph | 0.008 | 0.032 | 0.084    | 0.017 | 0.032 | 0.032 | 0.032 | 0.009  | 1970.000  | 2964.000  | 11037.000     | 2207.400  |
| 7      | 0   | 7      | 0   | 0    | 0   | GET    | /api/isu/a6e9f29a-0edd-4a32-bf78-ce93efbc0f18/graph | 0.004 | 0.048 | 0.116    | 0.017 | 0.048 | 0.048 | 0.048 | 0.014  | 2160.000  | 3500.000  | 18900.000     | 2700.000  |
| 1      | 0   | 1      | 0   | 0    | 0   | GET    | /api/isu/a63c88cb-f73b-4afd-bbc1-5ffb5fb20bb9       | 0.016 | 0.016 | 0.016    | 0.016 | 0.016 | 0.016 | 0.016 | 0.000  | 123.000   | 123.000   | 123.000       | 123.000   |
| 8      | 0   | 8      | 0   | 0    | 0   | GET    | /api/isu/a71551bc-6713-4803-a0be-3ab50299498e/graph | 0.004 | 0.080 | 0.128    | 0.016 | 0.080 | 0.080 | 0.080 | 0.026  | 1970.000  | 3578.000  | 21878.000     | 2734.750  |
| 1      | 0   | 1      | 0   | 0    | 0   | GET    | /api/isu/cccac77f-79d5-4acd-907d-fde2fba472d8       | 0.016 | 0.016 | 0.016    | 0.016 | 0.016 | 0.016 | 0.016 | 0.000  | 117.000   | 117.000   | 117.000       | 117.000   |
| 10     | 0   | 10     | 0   | 0    | 0   | GET    | /api/isu/be3c3139-5a39-4807-a5a7-eea954d8b77b       | 0.004 | 0.056 | 0.156    | 0.016 | 0.036 | 0.056 | 0.056 | 0.019  | 123.000   | 123.000   | 1230.000      | 123.000   |
| 4      | 0   | 4      | 0   | 0    | 0   | GET    | /api/isu/f4c46769-3052-4062-a08a-883af09098db       | 0.052 | 0.052 | 0.060    | 0.015 | 0.052 | 0.052 | 0.052 | 0.022  | 120.000   | 120.000   | 480.000       | 120.000   |
| 4      | 0   | 4      | 0   | 0    | 0   | GET    | /api/isu/ef90f5a5-0e0c-4153-ac3b-24b3011bc42c/graph | 0.008 | 0.032 | 0.060    | 0.015 | 0.032 | 0.032 | 0.032 | 0.010  | 2163.000  | 3036.000  | 10315.000     | 2578.750  |
| 16     | 0   | 16     | 0   | 0    | 0   | GET    | /api/isu/f139b35e-f998-499f-98c7-366086f87b36       | 0.004 | 0.076 | 0.240    | 0.015 | 0.056 | 0.076 | 0.076 | 0.021  | 120.000   | 120.000   | 1920.000      | 120.000   |
| 11     | 0   | 11     | 0   | 0    | 0   | GET    | /api/isu/a0c16715-1b0c-4b5c-b669-55932f3847dc/graph | 0.008 | 0.072 | 0.164    | 0.015 | 0.028 | 0.072 | 0.072 | 0.020  | 1970.000  | 4276.000  | 33231.000     | 3021.000  |
| 8      | 0   | 8      | 0   | 0    | 0   | GET    | /api/isu/ef1f0c52-d05c-44a1-af10-c282e2ce2d9c/graph | 0.004 | 0.052 | 0.116    | 0.014 | 0.052 | 0.052 | 0.052 | 0.018  | 1970.000  | 3566.000  | 21156.000     | 2644.500  |
| 19     | 0   | 19     | 0   | 0    | 0   | GET    | /api/isu/bc9519e1-0198-4bc2-b7a2-814caf499f0f/graph | 0.000 | 0.220 | 0.272    | 0.014 | 0.016 | 0.220 | 0.220 | 0.049  | 1970.000  | 3416.000  | 49449.000     | 2602.579  |
| 7      | 0   | 7      | 0   | 0    | 0   | GET    | /api/isu/be3c3139-5a39-4807-a5a7-eea954d8b77b/graph | 0.016 | 0.032 | 0.100    | 0.014 | 0.032 | 0.032 | 0.032 | 0.010  | 1970.000  | 3475.000  | 18480.000     | 2640.000  |
| 7      | 0   | 7      | 0   | 0    | 0   | GET    | /api/isu/a728137c-96e4-4ab4-9a79-8a3df9150f5f/graph | 0.008 | 0.032 | 0.100    | 0.014 | 0.032 | 0.032 | 0.032 | 0.012  | 2636.000  | 3555.000  | 21441.000     | 3063.000  |
| 1528   | 0   | 1232   | 0   | 296  | 0   | POST   | /api/auth                                           | 0.376 | 0.932 | 21.588   | 0.014 | 0.024 | 0.060 | 0.240 | 0.053  | 0.000     | 19.000    | 3312.000      | 2.168     |
| 6190   | 0   | 5876   | 0   | 314  | 0   | GET    | /api/isu/[0-9]+                                     | 0.004 | 1.000 | 86.371   | 0.014 | 0.028 | 0.064 | 0.188 | 0.047  | 0.000     | 4572.000  | 7206090.000   | 1164.150  |
| 22     | 0   | 22     | 0   | 0    | 0   | GET    | /api/isu/e82e4d39-e77f-447e-863b-4ccf9c8723b0       | 0.004 | 0.080 | 0.304    | 0.014 | 0.020 | 0.032 | 0.080 | 0.017  | 123.000   | 123.000   | 2706.000      | 123.000   |
| 7      | 0   | 7      | 0   | 0    | 0   | GET    | /api/isu/aa169b99-0dfe-4f30-833c-fc65c5ec01ae       | 0.008 | 0.056 | 0.092    | 0.013 | 0.056 | 0.056 | 0.056 | 0.019  | 120.000   | 120.000   | 840.000       | 120.000   |
| 4      | 0   | 4      | 0   | 0    | 0   | GET    | /api/isu/f5753898-0429-4abc-b653-9af4a3ea21cd       | 0.036 | 0.036 | 0.052    | 0.013 | 0.036 | 0.036 | 0.036 | 0.014  | 117.000   | 117.000   | 468.000       | 117.000   |
| 6      | 0   | 6      | 0   | 0    | 0   | GET    | /api/isu/aa169b99-0dfe-4f30-833c-fc65c5ec01ae/graph | 0.052 | 0.052 | 0.076    | 0.013 | 0.052 | 0.052 | 0.052 | 0.018  | 1970.000  | 4085.000  | 17862.000     | 2977.000  |
| 7      | 0   | 7      | 0   | 0    | 0   | GET    | /api/isu/f7f408fc-9a88-4de4-b42d-669ed9dffe31       | 0.000 | 0.048 | 0.088    | 0.013 | 0.048 | 0.048 | 0.048 | 0.016  | 126.000   | 126.000   | 882.000       | 126.000   |
| 66     | 0   | 62     | 0   | 4    | 0   | GET    | /api/isu/f86cc49c-8223-495d-95ed-1b71e20e3e74/graph | 0.004 | 0.280 | 0.812    | 0.012 | 0.028 | 0.044 | 0.280 | 0.037  | 14.000    | 3911.000  | 176361.000    | 2672.136  |
| 43     | 0   | 39     | 0   | 4    | 0   | GET    | /api/isu/ee967498-e0ef-4332-b990-b2e0890b0a27/graph | 0.004 | 0.168 | 0.524    | 0.012 | 0.044 | 0.052 | 0.168 | 0.029  | 14.000    | 3608.000  | 101354.000    | 2357.070  |
| 3      | 0   | 3      | 0   | 0    | 0   | GET    | /api/isu/d02e3e17-6de6-425e-b6de-77ef5bd5695f/graph | 0.004 | 0.028 | 0.036    | 0.012 | 0.028 | 0.028 | 0.028 | 0.011  | 2541.000  | 3116.000  | 8393.000      | 2797.667  |
| 4      | 0   | 4      | 0   | 0    | 0   | GET    | /api/isu/e9fde019-6697-41e5-a3ff-536e6e1bbd53       | 0.004 | 0.044 | 0.048    | 0.012 | 0.044 | 0.044 | 0.044 | 0.019  | 129.000   | 129.000   | 516.000       | 129.000   |
| 7      | 0   | 7      | 0   | 0    | 0   | GET    | /api/isu/a6e9f29a-0edd-4a32-bf78-ce93efbc0f18       | 0.000 | 0.048 | 0.084    | 0.012 | 0.048 | 0.048 | 0.048 | 0.016  | 117.000   | 117.000   | 819.000       | 117.000   |
| 1      | 0   | 1      | 0   | 0    | 0   | GET    | /api/isu/f46c4c3a-c693-47a7-afb4-053785278910       | 0.012 | 0.012 | 0.012    | 0.012 | 0.012 | 0.012 | 0.012 | 0.000  | 120.000   | 120.000   | 120.000       | 120.000   |
| 10     | 0   | 10     | 0   | 0    | 0   | GET    | /api/isu/a7444668-7409-4194-b292-eb1b869aa864/graph | 0.004 | 0.036 | 0.120    | 0.012 | 0.028 | 0.036 | 0.036 | 0.011  | 1970.000  | 3933.000  | 30710.000     | 3071.000  |
| 53     | 0   | 53     | 0   | 0    | 0   | GET    | /api/isu/f4de3b5d-9a16-45e7-b4cb-310c357770ce/graph | 0.004 | 0.176 | 0.616    | 0.012 | 0.016 | 0.076 | 0.176 | 0.031  | 1970.000  | 3848.000  | 141464.000    | 2669.132  |
| 7      | 0   | 7      | 0   | 0    | 0   | GET    | /api/isu/a97206e2-8b33-42ce-8dba-e5b0c6552dab       | 0.016 | 0.024 | 0.080    | 0.011 | 0.024 | 0.024 | 0.024 | 0.008  | 135.000   | 135.000   | 945.000       | 135.000   |
| 71     | 0   | 71     | 0   | 0    | 0   | GET    | /api/isu/d2369558-7de7-4b3e-9514-c40fcc3de0e7       | 0.004 | 0.664 | 0.796    | 0.011 | 0.004 | 0.008 | 0.664 | 0.078  | 125.000   | 125.000   | 8875.000      | 125.000   |
| 4      | 0   | 4      | 0   | 0    | 0   | GET    | /api/isu/f7d178b6-fe61-42d6-98da-7bb8871858ed/graph | 0.008 | 0.016 | 0.044    | 0.011 | 0.016 | 0.016 | 0.016 | 0.003  | 2627.000  | 3115.000  | 11425.000     | 2856.250  |
| 4      | 0   | 4      | 0   | 0    | 0   | GET    | /api/isu/c4ceebcc-3389-4d48-a01b-c9e3a37444db/graph | 0.004 | 0.020 | 0.044    | 0.011 | 0.020 | 0.020 | 0.020 | 0.009  | 2162.000  | 2830.000  | 10049.000     | 2512.250  |
| 68     | 0   | 68     | 0   | 0    | 0   | GET    | /api/isu/d5b2b65a-13c1-49c6-a705-2073e6e390c1/graph | 0.004 | 0.200 | 0.740    | 0.011 | 0.028 | 0.068 | 0.200 | 0.029  | 1970.000  | 4106.000  | 192902.000    | 2836.794  |
| 7      | 0   | 7      | 0   | 0    | 0   | GET    | /api/isu/ef1f0c52-d05c-44a1-af10-c282e2ce2d9c       | 0.032 | 0.040 | 0.076    | 0.011 | 0.040 | 0.040 | 0.040 | 0.016  | 135.000   | 135.000   | 945.000       | 135.000   |
| 7      | 0   | 7      | 0   | 0    | 0   | GET    | /api/isu/a1c73653-e46e-4b7d-8f14-1a0a0f4fe481/graph | 0.008 | 0.020 | 0.076    | 0.011 | 0.020 | 0.020 | 0.020 | 0.005  | 1970.000  | 2736.000  | 17042.000     | 2434.571  |
| 54     | 0   | 54     | 0   | 0    | 0   | GET    | /api/isu/cb6d9339-3437-4fa5-9497-60c3db2b2379/graph | 0.004 | 0.124 | 0.556    | 0.010 | 0.024 | 0.036 | 0.124 | 0.022  | 1970.000  | 3800.000  | 150768.000    | 2792.000  |
| 4      | 0   | 4      | 0   | 0    | 0   | GET    | /api/isu/b4951f73-b442-4986-8e52-44a50152c84c       | 0.016 | 0.016 | 0.040    | 0.010 | 0.016 | 0.016 | 0.016 | 0.006  | 120.000   | 120.000   | 480.000       | 120.000   |
| 2      | 0   | 2      | 0   | 0    | 0   | GET    | /api/isu/b4951f73-b442-4986-8e52-44a50152c84c/graph | 0.020 | 0.020 | 0.020    | 0.010 | 0.020 | 0.020 | 0.020 | 0.010  | 2160.000  | 2162.000  | 4322.000      | 2161.000  |
| 2      | 0   | 2      | 0   | 0    | 0   | GET    | /api/isu/d5708249-f575-4e39-aa03-1181820fd73e/graph | 0.008 | 0.012 | 0.020    | 0.010 | 0.012 | 0.012 | 0.012 | 0.002  | 2849.000  | 3862.000  | 6711.000      | 3355.500  |
| 84     | 0   | 84     | 0   | 0    | 0   | GET    | /api/isu/cb6d9339-3437-4fa5-9497-60c3db2b2379       | 0.040 | 0.316 | 0.812    | 0.010 | 0.008 | 0.020 | 0.316 | 0.038  | 113.000   | 113.000   | 9492.000      | 113.000   |
| 10     | 0   | 10     | 0   | 0    | 0   | GET    | /api/isu/fc249201-7494-40e1-a319-0622fd9f83ab/graph | 0.004 | 0.036 | 0.096    | 0.010 | 0.020 | 0.036 | 0.036 | 0.011  | 2277.000  | 3875.000  | 30690.000     | 3069.000  |
| 10     | 0   | 6      | 0   | 4    | 0   | GET    | /api/isu/d3119127-a423-4782-9a45-1a8c074b2fbe/graph | 0.004 | 0.028 | 0.096    | 0.010 | 0.016 | 0.028 | 0.028 | 0.008  | 14.000    | 3677.000  | 17657.000     | 1765.700  |
| 19     | 0   | 19     | 0   | 0    | 0   | GET    | /api/isu/ebb89619-6b42-4cf6-8346-f01c09d15f1c       | 0.004 | 0.056 | 0.180    | 0.009 | 0.040 | 0.056 | 0.056 | 0.015  | 123.000   | 123.000   | 2337.000      | 123.000   |
| 6947   | 0   | 6901   | 0   | 46   | 0   | GET    | /api/isu                                            | 0.004 | 0.996 | 64.763   | 0.009 | 0.016 | 0.036 | 0.160 | 0.036  | 0.000     | 3792.000  | 14871025.000  | 2140.640  |
| 35     | 0   | 35     | 0   | 0    | 0   | GET    | /api/isu/ab1ab1e5-c998-4fe1-b698-22e191406c71       | 0.004 | 0.100 | 0.324    | 0.009 | 0.024 | 0.052 | 0.100 | 0.019  | 125.000   | 125.000   | 4375.000      | 125.000   |
| 4      | 0   | 4      | 0   | 0    | 0   | GET    | /api/isu/ef1c0d1a-cbef-4bad-8ec9-c0cc97473dbc       | 0.004 | 0.020 | 0.036    | 0.009 | 0.020 | 0.020 | 0.020 | 0.008  | 129.000   | 129.000   | 516.000       | 129.000   |
| 10     | 0   | 10     | 0   | 0    | 0   | GET    | /api/isu/a71551bc-6713-4803-a0be-3ab50299498e       | 0.000 | 0.028 | 0.088    | 0.009 | 0.020 | 0.028 | 0.028 | 0.009  | 120.000   | 120.000   | 1200.000      | 120.000   |
| 6      | 0   | 6      | 0   | 0    | 0   | GET    | /api/isu/f7f408fc-9a88-4de4-b42d-669ed9dffe31/graph | 0.004 | 0.024 | 0.052    | 0.009 | 0.024 | 0.024 | 0.024 | 0.008  | 1970.000  | 3688.000  | 16998.000     | 2833.000  |
| 13     | 0   | 13     | 0   | 0    | 0   | GET    | /api/isu/a0c16715-1b0c-4b5c-b669-55932f3847dc       | 0.020 | 0.032 | 0.112    | 0.009 | 0.020 | 0.032 | 0.032 | 0.010  | 126.000   | 126.000   | 1638.000      | 126.000   |
| 7      | 0   | 7      | 0   | 0    | 0   | GET    | /api/isu/e30e065f-12ad-4d6b-9257-3a8373d00b4f       | 0.008 | 0.016 | 0.060    | 0.009 | 0.016 | 0.016 | 0.016 | 0.006  | 135.000   | 135.000   | 945.000       | 135.000   |
| 34     | 0   | 34     | 0   | 0    | 0   | GET    | /api/isu/aa9f80bf-c880-4ce0-bee2-0b5021699efb       | 0.004 | 0.156 | 0.284    | 0.008 | 0.008 | 0.020 | 0.156 | 0.026  | 116.000   | 116.000   | 3944.000      | 116.000   |
| 166146 | 0   | 164321 | 0   | 1819 | 6   | POST   | /api/condition/[a-z0-9-]+                           | 0.004 | 0.434 | 1338.989 | 0.008 | 0.020 | 0.032 | 0.100 | 0.019  | 0.000     | 0.000     | 0.000         | 0.000     |
| 2      | 0   | 2      | 0   | 0    | 0   | GET    | /api/isu/f4c46769-3052-4062-a08a-883af09098db/graph | 0.008 | 0.008 | 0.016    | 0.008 | 0.008 | 0.008 | 0.008 | 0.000  | 1970.000  | 2747.000  | 4717.000      | 2358.500  |
| 1      | 0   | 1      | 0   | 0    | 0   | GET    | /api/isu/ad1d177b-4445-4279-a507-1287d2e260e5       | 0.008 | 0.008 | 0.008    | 0.008 | 0.008 | 0.008 | 0.008 | 0.000  | 118.000   | 118.000   | 118.000       | 118.000   |
| 1      | 0   | 1      | 0   | 0    | 0   | GET    | /api/isu/f6d2103d-3749-415d-bf7c-503b778a6316       | 0.008 | 0.008 | 0.008    | 0.008 | 0.008 | 0.008 | 0.008 | 0.000  | 120.000   | 120.000   | 120.000       | 120.000   |
| 1      | 0   | 1      | 0   | 0    | 0   | GET    | /api/isu/a2e6f278-0be1-41fe-aea8-bd51a92c0c32       | 0.008 | 0.008 | 0.008    | 0.008 | 0.008 | 0.008 | 0.008 | 0.000  | 123.000   | 123.000   | 123.000       | 123.000   |
| 4      | 0   | 4      | 0   | 0    | 0   | GET    | /api/isu/fe970835-dba5-4b7a-925a-5316f293f3f4       | 0.000 | 0.028 | 0.032    | 0.008 | 0.028 | 0.028 | 0.028 | 0.012  | 126.000   | 126.000   | 504.000       | 126.000   |
| 3      | 0   | 3      | 0   | 0    | 0   | GET    | /api/isu/fe970835-dba5-4b7a-925a-5316f293f3f4/graph | 0.004 | 0.020 | 0.024    | 0.008 | 0.020 | 0.020 | 0.020 | 0.009  | 1970.000  | 2551.000  | 7071.000      | 2357.000  |
| 1      | 0   | 1      | 0   | 0    | 0   | GET    | /api/isu/cd92e2c4-af2f-4d89-9b4d-776d994ddf6c       | 0.008 | 0.008 | 0.008    | 0.008 | 0.008 | 0.008 | 0.008 | 0.000  | 129.000   | 129.000   | 129.000       | 129.000   |
| 1      | 0   | 1      | 0   | 0    | 0   | GET    | /api/isu/ff7aec13-30d4-4023-ae22-fd357cdee237       | 0.008 | 0.008 | 0.008    | 0.008 | 0.008 | 0.008 | 0.008 | 0.000  | 123.000   | 123.000   | 123.000       | 123.000   |
| 2      | 0   | 2      | 0   | 0    | 0   | GET    | /api/isu/d1dfffe6-1efa-4f33-9f12-cc4f2ff76aa0/graph | 0.004 | 0.012 | 0.016    | 0.008 | 0.012 | 0.012 | 0.012 | 0.004  | 2161.000  | 2741.000  | 4902.000      | 2451.000  |
| 1      | 0   | 1      | 0   | 0    | 0   | GET    | /api/isu/d61e0928-acf4-4323-8ede-2b46d3dcaa77       | 0.008 | 0.008 | 0.008    | 0.008 | 0.008 | 0.008 | 0.008 | 0.000  | 111.000   | 111.000   | 111.000       | 111.000   |
| 1      | 0   | 1      | 0   | 0    | 0   | GET    | /api/isu/a1a080df-1072-40c6-b15b-2a61a0d15048       | 0.008 | 0.008 | 0.008    | 0.008 | 0.008 | 0.008 | 0.008 | 0.000  | 120.000   | 120.000   | 120.000       | 120.000   |
| 4      | 0   | 4      | 0   | 0    | 0   | GET    | /api/isu/f7d178b6-fe61-42d6-98da-7bb8871858ed       | 0.016 | 0.016 | 0.032    | 0.008 | 0.016 | 0.016 | 0.016 | 0.006  | 114.000   | 114.000   | 456.000       | 114.000   |
| 4      | 0   | 4      | 0   | 0    | 0   | GET    | /api/isu/a0ddf0ad-66b2-4629-ae44-73cfbf118455       | 0.000 | 0.020 | 0.032    | 0.008 | 0.020 | 0.020 | 0.020 | 0.007  | 115.000   | 115.000   | 460.000       | 115.000   |
| 49     | 0   | 49     | 0   | 0    | 0   | GET    | /api/isu/f36ceeb3-9c0b-437a-8140-267665b6ba17/graph | 0.004 | 0.132 | 0.388    | 0.008 | 0.020 | 0.028 | 0.132 | 0.020  | 1970.000  | 5489.000  | 150606.000    | 3073.592  |
| 44     | 0   | 44     | 0   | 0    | 0   | GET    | /api/isu/e989e6e1-2b65-4d75-8969-088e5c84ac6e/graph | 0.008 | 0.172 | 0.344    | 0.008 | 0.012 | 0.024 | 0.172 | 0.026  | 1970.000  | 3882.000  | 109749.000    | 2494.295  |
| 43     | 0   | 43     | 0   | 0    | 0   | GET    | /api/isu/b1abcb07-b140-4f91-af75-074997a6e8d9/graph | 0.004 | 0.160 | 0.328    | 0.008 | 0.012 | 0.036 | 0.160 | 0.025  | 1970.000  | 4372.000  | 127166.000    | 2957.349  |
| 9      | 0   | 9      | 0   | 0    | 0   | GET    | /api/isu/b0246a5b-e77e-4805-880f-8c7c17218593/graph | 0.004 | 0.024 | 0.068    | 0.008 | 0.024 | 0.024 | 0.024 | 0.007  | 1970.000  | 3803.000  | 24377.000     | 2708.556  |
| 8      | 0   | 8      | 0   | 0    | 0   | GET    | /api/isu/f73264b6-caef-4d64-b98b-b9f5769174a2/graph | 0.004 | 0.020 | 0.060    | 0.007 | 0.020 | 0.020 | 0.020 | 0.006  | 1970.000  | 4352.000  | 25899.000     | 3237.375  |
| 84     | 0   | 84     | 0   | 0    | 0   | GET    | /api/isu/bcf01bff-49b6-4736-93ab-ceddeab07371       | 0.004 | 0.192 | 0.624    | 0.007 | 0.008 | 0.032 | 0.192 | 0.026  | 122.000   | 122.000   | 10248.000     | 122.000   |
| 7      | 0   | 7      | 0   | 0    | 0   | GET    | /api/isu/a1c73653-e46e-4b7d-8f14-1a0a0f4fe481       | 0.000 | 0.012 | 0.048    | 0.007 | 0.012 | 0.012 | 0.012 | 0.004  | 126.000   | 126.000   | 882.000       | 126.000   |
| 26     | 0   | 26     | 0   | 0    | 0   | GET    | /api/isu/cd712320-de30-46eb-b606-82e7c9e43995/graph | 0.004 | 0.040 | 0.172    | 0.007 | 0.020 | 0.028 | 0.040 | 0.010  | 1970.000  | 3660.000  | 69151.000     | 2659.654  |
| 20     | 0   | 20     | 0   | 0    | 0   | GET    | /api/isu/d6794b13-f101-41f6-ac71-0e44318ca2d5/graph | 0.012 | 0.032 | 0.128    | 0.006 | 0.012 | 0.028 | 0.032 | 0.009  | 1970.000  | 4295.000  | 59797.000     | 2989.850  |
| 13     | 0   | 13     | 0   | 0    | 0   | GET    | /api/isu/f1d3c2ac-890e-4624-8c74-a2aa42ea8e06       | 0.004 | 0.036 | 0.080    | 0.006 | 0.012 | 0.036 | 0.036 | 0.009  | 123.000   | 123.000   | 1599.000      | 123.000   |
| 25     | 0   | 25     | 0   | 0    | 0   | GET    | /api/isu/aa9f80bf-c880-4ce0-bee2-0b5021699efb/graph | 0.004 | 0.028 | 0.152    | 0.006 | 0.020 | 0.024 | 0.028 | 0.007  | 1970.000  | 3997.000  | 69045.000     | 2761.800  |
| 2      | 0   | 0      | 0   | 2    | 0   | GET    | /api/isu/e989e6e1-2b65-4d75-8969-088e5c84ac6e/icon  | 0.004 | 0.008 | 0.012    | 0.006 | 0.008 | 0.008 | 0.008 | 0.002  | 14.000    | 21.000    | 35.000        | 17.500    |
| 27     | 0   | 27     | 0   | 0    | 0   | GET    | /api/isu/ee2f7f76-ad18-44a4-a0c6-3b5c9326264b/graph | 0.004 | 0.036 | 0.160    | 0.006 | 0.020 | 0.028 | 0.036 | 0.009  | 1970.000  | 3606.000  | 72537.000     | 2686.556  |
| 19     | 0   | 19     | 0   | 0    | 0   | GET    | /api/isu/c5acdfe3-750b-4ef8-b04d-9773f4c0f7a9       | 0.004 | 0.020 | 0.112    | 0.006 | 0.016 | 0.020 | 0.020 | 0.006  | 123.000   | 123.000   | 2337.000      | 123.000   |
| 16     | 0   | 16     | 0   | 0    | 0   | GET    | /api/isu/a7444668-7409-4194-b292-eb1b869aa864       | 0.004 | 0.028 | 0.092    | 0.006 | 0.020 | 0.028 | 0.028 | 0.008  | 123.000   | 123.000   | 1968.000      | 123.000   |
| 33     | 0   | 33     | 0   | 0    | 0   | GET    | /api/isu/e84dc18f-c68f-42f7-ba50-aa06764ec10a/graph | 0.004 | 0.040 | 0.176    | 0.005 | 0.008 | 0.024 | 0.040 | 0.008  | 1970.000  | 3700.000  | 90841.000     | 2752.758  |
| 6      | 0   | 6      | 0   | 0    | 0   | GET    | /api/isu/a1984b70-0dbe-47bb-bb3a-2b19cefd389a/graph | 0.008 | 0.012 | 0.032    | 0.005 | 0.012 | 0.012 | 0.012 | 0.004  | 1970.000  | 3800.000  | 17964.000     | 2994.000  |
| 3      | 0   | 3      | 0   | 0    | 0   | GET    | /api/isu/f6c45e4d-d799-4383-9659-9bb040e97069/graph | 0.000 | 0.016 | 0.016    | 0.005 | 0.016 | 0.016 | 0.016 | 0.008  | 2353.000  | 2695.000  | 7720.000      | 2573.333  |
| 7      | 0   | 7      | 0   | 0    | 0   | GET    | /api/isu/fc249201-7494-40e1-a319-0622fd9f83ab       | 0.004 | 0.012 | 0.036    | 0.005 | 0.012 | 0.012 | 0.012 | 0.005  | 121.000   | 121.000   | 847.000       | 121.000   |
| 100    | 0   | 100    | 0   | 0    | 0   | GET    | /api/isu/f4a6d377-d4df-4e6f-b540-4033103c1294       | 0.020 | 0.108 | 0.512    | 0.005 | 0.008 | 0.024 | 0.072 | 0.014  | 125.000   | 125.000   | 12500.000     | 125.000   |
| 93     | 0   | 93     | 0   | 0    | 0   | GET    | /api/isu/ecd1dea8-352b-4c7a-8fd9-40d1ce9b4976/graph | 0.004 | 0.072 | 0.472    | 0.005 | 0.012 | 0.020 | 0.072 | 0.010  | 1970.000  | 4222.000  | 289846.000    | 3116.624  |
| 5      | 0   | 5      | 0   | 0    | 0   | GET    | /api/isu/c112bd24-a03c-4402-9382-a2f8938c106c/graph | 0.008 | 0.008 | 0.024    | 0.005 | 0.008 | 0.008 | 0.008 | 0.003  | 1970.000  | 3507.000  | 13366.000     | 2673.200  |
| 6      | 0   | 6      | 0   | 0    | 0   | GET    | /api/isu/e30e065f-12ad-4d6b-9257-3a8373d00b4f/graph | 0.004 | 0.008 | 0.028    | 0.005 | 0.008 | 0.008 | 0.008 | 0.003  | 1970.000  | 3140.000  | 15360.000     | 2560.000  |
| 47     | 0   | 47     | 0   | 0    | 0   | GET    | /api/isu/efd5d643-e99a-402b-adc6-f9c6106e1ccd/graph | 0.004 | 0.056 | 0.216    | 0.005 | 0.008 | 0.012 | 0.056 | 0.008  | 1970.000  | 3857.000  | 127255.000    | 2707.553  |
| 55     | 0   | 55     | 0   | 0    | 0   | GET    | /api/isu/ee967498-e0ef-4332-b990-b2e0890b0a27       | 0.004 | 0.060 | 0.252    | 0.005 | 0.008 | 0.024 | 0.060 | 0.011  | 113.000   | 113.000   | 6215.000      | 113.000   |
| 22     | 0   | 18     | 0   | 4    | 0   | GET    | /api/isu/e6eaa94e-0fd4-4d74-b23e-50fde1384092/graph | 0.004 | 0.020 | 0.100    | 0.005 | 0.008 | 0.020 | 0.020 | 0.006  | 14.000    | 3718.000  | 46225.000     | 2101.136  |
| 31     | 0   | 31     | 0   | 0    | 0   | GET    | /api/isu/bc9519e1-0198-4bc2-b7a2-814caf499f0f       | 0.004 | 0.024 | 0.132    | 0.004 | 0.008 | 0.020 | 0.024 | 0.006  | 119.000   | 119.000   | 3689.000      | 119.000   |
| 65     | 0   | 65     | 0   | 0    | 0   | GET    | /api/isu/bcf01bff-49b6-4736-93ab-ceddeab07371/graph | 0.004 | 0.024 | 0.260    | 0.004 | 0.012 | 0.012 | 0.024 | 0.005  | 1970.000  | 3979.000  | 186272.000    | 2865.723  |
| 1      | 0   | 1      | 0   | 0    | 0   | GET    | /api/isu/e82f4f66-f379-48aa-95d3-abd7c4f09e9d       | 0.004 | 0.004 | 0.004    | 0.004 | 0.004 | 0.004 | 0.004 | 0.000  | 111.000   | 111.000   | 111.000       | 111.000   |
| 1      | 0   | 1      | 0   | 0    | 0   | GET    | /api/isu/df307b93-64d6-4a09-be0d-71639cdd5318       | 0.004 | 0.004 | 0.004    | 0.004 | 0.004 | 0.004 | 0.004 | 0.000  | 114.000   | 114.000   | 114.000       | 114.000   |
| 1      | 0   | 1      | 0   | 0    | 0   | GET    | /api/isu/fbeb5a7b-62b3-4a23-883e-8734ee5c5f90       | 0.004 | 0.004 | 0.004    | 0.004 | 0.004 | 0.004 | 0.004 | 0.000  | 120.000   | 120.000   | 120.000       | 120.000   |
| 2      | 0   | 0      | 0   | 2    | 0   | GET    | /api/isu/b00c8b68-0129-46cb-b203-0f5f16de3e87/icon  | 0.000 | 0.008 | 0.008    | 0.004 | 0.008 | 0.008 | 0.008 | 0.004  | 14.000    | 21.000    | 35.000        | 17.500    |
| 2      | 0   | 0      | 0   | 2    | 0   | GET    | /api/isu/b222e794-e349-4eeb-b1ff-143dcb27b830/icon  | 0.000 | 0.008 | 0.008    | 0.004 | 0.008 | 0.008 | 0.008 | 0.004  | 14.000    | 21.000    | 35.000        | 17.500    |
| 1      | 0   | 1      | 0   | 0    | 0   | GET    | /api/isu/ecd0904e-42c2-4a6e-93ba-0c62c6b19d0b       | 0.004 | 0.004 | 0.004    | 0.004 | 0.004 | 0.004 | 0.004 | 0.000  | 129.000   | 129.000   | 129.000       | 129.000   |
| 54     | 0   | 50     | 0   | 4    | 0   | GET    | /api/isu/ba74ee9c-4a7a-41f2-96e2-eeac8aaf7b4f/graph | 0.008 | 0.036 | 0.216    | 0.004 | 0.008 | 0.024 | 0.036 | 0.007  | 14.000    | 3705.000  | 128575.000    | 2381.019  |
| 69     | 0   | 67     | 0   | 2    | 0   | GET    | /api/isu/f4de3b5d-9a16-45e7-b4cb-310c357770ce       | 0.048 | 0.048 | 0.276    | 0.004 | 0.008 | 0.016 | 0.048 | 0.010  | 14.000    | 122.000   | 8209.000      | 118.971   |
| 1      | 0   | 1      | 0   | 0    | 0   | GET    | /api/isu/b222e794-e349-4eeb-b1ff-143dcb27b830       | 0.004 | 0.004 | 0.004    | 0.004 | 0.004 | 0.004 | 0.004 | 0.000  | 111.000   | 111.000   | 111.000       | 111.000   |
| 3      | 0   | 3      | 0   | 0    | 0   | GET    | /api/isu/a0ddf0ad-66b2-4629-ae44-73cfbf118455/graph | 0.000 | 0.012 | 0.012    | 0.004 | 0.012 | 0.012 | 0.012 | 0.006  | 2543.000  | 3268.000  | 8452.000      | 2817.333  |
| 1      | 0   | 1      | 0   | 0    | 0   | GET    | /api/isu/d8c4d4eb-0e7b-446e-bc10-7c6f14411785       | 0.004 | 0.004 | 0.004    | 0.004 | 0.004 | 0.004 | 0.004 | 0.000  | 126.000   | 126.000   | 126.000       | 126.000   |
| 2      | 0   | 0      | 0   | 2    | 0   | GET    | /api/isu/cd712320-de30-46eb-b606-82e7c9e43995/icon  | 0.004 | 0.004 | 0.008    | 0.004 | 0.004 | 0.004 | 0.004 | 0.000  | 14.000    | 21.000    | 35.000        | 17.500    |
| 2      | 0   | 2      | 0   | 0    | 0   | GET    | /api/isu/f0c79965-7af3-4052-babf-bfe5488eae10/graph | 0.008 | 0.008 | 0.008    | 0.004 | 0.008 | 0.008 | 0.008 | 0.004  | 2732.000  | 3004.000  | 5736.000      | 2868.000  |
| 1      | 0   | 1      | 0   | 0    | 0   | GET    | /api/isu/bb987647-1403-4c5a-93a6-85d3b2d883bc       | 0.004 | 0.004 | 0.004    | 0.004 | 0.004 | 0.004 | 0.004 | 0.000  | 129.000   | 129.000   | 129.000       | 129.000   |
| 1      | 0   | 1      | 0   | 0    | 0   | GET    | /api/isu/e80b18bb-36fa-4f34-bbb4-ede66a35e89f       | 0.004 | 0.004 | 0.004    | 0.004 | 0.004 | 0.004 | 0.004 | 0.000  | 120.000   | 120.000   | 120.000       | 120.000   |
| 64     | 0   | 64     | 0   | 0    | 0   | GET    | /api/isu/efd5d643-e99a-402b-adc6-f9c6106e1ccd       | 0.004 | 0.124 | 0.240    | 0.004 | 0.004 | 0.008 | 0.124 | 0.015  | 116.000   | 116.000   | 7424.000      | 116.000   |
| 27     | 0   | 27     | 0   | 0    | 0   | GET    | /api/isu/b4d399ab-ad65-4c3b-b3f3-7461a666aa09/graph | 0.004 | 0.024 | 0.100    | 0.004 | 0.008 | 0.012 | 0.024 | 0.005  | 1970.000  | 4072.000  | 74669.000     | 2765.519  |
| 43     | 0   | 43     | 0   | 0    | 0   | GET    | /api/isu/b4d399ab-ad65-4c3b-b3f3-7461a666aa09       | 0.020 | 0.056 | 0.156    | 0.004 | 0.008 | 0.012 | 0.056 | 0.009  | 113.000   | 113.000   | 4859.000      | 113.000   |
| 39     | 0   | 39     | 0   | 0    | 0   | GET    | /api/isu/a05d151a-0394-4b2c-829c-c16cfb110cc9/graph | 0.012 | 0.028 | 0.140    | 0.004 | 0.012 | 0.016 | 0.028 | 0.006  | 1970.000  | 4342.000  | 108586.000    | 2784.256  |
| 46     | 0   | 46     | 0   | 0    | 0   | GET    | /api/isu/b362d5cf-38a1-4220-958e-1bfed82eabc3/graph | 0.004 | 0.024 | 0.164    | 0.004 | 0.008 | 0.012 | 0.024 | 0.005  | 1970.000  | 4344.000  | 128575.000    | 2795.109  |
| 79     | 0   | 79     | 0   | 0    | 0   | GET    | /api/isu/d5b2b65a-13c1-49c6-a705-2073e6e390c1       | 0.004 | 0.084 | 0.272    | 0.003 | 0.008 | 0.012 | 0.084 | 0.011  | 117.000   | 117.000   | 9243.000      | 117.000   |
| 13     | 0   | 13     | 0   | 0    | 0   | GET    | /api/isu/f73264b6-caef-4d64-b98b-b9f5769174a2       | 0.004 | 0.020 | 0.044    | 0.003 | 0.008 | 0.020 | 0.020 | 0.006  | 128.000   | 128.000   | 1664.000      | 128.000   |
| 40     | 0   | 40     | 0   | 0    | 0   | GET    | /api/isu/cd712320-de30-46eb-b606-82e7c9e43995       | 0.004 | 0.060 | 0.128    | 0.003 | 0.004 | 0.008 | 0.060 | 0.009  | 113.000   | 113.000   | 4520.000      | 113.000   |
| 33     | 0   | 31     | 0   | 2    | 0   | GET    | /api/isu/e6eaa94e-0fd4-4d74-b23e-50fde1384092       | 0.004 | 0.012 | 0.104    | 0.003 | 0.008 | 0.012 | 0.012 | 0.004  | 14.000    | 113.000   | 3538.000      | 107.212   |
| 1089   | 0   | 1052   | 0   | 37   | 0   | POST   | /api/signout                                        | 0.008 | 0.080 | 3.388    | 0.003 | 0.008 | 0.012 | 0.036 | 0.007  | 0.000     | 21.000    | 777.000       | 0.713     |
| 4      | 0   | 4      | 0   | 0    | 0   | GET    | /api/isu/c4ceebcc-3389-4d48-a01b-c9e3a37444db       | 0.000 | 0.004 | 0.012    | 0.003 | 0.004 | 0.004 | 0.004 | 0.002  | 111.000   | 111.000   | 444.000       | 111.000   |
| 4      | 0   | 4      | 0   | 0    | 0   | GET    | /api/isu/f0c79965-7af3-4052-babf-bfe5488eae10       | 0.004 | 0.004 | 0.012    | 0.003 | 0.004 | 0.004 | 0.004 | 0.002  | 118.000   | 118.000   | 472.000       | 118.000   |
| 2209   | 0   | 1124   | 0   | 1085 | 0   | GET    | /api/user/me                                        | 0.004 | 0.080 | 6.624    | 0.003 | 0.008 | 0.012 | 0.032 | 0.006  | 21.000    | 40.000    | 59594.000     | 26.978    |
| 70     | 0   | 70     | 0   | 0    | 0   | GET    | /api/isu/f36ceeb3-9c0b-437a-8140-267665b6ba17       | 0.004 | 0.036 | 0.204    | 0.003 | 0.008 | 0.012 | 0.036 | 0.006  | 125.000   | 125.000   | 8750.000      | 125.000   |
| 61     | 0   | 61     | 0   | 0    | 0   | GET    | /api/isu/ba74ee9c-4a7a-41f2-96e2-eeac8aaf7b4f       | 0.004 | 0.028 | 0.176    | 0.003 | 0.008 | 0.012 | 0.028 | 0.005  | 125.000   | 125.000   | 7625.000      | 125.000   |
| 67     | 0   | 67     | 0   | 0    | 0   | GET    | /api/isu/e989e6e1-2b65-4d75-8969-088e5c84ac6e       | 0.016 | 0.016 | 0.192    | 0.003 | 0.008 | 0.012 | 0.016 | 0.004  | 125.000   | 125.000   | 8375.000      | 125.000   |
| 59     | 0   | 59     | 0   | 0    | 0   | GET    | /api/isu/a05d151a-0394-4b2c-829c-c16cfb110cc9       | 0.004 | 0.048 | 0.164    | 0.003 | 0.008 | 0.008 | 0.048 | 0.007  | 128.000   | 128.000   | 7552.000      | 128.000   |
| 46     | 0   | 46     | 0   | 0    | 0   | GET    | /api/isu/d2369558-7de7-4b3e-9514-c40fcc3de0e7/graph | 0.008 | 0.016 | 0.116    | 0.003 | 0.004 | 0.008 | 0.016 | 0.003  | 1970.000  | 3637.000  | 130840.000    | 2844.348  |
| 8      | 0   | 0      | 0   | 8    | 0   | GET    | /api/isu/c648b087-fe00-4ea2-a524-b2e80555893f/graph | 0.008 | 0.008 | 0.020    | 0.003 | 0.008 | 0.008 | 0.008 | 0.003  | 14.000    | 21.000    | 144.000       | 18.000    |
| 81     | 0   | 79     | 0   | 2    | 0   | GET    | /api/isu/f86cc49c-8223-495d-95ed-1b71e20e3e74       | 0.012 | 0.028 | 0.200    | 0.002 | 0.004 | 0.008 | 0.028 | 0.004  | 14.000    | 114.000   | 9041.000      | 111.617   |
| 10     | 0   | 10     | 0   | 0    | 0   | GET    | /api/isu/a1984b70-0dbe-47bb-bb3a-2b19cefd389a       | 0.004 | 0.008 | 0.024    | 0.002 | 0.004 | 0.008 | 0.008 | 0.003  | 126.000   | 126.000   | 1260.000      | 126.000   |
| 42     | 0   | 40     | 0   | 2    | 0   | GET    | /api/isu/ee2f7f76-ad18-44a4-a0c6-3b5c9326264b       | 0.004 | 0.016 | 0.100    | 0.002 | 0.008 | 0.008 | 0.016 | 0.003  | 14.000    | 128.000   | 5155.000      | 122.738   |
| 39     | 0   | 39     | 0   | 0    | 0   | GET    | /api/isu/b06a0c78-d583-41ae-8a72-20de7bb59a1c/graph | 0.000 | 0.008 | 0.092    | 0.002 | 0.004 | 0.008 | 0.008 | 0.003  | 1970.000  | 3507.000  | 103620.000    | 2656.923  |
| 2      | 0   | 0      | 0   | 2    | 0   | GET    | /api/isu/e6eaa94e-0fd4-4d74-b23e-50fde1384092/icon  | 0.000 | 0.004 | 0.004    | 0.002 | 0.004 | 0.004 | 0.004 | 0.002  | 14.000    | 21.000    | 35.000        | 17.500    |
| 2      | 0   | 2      | 0   | 0    | 0   | GET    | /api/isu/ef1c0d1a-cbef-4bad-8ec9-c0cc97473dbc/graph | 0.000 | 0.004 | 0.004    | 0.002 | 0.004 | 0.004 | 0.004 | 0.002  | 2541.000  | 2734.000  | 5275.000      | 2637.500  |
| 4      | 0   | 4      | 0   | 0    | 0   | GET    | /api/isu/a27cc66d-9d3f-40a0-a731-42c5d6de99db       | 0.000 | 0.008 | 0.008    | 0.002 | 0.008 | 0.008 | 0.008 | 0.003  | 120.000   | 120.000   | 480.000       | 120.000   |
| 2      | 0   | 0      | 0   | 2    | 0   | GET    | /api/isu/c9add5fc-28ca-4eea-9b77-6cb90852508a/icon  | 0.000 | 0.004 | 0.004    | 0.002 | 0.004 | 0.004 | 0.004 | 0.002  | 14.000    | 21.000    | 35.000        | 17.500    |
| 2      | 0   | 0      | 0   | 2    | 0   | GET    | /api/isu/d2369558-7de7-4b3e-9514-c40fcc3de0e7/icon  | 0.004 | 0.004 | 0.004    | 0.002 | 0.004 | 0.004 | 0.004 | 0.002  | 14.000    | 21.000    | 35.000        | 17.500    |
| 2      | 0   | 0      | 0   | 2    | 0   | GET    | /api/isu/cab99f63-bb3a-4648-b6df-376396f2c7ab       | 0.000 | 0.004 | 0.004    | 0.002 | 0.004 | 0.004 | 0.004 | 0.002  | 14.000    | 21.000    | 35.000        | 17.500    |
| 2      | 0   | 0      | 0   | 2    | 0   | GET    | /api/isu/c39e23ec-1681-4251-bd08-d082b882a74b       | 0.000 | 0.004 | 0.004    | 0.002 | 0.004 | 0.004 | 0.004 | 0.002  | 14.000    | 21.000    | 35.000        | 17.500    |
| 2      | 0   | 2      | 0   | 0    | 0   | GET    | /api/isu/ff62b405-072e-40f3-bd5d-301b910f904c       | 0.000 | 0.004 | 0.004    | 0.002 | 0.004 | 0.004 | 0.004 | 0.002  | 125.000   | 125.000   | 250.000       | 125.000   |
| 106    | 0   | 106    | 0   | 0    | 0   | GET    | /api/isu/ecd1dea8-352b-4c7a-8fd9-40d1ce9b4976       | 0.004 | 0.012 | 0.192    | 0.002 | 0.004 | 0.008 | 0.008 | 0.003  | 128.000   | 128.000   | 13568.000     | 128.000   |
| 67     | 0   | 67     | 0   | 0    | 0   | GET    | /api/isu/b1abcb07-b140-4f91-af75-074997a6e8d9       | 0.032 | 0.032 | 0.116    | 0.002 | 0.004 | 0.004 | 0.032 | 0.004  | 122.000   | 122.000   | 8174.000      | 122.000   |
| 7      | 0   | 7      | 0   | 0    | 0   | GET    | /api/isu/d3119127-a423-4782-9a45-1a8c074b2fbe       | 0.000 | 0.008 | 0.012    | 0.002 | 0.008 | 0.008 | 0.008 | 0.003  | 117.000   | 117.000   | 819.000       | 117.000   |
| 7      | 0   | 7      | 0   | 0    | 0   | GET    | /api/isu/c112bd24-a03c-4402-9382-a2f8938c106c       | 0.004 | 0.004 | 0.012    | 0.002 | 0.004 | 0.004 | 0.004 | 0.002  | 120.000   | 120.000   | 840.000       | 120.000   |
| 67     | 0   | 67     | 0   | 0    | 0   | GET    | /api/isu/b362d5cf-38a1-4220-958e-1bfed82eabc3       | 0.000 | 0.008 | 0.112    | 0.002 | 0.004 | 0.004 | 0.008 | 0.002  | 122.000   | 122.000   | 8174.000      | 122.000   |
| 66     | 0   | 64     | 0   | 2    | 0   | GET    | /api/isu/b06a0c78-d583-41ae-8a72-20de7bb59a1c       | 0.000 | 0.008 | 0.104    | 0.002 | 0.004 | 0.004 | 0.008 | 0.002  | 14.000    | 113.000   | 7267.000      | 110.106   |
| 51     | 0   | 49     | 0   | 2    | 0   | GET    | /api/isu/e84dc18f-c68f-42f7-ba50-aa06764ec10a       | 0.016 | 0.016 | 0.076    | 0.001 | 0.004 | 0.008 | 0.016 | 0.003  | 14.000    | 125.000   | 6160.000      | 120.784   |
| 3      | 0   | 1      | 0   | 2    | 0   | GET    | /api/isu/b82dcff4-8fae-4773-9956-22ab354adb7e       | 0.004 | 0.004 | 0.004    | 0.001 | 0.004 | 0.004 | 0.004 | 0.002  | 14.000    | 119.000   | 154.000       | 51.333    |
| 4      | 0   | 0      | 0   | 4    | 0   | GET    | /api/isu/c648b087-fe00-4ea2-a524-b2e80555893f       | 0.000 | 0.004 | 0.004    | 0.001 | 0.004 | 0.004 | 0.004 | 0.002  | 14.000    | 21.000    | 70.000        | 17.500    |
| 4      | 0   | 0      | 0   | 4    | 0   | GET    | /api/isu/cab99f63-bb3a-4648-b6df-376396f2c7ab/graph | 0.000 | 0.004 | 0.004    | 0.001 | 0.004 | 0.004 | 0.004 | 0.002  | 14.000    | 21.000    | 72.000        | 18.000    |
| 4      | 0   | 0      | 0   | 4    | 0   | GET    | /api/isu/c648b087-fe00-4ea2-a524-b2e80555893f/icon  | 0.000 | 0.004 | 0.004    | 0.001 | 0.004 | 0.004 | 0.004 | 0.002  | 14.000    | 21.000    | 70.000        | 17.500    |
| 1      | 0   | 1      | 0   | 0    | 0   | GET    | /api/isu/cd38d9f5-8c40-4cb8-bf08-08cf1aa92eab       | 0.000 | 0.000 | 0.000    | 0.000 | 0.000 | 0.000 | 0.000 | 0.000  | 117.000   | 117.000   | 117.000       | 117.000   |
| 1      | 0   | 1      | 0   | 0    | 0   | GET    | /api/isu/f71861cd-ea6d-4b2e-8ccb-307a6da2e986       | 0.000 | 0.000 | 0.000    | 0.000 | 0.000 | 0.000 | 0.000 | 0.000  | 126.000   | 126.000   | 126.000       | 126.000   |
| 2      | 0   | 0      | 0   | 2    | 0   | GET    | /api/isu/ba74ee9c-4a7a-41f2-96e2-eeac8aaf7b4f/icon  | 0.000 | 0.000 | 0.000    | 0.000 | 0.000 | 0.000 | 0.000 | 0.000  | 14.000    | 21.000    | 35.000        | 17.500    |
| 2      | 0   | 2      | 0   | 0    | 0   | GET    | /api/isu/eb104b95-3532-4828-8550-89da717b9667/graph | 0.000 | 0.000 | 0.000    | 0.000 | 0.000 | 0.000 | 0.000 | 0.000  | 3374.000  | 4200.000  | 7574.000      | 3787.000  |
| 1      | 0   | 1      | 0   | 0    | 0   | GET    | /api/isu/eb104b95-3532-4828-8550-89da717b9667       | 0.000 | 0.000 | 0.000    | 0.000 | 0.000 | 0.000 | 0.000 | 0.000  | 121.000   | 121.000   | 121.000       | 121.000   |
| 2      | 0   | 2      | 0   | 0    | 0   | GET    | /api/isu/b82dcff4-8fae-4773-9956-22ab354adb7e/graph | 0.000 | 0.000 | 0.000    | 0.000 | 0.000 | 0.000 | 0.000 | 0.000  | 3376.000  | 4234.000  | 7610.000      | 3805.000  |
| 1      | 0   | 1      | 0   | 0    | 0   | GET    | /api/isu/b25e4f9e-2b63-423e-a53d-dc88758c67d8       | 0.000 | 0.000 | 0.000    | 0.000 | 0.000 | 0.000 | 0.000 | 0.000  | 125.000   | 125.000   | 125.000       | 125.000   |
| 1      | 0   | 1      | 0   | 0    | 0   | GET    | /api/isu/b4deddcf-d7c3-4e3e-8e62-8473b09a6e69       | 0.000 | 0.000 | 0.000    | 0.000 | 0.000 | 0.000 | 0.000 | 0.000  | 111.000   | 111.000   | 111.000       | 111.000   |
| 1      | 0   | 1      | 0   | 0    | 0   | GET    | /api/isu/b00aa1ed-6de5-48c6-9bec-2e9987cd4c77       | 0.000 | 0.000 | 0.000    | 0.000 | 0.000 | 0.000 | 0.000 | 0.000  | 123.000   | 123.000   | 123.000       | 123.000   |
| 1      | 0   | 1      | 0   | 0    | 0   | GET    | /api/isu/fca205e1-cfcb-4562-b41a-4b85df9d8177       | 0.000 | 0.000 | 0.000    | 0.000 | 0.000 | 0.000 | 0.000 | 0.000  | 111.000   | 111.000   | 111.000       | 111.000   |
| 1      | 0   | 1      | 0   | 0    | 0   | GET    | /api/isu/ac41d7bd-5c4b-4d81-8a1c-a79580d08539       | 0.000 | 0.000 | 0.000    | 0.000 | 0.000 | 0.000 | 0.000 | 0.000  | 117.000   | 117.000   | 117.000       | 117.000   |
| 2      | 0   | 0      | 0   | 2    | 0   | GET    | /api/isu/cab99f63-bb3a-4648-b6df-376396f2c7ab/icon  | 0.000 | 0.000 | 0.000    | 0.000 | 0.000 | 0.000 | 0.000 | 0.000  | 14.000    | 21.000    | 35.000        | 17.500    |
| 2      | 0   | 0      | 0   | 2    | 0   | GET    | /api/isu/b06a0c78-d583-41ae-8a72-20de7bb59a1c/icon  | 0.000 | 0.000 | 0.000    | 0.000 | 0.000 | 0.000 | 0.000 | 0.000  | 14.000    | 21.000    | 35.000        | 17.500    |
+--------+-----+--------+-----+------+-----+--------+-----------------------------------------------------+-------+-------+----------+-------+-------+-------+-------+--------+-----------+-----------+---------------+-----------+
