+--------+-----+--------+-----+-----+-----+--------+-----------------------------------------------------+-------+-------+---------+-------+-------+-------+-------+--------+-----------+-----------+--------------+-----------+
| COUNT  | 1XX |  2XX   | 3XX | 4XX | 5XX | METHOD |                         URI                         |  MIN  |  MAX  |   SUM   |  AVG  |  P90  |  P95  |  P99  | STDDEV | MIN(BODY) | MAX(BODY) |  SUM(BODY)   | AVG(BODY) |
+--------+-----+--------+-----+-----+-----+--------+-----------------------------------------------------+-------+-------+---------+-------+-------+-------+-------+--------+-----------+-----------+--------------+-----------+
| 1      | 0   | 1      | 0   | 0   | 0   | POST   | /initialize                                         | 0.152 | 0.152 | 0.152   | 0.152 | 0.152 | 0.152 | 0.152 | 0.000  | 18.000    | 18.000    | 18.000       | 18.000    |
| 413    | 0   | 409    | 0   | 4   | 0   | POST   | /api/isu                                            | 0.048 | 0.836 | 62.740  | 0.152 | 0.268 | 0.344 | 0.648 | 0.106  | 15.000    | 144.000   | 49931.000    | 120.898   |
| 1      | 0   | 1      | 0   | 0   | 0   | GET    | /api/isu/b9b023a9-1db0-453f-823c-7ae7a6497df4       | 0.108 | 0.108 | 0.108   | 0.108 | 0.108 | 0.108 | 0.108 | 0.000  | 120.000   | 120.000   | 120.000      | 120.000   |
| 1      | 0   | 1      | 0   | 0   | 0   | GET    | /api/isu/ec4b26f8-0a42-40aa-b514-221237a244b1       | 0.108 | 0.108 | 0.108   | 0.108 | 0.108 | 0.108 | 0.108 | 0.000  | 126.000   | 126.000   | 126.000      | 126.000   |
| 1      | 0   | 1      | 0   | 0   | 0   | GET    | /api/isu/c7eca090-65d6-4ffa-a83c-3c80baf487d0       | 0.064 | 0.064 | 0.064   | 0.064 | 0.064 | 0.064 | 0.064 | 0.000  | 126.000   | 126.000   | 126.000      | 126.000   |
| 4      | 0   | 4      | 0   | 0   | 0   | GET    | /api/isu/d54f1cd9-d592-4672-bf0f-ba1eae06dfdd       | 0.208 | 0.208 | 0.216   | 0.054 | 0.208 | 0.208 | 0.208 | 0.089  | 123.000   | 123.000   | 492.000      | 123.000   |
| 10     | 0   | 6      | 0   | 4   | 0   | GET    | /api/isu/efc8cba1-9e1b-4a37-8dd5-23933062e712/graph | 0.000 | 0.208 | 0.412   | 0.041 | 0.100 | 0.208 | 0.208 | 0.063  | 14.000    | 771.000   | 3404.000     | 340.400   |
| 1      | 0   | 1      | 0   | 0   | 0   | GET    | /api/isu/f0b6b8e2-0012-4468-b95d-d5edca265b23       | 0.036 | 0.036 | 0.036   | 0.036 | 0.036 | 0.036 | 0.036 | 0.000  | 117.000   | 117.000   | 117.000      | 117.000   |
| 1      | 0   | 1      | 0   | 0   | 0   | GET    | /api/isu/e292a6cd-73ee-4823-a9dd-cf4af76c210e       | 0.036 | 0.036 | 0.036   | 0.036 | 0.036 | 0.036 | 0.036 | 0.000  | 120.000   | 120.000   | 120.000      | 120.000   |
| 1      | 0   | 1      | 0   | 0   | 0   | GET    | /api/isu/b01d96a4-bb17-41da-9fc8-b7422716cd7a       | 0.036 | 0.036 | 0.036   | 0.036 | 0.036 | 0.036 | 0.036 | 0.000  | 132.000   | 132.000   | 132.000      | 132.000   |
| 7      | 0   | 7      | 0   | 0   | 0   | GET    | /api/isu/e92c4448-3df2-4a33-bf91-dcae196efd7b       | 0.004 | 0.208 | 0.228   | 0.033 | 0.208 | 0.208 | 0.208 | 0.072  | 129.000   | 129.000   | 903.000      | 129.000   |
| 4      | 0   | 4      | 0   | 0   | 0   | GET    | /api/isu/a75a4deb-450e-4d88-a488-ea12627174ec/graph | 0.000 | 0.112 | 0.124   | 0.031 | 0.112 | 0.112 | 0.112 | 0.047  | 517.000   | 677.000   | 2388.000     | 597.000   |
| 2      | 0   | 2      | 0   | 0   | 0   | GET    | /api/isu/ea3662fb-7ee5-47a6-aaa9-b127484ba55b/graph | 0.012 | 0.048 | 0.060   | 0.030 | 0.048 | 0.048 | 0.048 | 0.018  | 393.000   | 513.000   | 906.000      | 453.000   |
| 4      | 0   | 4      | 0   | 0   | 0   | GET    | /api/isu/faf44411-60f8-4119-883f-9ec5a3a65ddb/graph | 0.000 | 0.092 | 0.104   | 0.026 | 0.092 | 0.092 | 0.092 | 0.038  | 266.000   | 431.000   | 1483.000     | 370.750   |
| 4      | 0   | 4      | 0   | 0   | 0   | GET    | /api/isu/bb55d1ab-c57d-4311-9ca8-134003583f4c/graph | 0.008 | 0.076 | 0.104   | 0.026 | 0.076 | 0.076 | 0.076 | 0.029  | 471.000   | 820.000   | 2298.000     | 574.500   |
| 3      | 0   | 3      | 0   | 0   | 0   | GET    | /api/isu/c7b1c76e-aff9-465f-b007-e9572864dd31/graph | 0.072 | 0.072 | 0.076   | 0.025 | 0.072 | 0.072 | 0.072 | 0.033  | 429.000   | 520.000   | 1438.000     | 479.333   |
| 1      | 0   | 1      | 0   | 0   | 0   | GET    | /api/isu/ea6b0bd5-ac04-477c-b6f8-b9197e5d46b3       | 0.024 | 0.024 | 0.024   | 0.024 | 0.024 | 0.024 | 0.024 | 0.000  | 135.000   | 135.000   | 135.000      | 135.000   |
| 4      | 0   | 4      | 0   | 0   | 0   | GET    | /api/isu/c83503f5-1d7d-482e-b8d0-800903f6a7e6/graph | 0.020 | 0.064 | 0.088   | 0.022 | 0.064 | 0.064 | 0.064 | 0.025  | 269.000   | 547.000   | 1741.000     | 435.250   |
| 1      | 0   | 1      | 0   | 0   | 0   | GET    | /api/isu/ef316327-d5bb-4123-ba65-830c603b696d       | 0.020 | 0.020 | 0.020   | 0.020 | 0.020 | 0.020 | 0.020 | 0.000  | 126.000   | 126.000   | 126.000      | 126.000   |
| 7      | 0   | 7      | 0   | 0   | 0   | GET    | /api/isu/fb6908fa-b994-407c-a6c3-f48a1e7b6dba       | 0.008 | 0.108 | 0.132   | 0.019 | 0.108 | 0.108 | 0.108 | 0.037  | 129.000   | 129.000   | 903.000      | 129.000   |
| 2      | 0   | 2      | 0   | 0   | 0   | GET    | /api/isu/e8aafe6b-ad68-4066-8ef0-1d1c769e38c5       | 0.008 | 0.028 | 0.036   | 0.018 | 0.028 | 0.028 | 0.028 | 0.010  | 117.000   | 117.000   | 234.000      | 117.000   |
| 4      | 0   | 4      | 0   | 0   | 0   | GET    | /api/isu/b66cd08d-b586-4b3d-8727-3965b334c54d       | 0.004 | 0.064 | 0.072   | 0.018 | 0.064 | 0.064 | 0.064 | 0.027  | 117.000   | 117.000   | 468.000      | 117.000   |
| 7      | 0   | 7      | 0   | 0   | 0   | GET    | /api/isu/bdc892bb-c0b6-418b-8521-285b138602d3/graph | 0.000 | 0.040 | 0.124   | 0.018 | 0.040 | 0.040 | 0.040 | 0.014  | 272.000   | 842.000   | 3864.000     | 552.000   |
| 6      | 0   | 6      | 0   | 0   | 0   | GET    | /api/isu/b66cd08d-b586-4b3d-8727-3965b334c54d/graph | 0.012 | 0.024 | 0.104   | 0.017 | 0.024 | 0.024 | 0.024 | 0.005  | 389.000   | 656.000   | 3010.000     | 501.667   |
| 6      | 0   | 6      | 0   | 0   | 0   | GET    | /api/isu/d636a14c-b289-4372-8134-91dcf2cac0c1/graph | 0.080 | 0.080 | 0.096   | 0.016 | 0.080 | 0.080 | 0.080 | 0.029  | 272.000   | 684.000   | 2946.000     | 491.000   |
| 1      | 0   | 1      | 0   | 0   | 0   | GET    | /api/isu/ecb57018-779d-4f24-b868-5e31859e99be       | 0.016 | 0.016 | 0.016   | 0.016 | 0.016 | 0.016 | 0.016 | 0.000  | 123.000   | 123.000   | 123.000      | 123.000   |
| 1      | 0   | 1      | 0   | 0   | 0   | GET    | /api/isu/b6ad77fc-87e0-4ad5-93db-100cd18cea7a       | 0.016 | 0.016 | 0.016   | 0.016 | 0.016 | 0.016 | 0.016 | 0.000  | 117.000   | 117.000   | 117.000      | 117.000   |
| 1      | 0   | 1      | 0   | 0   | 0   | GET    | /api/isu/ce6f4c92-7b10-4433-9818-608d38821f16       | 0.016 | 0.016 | 0.016   | 0.016 | 0.016 | 0.016 | 0.016 | 0.000  | 123.000   | 123.000   | 123.000      | 123.000   |
| 1      | 0   | 1      | 0   | 0   | 0   | GET    | /api/isu/fa259cf1-ae63-4a22-807e-c3b881b16fda       | 0.016 | 0.016 | 0.016   | 0.016 | 0.016 | 0.016 | 0.016 | 0.000  | 126.000   | 126.000   | 126.000      | 126.000   |
| 8      | 0   | 8      | 0   | 0   | 0   | GET    | /api/isu/c5a791a4-7b4b-4d3a-9e2d-2a69d5893959       | 0.000 | 0.064 | 0.120   | 0.015 | 0.064 | 0.064 | 0.064 | 0.022  | 129.000   | 129.000   | 1032.000     | 129.000   |
| 4      | 0   | 4      | 0   | 0   | 0   | GET    | /api/isu/ea3662fb-7ee5-47a6-aaa9-b127484ba55b       | 0.008 | 0.024 | 0.060   | 0.015 | 0.024 | 0.024 | 0.024 | 0.006  | 123.000   | 123.000   | 492.000      | 123.000   |
| 2      | 0   | 2      | 0   | 0   | 0   | GET    | /api/isu/e7bae7b3-99d0-4aa5-a428-6df5d2739a0e/graph | 0.012 | 0.016 | 0.028   | 0.014 | 0.016 | 0.016 | 0.016 | 0.002  | 379.000   | 380.000   | 759.000      | 379.500   |
| 4      | 0   | 4      | 0   | 0   | 0   | GET    | /api/isu/a75a4deb-450e-4d88-a488-ea12627174ec       | 0.052 | 0.052 | 0.056   | 0.014 | 0.052 | 0.052 | 0.052 | 0.022  | 117.000   | 117.000   | 468.000      | 117.000   |
| 26     | 0   | 26     | 0   | 0   | 0   | GET    | /api/isu/e99aaa39-30b5-435e-8fab-f99c55564aeb/graph | 0.004 | 0.208 | 0.360   | 0.014 | 0.028 | 0.060 | 0.208 | 0.041  | 271.000   | 771.000   | 13437.000    | 516.808   |
| 9      | 0   | 9      | 0   | 0   | 0   | GET    | /api/isu/dae32506-1406-47dd-976c-a2043510b3ed       | 0.000 | 0.088 | 0.120   | 0.013 | 0.088 | 0.088 | 0.088 | 0.026  | 126.000   | 126.000   | 1134.000     | 126.000   |
| 10     | 0   | 10     | 0   | 0   | 0   | GET    | /api/isu/afd6a8e4-372a-4492-8882-c8dfa7b5b29d/graph | 0.004 | 0.040 | 0.132   | 0.013 | 0.024 | 0.040 | 0.040 | 0.011  | 269.000   | 704.000   | 5217.000     | 521.700   |
| 7      | 0   | 7      | 0   | 0   | 0   | GET    | /api/isu/a100752d-15c6-46b0-8d25-43cb3c6858e5/graph | 0.004 | 0.072 | 0.092   | 0.013 | 0.072 | 0.072 | 0.072 | 0.024  | 267.000   | 750.000   | 3329.000     | 475.571   |
| 7      | 0   | 7      | 0   | 0   | 0   | GET    | /api/isu/e92c4448-3df2-4a33-bf91-dcae196efd7b/graph | 0.000 | 0.032 | 0.092   | 0.013 | 0.032 | 0.032 | 0.032 | 0.011  | 366.000   | 767.000   | 3708.000     | 529.714   |
| 5      | 0   | 5      | 0   | 0   | 0   | GET    | /api/isu/f5b7cbe2-4130-4ccb-88a5-a4b8b10f739d/graph | 0.004 | 0.040 | 0.064   | 0.013 | 0.040 | 0.040 | 0.040 | 0.014  | 383.000   | 673.000   | 2705.000     | 541.000   |
| 7      | 0   | 7      | 0   | 0   | 0   | GET    | /api/isu/a3f8c44b-d059-428d-b2ea-9c01c59d9184/graph | 0.040 | 0.044 | 0.088   | 0.013 | 0.044 | 0.044 | 0.044 | 0.019  | 387.000   | 715.000   | 3700.000     | 528.571   |
| 15     | 0   | 15     | 0   | 0   | 0   | GET    | /api/isu/f366f72a-f9e2-4498-8e73-a5d208fc7d73/graph | 0.008 | 0.024 | 0.180   | 0.012 | 0.024 | 0.024 | 0.024 | 0.007  | 270.000   | 821.000   | 8775.000     | 585.000   |
| 1      | 0   | 1      | 0   | 0   | 0   | GET    | /api/isu/ef858121-593e-43a5-80c4-e638dd14fa5f       | 0.012 | 0.012 | 0.012   | 0.012 | 0.012 | 0.012 | 0.012 | 0.000  | 120.000   | 120.000   | 120.000      | 120.000   |
| 1      | 0   | 1      | 0   | 0   | 0   | GET    | /api/isu/a203f894-dc0e-4ab7-9a28-db65172af8d2       | 0.012 | 0.012 | 0.012   | 0.012 | 0.012 | 0.012 | 0.012 | 0.000  | 123.000   | 123.000   | 123.000      | 123.000   |
| 1      | 0   | 1      | 0   | 0   | 0   | GET    | /api/isu/dc8945a4-4731-4cac-8a18-d55552b3decd       | 0.012 | 0.012 | 0.012   | 0.012 | 0.012 | 0.012 | 0.012 | 0.000  | 126.000   | 126.000   | 126.000      | 126.000   |
| 1      | 0   | 1      | 0   | 0   | 0   | GET    | /api/isu/c43ac372-2541-4684-b5d2-7af89196daaf       | 0.012 | 0.012 | 0.012   | 0.012 | 0.012 | 0.012 | 0.012 | 0.000  | 132.000   | 132.000   | 132.000      | 132.000   |
| 1      | 0   | 1      | 0   | 0   | 0   | GET    | /api/isu/bad32402-2763-4353-ad3c-c841fbc739e8       | 0.012 | 0.012 | 0.012   | 0.012 | 0.012 | 0.012 | 0.012 | 0.000  | 117.000   | 117.000   | 117.000      | 117.000   |
| 1      | 0   | 1      | 0   | 0   | 0   | GET    | /api/isu/af95df1d-9501-427e-aec5-dc7d4d1e6032       | 0.012 | 0.012 | 0.012   | 0.012 | 0.012 | 0.012 | 0.012 | 0.000  | 117.000   | 117.000   | 117.000      | 117.000   |
| 8      | 0   | 0      | 0   | 8   | 0   | GET    | /api/isu/c648b087-fe00-4ea2-a524-b2e80555893f/graph | 0.008 | 0.076 | 0.096   | 0.012 | 0.076 | 0.076 | 0.076 | 0.024  | 14.000    | 21.000    | 144.000      | 18.000    |
| 5      | 0   | 5      | 0   | 0   | 0   | GET    | /api/isu/a63bd24c-1aa0-46b0-a55e-0f90b3cd820d/graph | 0.004 | 0.016 | 0.060   | 0.012 | 0.016 | 0.016 | 0.016 | 0.004  | 268.000   | 668.000   | 2431.000     | 486.200   |
| 10     | 0   | 10     | 0   | 0   | 0   | GET    | /api/isu/d636a14c-b289-4372-8134-91dcf2cac0c1       | 0.000 | 0.052 | 0.116   | 0.012 | 0.032 | 0.052 | 0.052 | 0.017  | 126.000   | 126.000   | 1260.000     | 126.000   |
| 10     | 0   | 10     | 0   | 0   | 0   | GET    | /api/isu/debc812f-814b-4d7e-a66b-1d0020eb9034       | 0.076 | 0.076 | 0.112   | 0.011 | 0.012 | 0.076 | 0.076 | 0.022  | 117.000   | 117.000   | 1170.000     | 117.000   |
| 4      | 0   | 4      | 0   | 0   | 0   | GET    | /api/isu/c83503f5-1d7d-482e-b8d0-800903f6a7e6       | 0.012 | 0.032 | 0.044   | 0.011 | 0.032 | 0.032 | 0.032 | 0.013  | 120.000   | 120.000   | 480.000      | 120.000   |
| 9      | 0   | 9      | 0   | 0   | 0   | GET    | /api/isu/e37b1fa4-8525-42ef-873e-b18f787ce254/graph | 0.012 | 0.040 | 0.096   | 0.011 | 0.040 | 0.040 | 0.040 | 0.012  | 378.000   | 858.000   | 4647.000     | 516.333   |
| 3      | 0   | 3      | 0   | 0   | 0   | GET    | /api/isu/a0e9a4c7-1041-4d14-b32c-cdc88b55eaa7/graph | 0.008 | 0.024 | 0.032   | 0.011 | 0.024 | 0.024 | 0.024 | 0.010  | 267.000   | 642.000   | 1382.000     | 460.667   |
| 43     | 0   | 43     | 0   | 0   | 0   | GET    | /api/isu/f16764e4-deae-4089-b379-b6f5ba1d9578       | 0.004 | 0.136 | 0.456   | 0.011 | 0.024 | 0.032 | 0.136 | 0.027  | 120.000   | 120.000   | 5160.000     | 120.000   |
| 4      | 0   | 4      | 0   | 0   | 0   | GET    | /api/isu/a107fecc-49e6-4989-9d7f-4b5bea31ebc1/graph | 0.004 | 0.020 | 0.040   | 0.010 | 0.020 | 0.020 | 0.020 | 0.007  | 480.000   | 639.000   | 2187.000     | 546.750   |
| 2      | 0   | 2      | 0   | 0   | 0   | GET    | /api/isu/b70c6531-820f-40da-bbe0-f6f54084f1c2/graph | 0.000 | 0.020 | 0.020   | 0.010 | 0.020 | 0.020 | 0.020 | 0.010  | 448.000   | 588.000   | 1036.000     | 518.000   |
| 10     | 0   | 10     | 0   | 0   | 0   | GET    | /api/isu/c3670612-0272-4ba0-bf00-800381a1d4b7       | 0.004 | 0.028 | 0.100   | 0.010 | 0.024 | 0.028 | 0.028 | 0.010  | 114.000   | 114.000   | 1140.000     | 114.000   |
| 4      | 0   | 4      | 0   | 0   | 0   | GET    | /api/isu/a2e4be23-2b43-44b2-84d6-fb8d427efd3c/graph | 0.004 | 0.024 | 0.040   | 0.010 | 0.024 | 0.024 | 0.024 | 0.008  | 266.000   | 516.000   | 1637.000     | 409.250   |
| 29     | 0   | 29     | 0   | 0   | 0   | GET    | /api/isu/d6ff649b-3d1d-40fc-ae77-d34e35f148e2       | 0.000 | 0.116 | 0.288   | 0.010 | 0.020 | 0.024 | 0.116 | 0.021  | 117.000   | 117.000   | 3393.000     | 117.000   |
| 7      | 0   | 7      | 0   | 0   | 0   | GET    | /api/isu/fb6908fa-b994-407c-a6c3-f48a1e7b6dba/graph | 0.024 | 0.028 | 0.068   | 0.010 | 0.028 | 0.028 | 0.028 | 0.011  | 266.000   | 598.000   | 3439.000     | 491.286   |
| 7      | 0   | 7      | 0   | 0   | 0   | GET    | /api/isu/efc8cba1-9e1b-4a37-8dd5-23933062e712       | 0.008 | 0.032 | 0.068   | 0.010 | 0.032 | 0.032 | 0.032 | 0.010  | 120.000   | 120.000   | 840.000      | 120.000   |
| 8      | 0   | 8      | 0   | 0   | 0   | GET    | /api/isu/f5a18597-4f03-4a8e-b146-fa326dbce6a6/graph | 0.008 | 0.020 | 0.076   | 0.010 | 0.020 | 0.020 | 0.020 | 0.008  | 267.000   | 618.000   | 3391.000     | 423.875   |
| 7      | 0   | 7      | 0   | 0   | 0   | GET    | /api/isu/cac5e8e3-1362-429a-b728-d80a2eaa83f8       | 0.004 | 0.020 | 0.064   | 0.009 | 0.020 | 0.020 | 0.020 | 0.008  | 114.000   | 114.000   | 798.000      | 114.000   |
| 19     | 0   | 19     | 0   | 0   | 0   | GET    | /api/isu/dae514ee-7dba-447d-bcc5-0f4bdbfc561f/graph | 0.012 | 0.048 | 0.172   | 0.009 | 0.028 | 0.048 | 0.048 | 0.013  | 270.000   | 686.000   | 9101.000     | 479.000   |
| 4      | 0   | 4      | 0   | 0   | 0   | GET    | /api/isu/bdc892bb-c0b6-418b-8521-285b138602d3       | 0.000 | 0.032 | 0.036   | 0.009 | 0.032 | 0.032 | 0.032 | 0.013  | 123.000   | 123.000   | 492.000      | 123.000   |
| 16     | 0   | 16     | 0   | 0   | 0   | GET    | /api/isu/ab02d57c-eaab-4be7-938b-27277a35d1e8/graph | 0.004 | 0.024 | 0.144   | 0.009 | 0.024 | 0.024 | 0.024 | 0.008  | 266.000   | 867.000   | 8837.000     | 552.312   |
| 4      | 0   | 4      | 0   | 0   | 0   | GET    | /api/isu/db8fe132-339b-43a0-b4ed-c15c7c24569c       | 0.032 | 0.032 | 0.036   | 0.009 | 0.032 | 0.032 | 0.032 | 0.013  | 126.000   | 126.000   | 504.000      | 126.000   |
| 8      | 0   | 8      | 0   | 0   | 0   | GET    | /api/isu/ba4c56c6-9964-48a5-8d8a-59ef9864e670/graph | 0.004 | 0.044 | 0.072   | 0.009 | 0.044 | 0.044 | 0.044 | 0.014  | 267.000   | 630.000   | 3994.000     | 499.250   |
| 8      | 0   | 8      | 0   | 0   | 0   | GET    | /api/isu/a1fedd65-3c2f-49a3-b744-22e1620c5145/graph | 0.004 | 0.016 | 0.072   | 0.009 | 0.016 | 0.016 | 0.016 | 0.005  | 272.000   | 627.000   | 3904.000     | 488.000   |
| 10     | 0   | 10     | 0   | 0   | 0   | GET    | /api/isu/d06796e1-c5d5-4535-888e-eac6dd2cae31       | 0.000 | 0.024 | 0.084   | 0.008 | 0.024 | 0.024 | 0.024 | 0.009  | 120.000   | 120.000   | 1200.000     | 120.000   |
| 61     | 0   | 61     | 0   | 0   | 0   | GET    | /api/isu/e35ae480-4272-4c58-a666-430ee38e183f       | 0.004 | 0.208 | 0.488   | 0.008 | 0.008 | 0.028 | 0.208 | 0.027  | 120.000   | 120.000   | 7320.000     | 120.000   |
| 2      | 0   | 2      | 0   | 0   | 0   | GET    | /api/isu/c724c901-d532-4bcc-85bf-d7a51db1ca50/graph | 0.004 | 0.012 | 0.016   | 0.008 | 0.012 | 0.012 | 0.012 | 0.004  | 387.000   | 520.000   | 907.000      | 453.500   |
| 1      | 0   | 1      | 0   | 0   | 0   | GET    | /api/isu/ea4db573-19a7-44e7-a66e-3f0c5b5c8c0c       | 0.008 | 0.008 | 0.008   | 0.008 | 0.008 | 0.008 | 0.008 | 0.000  | 114.000   | 114.000   | 114.000      | 114.000   |
| 6      | 0   | 2      | 0   | 4   | 0   | GET    | /api/isu/ab8cc34a-f2d2-46da-93fa-85f7c7a99d96/graph | 0.004 | 0.020 | 0.048   | 0.008 | 0.020 | 0.020 | 0.020 | 0.007  | 14.000    | 604.000   | 943.000      | 157.167   |
| 2      | 0   | 2      | 0   | 0   | 0   | GET    | /api/isu/db8fe132-339b-43a0-b4ed-c15c7c24569c/graph | 0.004 | 0.012 | 0.016   | 0.008 | 0.012 | 0.012 | 0.012 | 0.004  | 439.000   | 482.000   | 921.000      | 460.500   |
| 1      | 0   | 1      | 0   | 0   | 0   | GET    | /api/isu/df5154e0-62a3-48ce-a271-88e11a2129d6       | 0.008 | 0.008 | 0.008   | 0.008 | 0.008 | 0.008 | 0.008 | 0.000  | 135.000   | 135.000   | 135.000      | 135.000   |
| 4      | 0   | 4      | 0   | 0   | 0   | GET    | /api/isu/e37b1fa4-8525-42ef-873e-b18f787ce254       | 0.004 | 0.024 | 0.032   | 0.008 | 0.024 | 0.024 | 0.024 | 0.009  | 111.000   | 111.000   | 444.000      | 111.000   |
| 1      | 0   | 1      | 0   | 0   | 0   | GET    | /api/isu/a3db8917-abca-4534-8176-c08d8da04cec       | 0.008 | 0.008 | 0.008   | 0.008 | 0.008 | 0.008 | 0.008 | 0.000  | 120.000   | 120.000   | 120.000      | 120.000   |
| 4      | 0   | 4      | 0   | 0   | 0   | GET    | /api/isu/af2f5909-be19-4a73-83f3-49fafebe905a/graph | 0.016 | 0.016 | 0.032   | 0.008 | 0.016 | 0.016 | 0.016 | 0.008  | 270.000   | 676.000   | 2023.000     | 505.750   |
| 1      | 0   | 1      | 0   | 0   | 0   | GET    | /api/isu/e5385f4b-255b-458d-9391-794d37e56934       | 0.008 | 0.008 | 0.008   | 0.008 | 0.008 | 0.008 | 0.008 | 0.000  | 115.000   | 115.000   | 115.000      | 115.000   |
| 1      | 0   | 1      | 0   | 0   | 0   | GET    | /api/isu/b326edbb-4144-4c1e-8ae1-7e48f174741e       | 0.008 | 0.008 | 0.008   | 0.008 | 0.008 | 0.008 | 0.008 | 0.000  | 120.000   | 120.000   | 120.000      | 120.000   |
| 6      | 0   | 6      | 0   | 0   | 0   | GET    | /api/isu/f4743b62-dacf-4587-b00e-0cbb42b8820b/graph | 0.008 | 0.024 | 0.048   | 0.008 | 0.024 | 0.024 | 0.024 | 0.008  | 270.000   | 639.000   | 2724.000     | 454.000   |
| 3      | 0   | 3      | 0   | 0   | 0   | GET    | /api/isu/f9b7c99a-2468-43b0-88d0-03994a9e4252/graph | 0.024 | 0.024 | 0.024   | 0.008 | 0.024 | 0.024 | 0.024 | 0.011  | 546.000   | 600.000   | 1729.000     | 576.333   |
| 1      | 0   | 1      | 0   | 0   | 0   | GET    | /api/isu/aa796d26-806c-4326-9a29-32a0c124652f       | 0.008 | 0.008 | 0.008   | 0.008 | 0.008 | 0.008 | 0.008 | 0.000  | 117.000   | 117.000   | 117.000      | 117.000   |
| 7      | 0   | 7      | 0   | 0   | 0   | GET    | /api/isu/bb55d1ab-c57d-4311-9ca8-134003583f4c       | 0.004 | 0.020 | 0.052   | 0.007 | 0.020 | 0.020 | 0.020 | 0.006  | 123.000   | 123.000   | 861.000      | 123.000   |
| 6      | 0   | 6      | 0   | 0   | 0   | GET    | /api/isu/df5173be-6e00-4a2a-9bbb-c7b8c90d5bf7/graph | 0.004 | 0.012 | 0.044   | 0.007 | 0.012 | 0.012 | 0.012 | 0.003  | 435.000   | 539.000   | 2997.000     | 499.500   |
| 10     | 0   | 10     | 0   | 0   | 0   | GET    | /api/isu/ba4c56c6-9964-48a5-8d8a-59ef9864e670       | 0.000 | 0.024 | 0.072   | 0.007 | 0.020 | 0.024 | 0.024 | 0.008  | 123.000   | 123.000   | 1230.000     | 123.000   |
| 8      | 0   | 8      | 0   | 0   | 0   | GET    | /api/isu/dfd637cf-c216-4485-b226-bc39b6b272da/graph | 0.016 | 0.032 | 0.056   | 0.007 | 0.032 | 0.032 | 0.032 | 0.011  | 270.000   | 595.000   | 3731.000     | 466.375   |
| 4      | 0   | 4      | 0   | 0   | 0   | GET    | /api/isu/c5315e65-9e26-4f21-a07d-c01f8dd821cc       | 0.004 | 0.016 | 0.028   | 0.007 | 0.016 | 0.016 | 0.016 | 0.005  | 120.000   | 120.000   | 480.000      | 120.000   |
| 4      | 0   | 4      | 0   | 0   | 0   | GET    | /api/isu/f4403860-78f4-4a5e-b676-b0fbcdd9b40d       | 0.004 | 0.020 | 0.028   | 0.007 | 0.020 | 0.020 | 0.020 | 0.008  | 120.000   | 120.000   | 480.000      | 120.000   |
| 42     | 0   | 42     | 0   | 0   | 0   | GET    | /api/isu/e5b4f068-f4ec-4545-8afa-de3c722c92ca/graph | 0.004 | 0.076 | 0.288   | 0.007 | 0.020 | 0.024 | 0.076 | 0.013  | 271.000   | 893.000   | 22875.000    | 544.643   |
| 7      | 0   | 7      | 0   | 0   | 0   | GET    | /api/isu/a288ea21-c6a7-4040-bcdc-eaba059de096/graph | 0.004 | 0.016 | 0.048   | 0.007 | 0.016 | 0.016 | 0.016 | 0.005  | 269.000   | 539.000   | 3060.000     | 437.143   |
| 21     | 0   | 19     | 0   | 2   | 0   | GET    | /api/isu/dae514ee-7dba-447d-bcc5-0f4bdbfc561f       | 0.004 | 0.056 | 0.144   | 0.007 | 0.016 | 0.016 | 0.056 | 0.012  | 14.000    | 117.000   | 2258.000     | 107.524   |
| 10     | 0   | 10     | 0   | 0   | 0   | GET    | /api/isu/aa166e93-4086-4541-9eeb-16f04be8feb7       | 0.004 | 0.032 | 0.068   | 0.007 | 0.008 | 0.032 | 0.032 | 0.009  | 126.000   | 126.000   | 1260.000     | 126.000   |
| 12     | 0   | 12     | 0   | 0   | 0   | GET    | /api/isu/d66446b1-c3de-467b-ab02-3d7fe083b55a/graph | 0.004 | 0.020 | 0.080   | 0.007 | 0.016 | 0.020 | 0.020 | 0.006  | 265.000   | 665.000   | 6205.000     | 517.083   |
| 3      | 0   | 3      | 0   | 0   | 0   | GET    | /api/isu/c11ca732-dbef-4ad9-bb63-7384862b3c27/graph | 0.000 | 0.016 | 0.020   | 0.007 | 0.016 | 0.016 | 0.016 | 0.007  | 546.000   | 715.000   | 1826.000     | 608.667   |
| 45     | 0   | 45     | 0   | 0   | 0   | GET    | /api/isu/e35ae480-4272-4c58-a666-430ee38e183f/graph | 0.080 | 0.080 | 0.296   | 0.007 | 0.016 | 0.020 | 0.080 | 0.013  | 272.000   | 647.000   | 22999.000    | 511.089   |
| 5      | 0   | 5      | 0   | 0   | 0   | GET    | /api/isu/b2e8d98d-7a72-4287-ab0d-5f2569f7baa6/graph | 0.004 | 0.012 | 0.032   | 0.006 | 0.012 | 0.012 | 0.012 | 0.003  | 272.000   | 542.000   | 2151.000     | 430.200   |
| 12     | 0   | 8      | 0   | 4   | 0   | GET    | /api/isu/aa166e93-4086-4541-9eeb-16f04be8feb7/graph | 0.004 | 0.024 | 0.076   | 0.006 | 0.020 | 0.024 | 0.024 | 0.007  | 14.000    | 642.000   | 4228.000     | 352.333   |
| 21     | 0   | 21     | 0   | 0   | 0   | GET    | /api/isu/d6ff649b-3d1d-40fc-ae77-d34e35f148e2/graph | 0.000 | 0.036 | 0.132   | 0.006 | 0.012 | 0.016 | 0.036 | 0.008  | 270.000   | 765.000   | 11475.000    | 546.429   |
| 7      | 0   | 7      | 0   | 0   | 0   | GET    | /api/isu/a799b55e-898c-4713-8afc-55534a38c6af       | 0.000 | 0.020 | 0.044   | 0.006 | 0.020 | 0.020 | 0.020 | 0.008  | 117.000   | 117.000   | 819.000      | 117.000   |
| 13     | 0   | 13     | 0   | 0   | 0   | GET    | /api/isu/ef9847fb-21f6-4dad-8090-f85c2176fda8/graph | 0.008 | 0.020 | 0.080   | 0.006 | 0.012 | 0.020 | 0.020 | 0.006  | 265.000   | 812.000   | 7035.000     | 541.154   |
| 26417  | 0   | 26372  | 0   | 45  | 0   | GET    | /api/trend                                          | 0.000 | 0.248 | 162.200 | 0.006 | 0.016 | 0.024 | 0.060 | 0.013  | 0.000     | 3805.000  | 56260702.000 | 2129.716  |
| 2      | 0   | 0      | 0   | 2   | 0   | GET    | /api/isu/f46ad522-d196-487e-b666-c9b000c3d458/icon  | 0.004 | 0.008 | 0.012   | 0.006 | 0.008 | 0.008 | 0.008 | 0.002  | 14.000    | 21.000    | 35.000       | 17.500    |
| 4      | 0   | 4      | 0   | 0   | 0   | GET    | /api/isu/b9416d83-444e-4715-91d1-dd76cf7f4d07       | 0.016 | 0.016 | 0.024   | 0.006 | 0.016 | 0.016 | 0.016 | 0.006  | 129.000   | 129.000   | 516.000      | 129.000   |
| 4      | 0   | 4      | 0   | 0   | 0   | GET    | /api/isu/e7bae7b3-99d0-4aa5-a428-6df5d2739a0e       | 0.008 | 0.016 | 0.024   | 0.006 | 0.016 | 0.016 | 0.016 | 0.007  | 135.000   | 135.000   | 540.000      | 135.000   |
| 2      | 0   | 2      | 0   | 0   | 0   | GET    | /api/isu/ce0877b7-8286-4978-856e-37fc1383c328/graph | 0.004 | 0.008 | 0.012   | 0.006 | 0.008 | 0.008 | 0.008 | 0.002  | 434.000   | 582.000   | 1016.000     | 508.000   |
| 4      | 0   | 4      | 0   | 0   | 0   | GET    | /api/isu/a100752d-15c6-46b0-8d25-43cb3c6858e5       | 0.004 | 0.020 | 0.024   | 0.006 | 0.020 | 0.020 | 0.020 | 0.008  | 114.000   | 114.000   | 456.000      | 114.000   |
| 2      | 0   | 2      | 0   | 0   | 0   | GET    | /api/isu/badfe744-b2e7-4160-a8b9-9049f074e883       | 0.012 | 0.012 | 0.012   | 0.006 | 0.012 | 0.012 | 0.012 | 0.006  | 123.000   | 123.000   | 246.000      | 123.000   |
| 4      | 0   | 4      | 0   | 0   | 0   | GET    | /api/isu/f4403860-78f4-4a5e-b676-b0fbcdd9b40d/graph | 0.004 | 0.008 | 0.024   | 0.006 | 0.008 | 0.008 | 0.008 | 0.002  | 425.000   | 643.000   | 2040.000     | 510.000   |
| 2      | 0   | 2      | 0   | 0   | 0   | GET    | /api/isu/f68f9df3-8bb3-4178-9411-1a686dd27bef       | 0.012 | 0.012 | 0.012   | 0.006 | 0.012 | 0.012 | 0.012 | 0.006  | 126.000   | 126.000   | 252.000      | 126.000   |
| 7      | 0   | 7      | 0   | 0   | 0   | GET    | /api/isu/a1fedd65-3c2f-49a3-b744-22e1620c5145       | 0.000 | 0.024 | 0.040   | 0.006 | 0.024 | 0.024 | 0.024 | 0.008  | 120.000   | 120.000   | 840.000      | 120.000   |
| 7      | 0   | 7      | 0   | 0   | 0   | GET    | /api/isu/c5981201-a13e-4a78-8025-332944879a4b/graph | 0.004 | 0.012 | 0.040   | 0.006 | 0.012 | 0.012 | 0.012 | 0.003  | 267.000   | 616.000   | 3666.000     | 523.714   |
| 7      | 0   | 7      | 0   | 0   | 0   | GET    | /api/isu/a288ea21-c6a7-4040-bcdc-eaba059de096       | 0.000 | 0.036 | 0.040   | 0.006 | 0.036 | 0.036 | 0.036 | 0.012  | 120.000   | 120.000   | 840.000      | 120.000   |
| 5      | 0   | 5      | 0   | 0   | 0   | GET    | /api/isu/c5315e65-9e26-4f21-a07d-c01f8dd821cc/graph | 0.012 | 0.012 | 0.028   | 0.006 | 0.012 | 0.012 | 0.012 | 0.005  | 380.000   | 534.000   | 2229.000     | 445.800   |
| 58     | 0   | 58     | 0   | 0   | 0   | GET    | /api/isu/dc393115-5fc5-4316-a80e-b501131a424d       | 0.000 | 0.184 | 0.324   | 0.006 | 0.008 | 0.016 | 0.184 | 0.024  | 122.000   | 122.000   | 7076.000     | 122.000   |
| 83     | 0   | 79     | 0   | 4   | 0   | GET    | /api/isu/bdb2762d-2fc1-4d35-b6bb-d10fd7de2004/graph | 0.004 | 0.028 | 0.460   | 0.006 | 0.016 | 0.020 | 0.028 | 0.007  | 14.000    | 823.000   | 43309.000    | 521.795   |
| 41     | 0   | 41     | 0   | 0   | 0   | GET    | /api/isu/eddb4cac-3c63-4064-8a5b-94a3ad466fe4/graph | 0.004 | 0.040 | 0.224   | 0.005 | 0.012 | 0.016 | 0.040 | 0.007  | 271.000   | 874.000   | 22618.000    | 551.659   |
| 25     | 0   | 25     | 0   | 0   | 0   | GET    | /api/isu/f16764e4-deae-4089-b379-b6f5ba1d9578/graph | 0.012 | 0.024 | 0.136   | 0.005 | 0.020 | 0.020 | 0.024 | 0.007  | 266.000   | 785.000   | 11663.000    | 466.520   |
| 3      | 0   | 3      | 0   | 0   | 0   | GET    | /api/isu/a7eb60ab-2e1e-4266-9b62-b34c031381bd/graph | 0.000 | 0.016 | 0.016   | 0.005 | 0.016 | 0.016 | 0.016 | 0.008  | 442.000   | 730.000   | 1869.000     | 623.000   |
| 163002 | 0   | 162044 | 0   | 958 | 0   | POST   | /api/condition/[a-z0-9-]+                           | 0.004 | 0.808 | 867.249 | 0.005 | 0.012 | 0.020 | 0.060 | 0.017  | 0.000     | 14.000    | 42.000       | 0.000     |
| 9557   | 0   | 9330   | 0   | 227 | 0   | GET    | /api/condition/[a-z0-9-]+                           | 0.000 | 0.240 | 50.388  | 0.005 | 0.012 | 0.020 | 0.044 | 0.012  | 3.000     | 1018.000  | 2851396.000  | 298.357   |
| 13     | 0   | 13     | 0   | 0   | 0   | GET    | /api/isu/eb32f5bb-f0aa-4622-be0a-47c2c83f6797       | 0.000 | 0.040 | 0.068   | 0.005 | 0.012 | 0.040 | 0.040 | 0.011  | 123.000   | 123.000   | 1599.000     | 123.000   |
| 20     | 0   | 20     | 0   | 0   | 0   | GET    | /api/isu/eb620eb1-da6e-487b-94fb-e1c308d02eaf/graph | 0.004 | 0.020 | 0.104   | 0.005 | 0.008 | 0.012 | 0.020 | 0.005  | 270.000   | 764.000   | 9536.000     | 476.800   |
| 10     | 0   | 10     | 0   | 0   | 0   | GET    | /api/isu/d06796e1-c5d5-4535-888e-eac6dd2cae31/graph | 0.012 | 0.024 | 0.052   | 0.005 | 0.012 | 0.024 | 0.024 | 0.008  | 270.000   | 779.000   | 5391.000     | 539.100   |
| 7      | 0   | 7      | 0   | 0   | 0   | GET    | /api/isu/beccb64a-45b8-4dc6-a45f-419638d5c322/graph | 0.008 | 0.020 | 0.036   | 0.005 | 0.020 | 0.020 | 0.020 | 0.007  | 267.000   | 647.000   | 3235.000     | 462.143   |
| 25     | 0   | 25     | 0   | 0   | 0   | GET    | /api/isu/ab02d57c-eaab-4be7-938b-27277a35d1e8       | 0.004 | 0.068 | 0.128   | 0.005 | 0.008 | 0.016 | 0.068 | 0.013  | 122.000   | 122.000   | 3050.000     | 122.000   |
| 108    | 0   | 106    | 0   | 2   | 0   | GET    | /api/isu/bdb2762d-2fc1-4d35-b6bb-d10fd7de2004       | 0.000 | 0.072 | 0.548   | 0.005 | 0.016 | 0.020 | 0.048 | 0.010  | 14.000    | 119.000   | 12649.000    | 117.120   |
| 4      | 0   | 4      | 0   | 0   | 0   | GET    | /api/isu/c44a1003-d92e-4604-957e-981bee99813e       | 0.000 | 0.012 | 0.020   | 0.005 | 0.012 | 0.012 | 0.012 | 0.005  | 114.000   | 114.000   | 456.000      | 114.000   |
| 4      | 0   | 4      | 0   | 0   | 0   | GET    | /api/isu/c724c901-d532-4bcc-85bf-d7a51db1ca50       | 0.004 | 0.008 | 0.020   | 0.005 | 0.008 | 0.008 | 0.008 | 0.002  | 115.000   | 115.000   | 460.000      | 115.000   |
| 4      | 0   | 0      | 0   | 4   | 0   | GET    | /api/isu/c648b087-fe00-4ea2-a524-b2e80555893f       | 0.000 | 0.008 | 0.020   | 0.005 | 0.008 | 0.008 | 0.008 | 0.003  | 14.000    | 21.000    | 70.000       | 17.500    |
| 4      | 0   | 4      | 0   | 0   | 0   | GET    | /api/isu/f5b7cbe2-4130-4ccb-88a5-a4b8b10f739d       | 0.000 | 0.016 | 0.020   | 0.005 | 0.016 | 0.016 | 0.016 | 0.007  | 120.000   | 120.000   | 480.000      | 120.000   |
| 6285   | 0   | 6041   | 0   | 244 | 0   | GET    | /api/isu/[0-9]+                                     | 0.004 | 0.224 | 30.420  | 0.005 | 0.012 | 0.020 | 0.044 | 0.011  | 0.000     | 981.000   | 1760160.000  | 280.057   |
| 10     | 0   | 10     | 0   | 0   | 0   | GET    | /api/isu/a3f8c44b-d059-428d-b2ea-9c01c59d9184       | 0.000 | 0.024 | 0.048   | 0.005 | 0.020 | 0.024 | 0.024 | 0.009  | 111.000   | 111.000   | 1110.000     | 111.000   |
| 5      | 0   | 5      | 0   | 0   | 0   | GET    | /api/isu/dae32506-1406-47dd-976c-a2043510b3ed/graph | 0.008 | 0.012 | 0.024   | 0.005 | 0.012 | 0.012 | 0.012 | 0.005  | 270.000   | 533.000   | 2166.000     | 433.200   |
| 31     | 0   | 31     | 0   | 0   | 0   | GET    | /api/isu/eb620eb1-da6e-487b-94fb-e1c308d02eaf       | 0.000 | 0.044 | 0.144   | 0.005 | 0.012 | 0.032 | 0.044 | 0.010  | 117.000   | 117.000   | 3627.000     | 117.000   |
| 7      | 0   | 7      | 0   | 0   | 0   | GET    | /api/isu/f4743b62-dacf-4587-b00e-0cbb42b8820b       | 0.000 | 0.016 | 0.032   | 0.005 | 0.016 | 0.016 | 0.016 | 0.006  | 129.000   | 129.000   | 903.000      | 129.000   |
| 7      | 0   | 7      | 0   | 0   | 0   | GET    | /api/isu/a696f3f2-294d-413c-ab24-d902b377e551       | 0.000 | 0.020 | 0.032   | 0.005 | 0.020 | 0.020 | 0.020 | 0.007  | 126.000   | 126.000   | 882.000      | 126.000   |
| 22     | 0   | 22     | 0   | 0   | 0   | GET    | /api/isu/ef08623e-1336-45b7-9678-555df72ac9e9       | 0.016 | 0.024 | 0.100   | 0.005 | 0.016 | 0.016 | 0.024 | 0.007  | 120.000   | 120.000   | 2640.000     | 120.000   |
| 12     | 0   | 12     | 0   | 0   | 0   | GET    | /api/isu/eb32f5bb-f0aa-4622-be0a-47c2c83f6797/graph | 0.016 | 0.020 | 0.052   | 0.004 | 0.016 | 0.020 | 0.020 | 0.006  | 265.000   | 806.000   | 6739.000     | 561.583   |
| 5634   | 0   | 5601   | 0   | 33  | 0   | GET    | /api/isu                                            | 0.008 | 0.232 | 24.144  | 0.004 | 0.012 | 0.016 | 0.036 | 0.010  | 3.000     | 1195.000  | 4160143.000  | 738.400   |
| 1368   | 0   | 1104   | 0   | 264 | 0   | POST   | /api/auth                                           | 0.004 | 0.116 | 5.760   | 0.004 | 0.012 | 0.016 | 0.036 | 0.008  | 0.000     | 19.000    | 3036.000     | 2.219     |
| 24     | 0   | 20     | 0   | 4   | 0   | GET    | /api/isu/ca06ee98-608e-4692-9bea-ea23a6cfe35a/graph | 0.000 | 0.016 | 0.100   | 0.004 | 0.008 | 0.012 | 0.016 | 0.004  | 14.000    | 855.000   | 11572.000    | 482.167   |
| 37     | 0   | 35     | 0   | 2   | 0   | GET    | /api/isu/ca06ee98-608e-4692-9bea-ea23a6cfe35a       | 0.008 | 0.024 | 0.148   | 0.004 | 0.012 | 0.020 | 0.024 | 0.006  | 14.000    | 117.000   | 4130.000     | 111.622   |
| 10     | 0   | 10     | 0   | 0   | 0   | GET    | /api/isu/f75f9595-8c81-473b-a94a-734c943327d7       | 0.000 | 0.028 | 0.040   | 0.004 | 0.004 | 0.028 | 0.028 | 0.008  | 115.000   | 115.000   | 1150.000     | 115.000   |
| 4      | 0   | 4      | 0   | 0   | 0   | GET    | /api/isu/b70c6531-820f-40da-bbe0-f6f54084f1c2       | 0.000 | 0.016 | 0.016   | 0.004 | 0.016 | 0.016 | 0.016 | 0.007  | 123.000   | 123.000   | 492.000      | 123.000   |
| 4      | 0   | 0      | 0   | 4   | 0   | GET    | /api/isu/c648b087-fe00-4ea2-a524-b2e80555893f/icon  | 0.000 | 0.008 | 0.016   | 0.004 | 0.008 | 0.008 | 0.008 | 0.003  | 14.000    | 21.000    | 70.000       | 17.500    |
| 1      | 0   | 1      | 0   | 0   | 0   | GET    | /api/isu/cbf23eba-32d5-43b0-a8d3-573316c98291       | 0.004 | 0.004 | 0.004   | 0.004 | 0.004 | 0.004 | 0.004 | 0.000  | 114.000   | 114.000   | 114.000      | 114.000   |
| 4      | 0   | 4      | 0   | 0   | 0   | GET    | /api/isu/d06aa256-87d3-4629-9440-883f2df1c1f5       | 0.008 | 0.008 | 0.016   | 0.004 | 0.008 | 0.008 | 0.008 | 0.003  | 126.000   | 126.000   | 504.000      | 126.000   |
| 7      | 0   | 7      | 0   | 0   | 0   | GET    | /api/isu/ff4fae06-6d84-4d65-a8b3-8a463a5b767b       | 0.004 | 0.008 | 0.028   | 0.004 | 0.008 | 0.008 | 0.008 | 0.003  | 126.000   | 126.000   | 882.000      | 126.000   |
| 4      | 0   | 4      | 0   | 0   | 0   | GET    | /api/isu/c7b1c76e-aff9-465f-b007-e9572864dd31       | 0.012 | 0.012 | 0.016   | 0.004 | 0.012 | 0.012 | 0.012 | 0.005  | 126.000   | 126.000   | 504.000      | 126.000   |
| 4      | 0   | 4      | 0   | 0   | 0   | GET    | /api/isu/faf44411-60f8-4119-883f-9ec5a3a65ddb       | 0.004 | 0.008 | 0.016   | 0.004 | 0.008 | 0.008 | 0.008 | 0.003  | 120.000   | 120.000   | 480.000      | 120.000   |
| 4      | 0   | 0      | 0   | 4   | 0   | GET    | /api/isu/c0a0b8b0-23da-4394-ac77-64685821ca38/graph | 0.004 | 0.012 | 0.016   | 0.004 | 0.012 | 0.012 | 0.012 | 0.005  | 14.000    | 21.000    | 72.000       | 18.000    |
| 1      | 0   | 1      | 0   | 0   | 0   | GET    | /api/isu/ff42514f-773b-44d6-882a-6916da6b2b47       | 0.004 | 0.004 | 0.004   | 0.004 | 0.004 | 0.004 | 0.004 | 0.000  | 126.000   | 126.000   | 126.000      | 126.000   |
| 1      | 0   | 1      | 0   | 0   | 0   | GET    | /api/isu/bc67920c-8f0f-4a7d-adab-de7c58b38644       | 0.004 | 0.004 | 0.004   | 0.004 | 0.004 | 0.004 | 0.004 | 0.000  | 129.000   | 129.000   | 129.000      | 129.000   |
| 1      | 0   | 1      | 0   | 0   | 0   | GET    | /api/isu/bcbdfc8b-82ba-4c01-8121-d0281315310f       | 0.004 | 0.004 | 0.004   | 0.004 | 0.004 | 0.004 | 0.004 | 0.000  | 132.000   | 132.000   | 132.000      | 132.000   |
| 6      | 0   | 6      | 0   | 0   | 0   | GET    | /api/isu/ff4fae06-6d84-4d65-a8b3-8a463a5b767b/graph | 0.004 | 0.016 | 0.024   | 0.004 | 0.016 | 0.016 | 0.016 | 0.006  | 270.000   | 594.000   | 2693.000     | 448.833   |
| 2      | 0   | 2      | 0   | 0   | 0   | GET    | /api/isu/cd316ae8-8ff2-4ccc-a4fd-a37bcbc97843/graph | 0.008 | 0.008 | 0.008   | 0.004 | 0.008 | 0.008 | 0.008 | 0.004  | 548.000   | 710.000   | 1258.000     | 629.000   |
| 7      | 0   | 7      | 0   | 0   | 0   | GET    | /api/isu/f5a18597-4f03-4a8e-b146-fa326dbce6a6       | 0.004 | 0.024 | 0.028   | 0.004 | 0.024 | 0.024 | 0.024 | 0.008  | 121.000   | 121.000   | 847.000      | 121.000   |
| 2      | 0   | 2      | 0   | 0   | 0   | GET    | /api/isu/b9416d83-444e-4715-91d1-dd76cf7f4d07/graph | 0.004 | 0.004 | 0.008   | 0.004 | 0.004 | 0.004 | 0.004 | 0.000  | 270.000   | 378.000   | 648.000      | 324.000   |
| 1      | 0   | 1      | 0   | 0   | 0   | GET    | /api/isu/df6c6fb3-fedf-4048-a820-31af36359483       | 0.004 | 0.004 | 0.004   | 0.004 | 0.004 | 0.004 | 0.004 | 0.000  | 123.000   | 123.000   | 123.000      | 123.000   |
| 2      | 0   | 0      | 0   | 2   | 0   | GET    | /api/isu/b14b8bad-6b89-4997-95de-27e85ed058f8/icon  | 0.008 | 0.008 | 0.008   | 0.004 | 0.008 | 0.008 | 0.008 | 0.004  | 14.000    | 21.000    | 35.000       | 17.500    |
| 3      | 0   | 3      | 0   | 0   | 0   | GET    | /api/isu/ed5a1a53-ad15-44b8-bb07-cec1c62a154c/graph | 0.012 | 0.012 | 0.012   | 0.004 | 0.012 | 0.012 | 0.012 | 0.006  | 390.000   | 553.000   | 1470.000     | 490.000   |
| 1      | 0   | 1      | 0   | 0   | 0   | GET    | /api/isu/f9d766b0-cf4a-4c49-8363-442502036379       | 0.004 | 0.004 | 0.004   | 0.004 | 0.004 | 0.004 | 0.004 | 0.000  | 120.000   | 120.000   | 120.000      | 120.000   |
| 1      | 0   | 1      | 0   | 0   | 0   | GET    | /api/isu/b06eff70-09fa-43c3-819f-93973a4f8143       | 0.004 | 0.004 | 0.004   | 0.004 | 0.004 | 0.004 | 0.004 | 0.000  | 123.000   | 123.000   | 123.000      | 123.000   |
| 1      | 0   | 1      | 0   | 0   | 0   | GET    | /api/isu/e3a0895d-f317-4644-bce8-4b87f5b977ab       | 0.004 | 0.004 | 0.004   | 0.004 | 0.004 | 0.004 | 0.004 | 0.000  | 123.000   | 123.000   | 123.000      | 123.000   |
| 6      | 0   | 6      | 0   | 0   | 0   | GET    | /api/isu/a799b55e-898c-4713-8afc-55534a38c6af/graph | 0.004 | 0.012 | 0.024   | 0.004 | 0.012 | 0.012 | 0.012 | 0.004  | 271.000   | 721.000   | 3333.000     | 555.500   |
| 3      | 0   | 3      | 0   | 0   | 0   | GET    | /api/isu/ebb78f02-c549-4756-ab2c-13186378a1aa/graph | 0.004 | 0.004 | 0.012   | 0.004 | 0.004 | 0.004 | 0.004 | 0.000  | 430.000   | 599.000   | 1619.000     | 539.667   |
| 11     | 0   | 11     | 0   | 0   | 0   | GET    | /api/isu/e6d7cd29-cb9b-4519-859c-1613ae30c2b6/graph | 0.004 | 0.012 | 0.044   | 0.004 | 0.012 | 0.012 | 0.012 | 0.005  | 265.000   | 886.000   | 6547.000     | 595.182   |
| 1      | 0   | 1      | 0   | 0   | 0   | GET    | /api/isu/eba74219-7a47-441c-ae1c-d7b195f26224       | 0.004 | 0.004 | 0.004   | 0.004 | 0.004 | 0.004 | 0.004 | 0.000  | 114.000   | 114.000   | 114.000      | 114.000   |
| 1      | 0   | 1      | 0   | 0   | 0   | GET    | /api/isu/d99461d4-5edb-4f46-9611-f16bf8aaa05c       | 0.004 | 0.004 | 0.004   | 0.004 | 0.004 | 0.004 | 0.004 | 0.000  | 123.000   | 123.000   | 123.000      | 123.000   |
| 1      | 0   | 1      | 0   | 0   | 0   | GET    | /api/isu/adc4495a-bd73-4169-870a-6de332d47d51       | 0.004 | 0.004 | 0.004   | 0.004 | 0.004 | 0.004 | 0.004 | 0.000  | 117.000   | 117.000   | 117.000      | 117.000   |
| 1      | 0   | 1      | 0   | 0   | 0   | GET    | /api/isu/ea062691-0297-4935-8202-5da92816838a       | 0.004 | 0.004 | 0.004   | 0.004 | 0.004 | 0.004 | 0.004 | 0.000  | 129.000   | 129.000   | 129.000      | 129.000   |
| 1      | 0   | 1      | 0   | 0   | 0   | GET    | /api/isu/b84a83c0-e326-42fd-96f9-aae330f7e0b0       | 0.004 | 0.004 | 0.004   | 0.004 | 0.004 | 0.004 | 0.004 | 0.000  | 123.000   | 123.000   | 123.000      | 123.000   |
| 2      | 0   | 0      | 0   | 2   | 0   | GET    | /api/isu/ea78c8f4-3b61-4f59-a5e3-2be4d5cc9d00       | 0.000 | 0.008 | 0.008   | 0.004 | 0.008 | 0.008 | 0.008 | 0.004  | 14.000    | 21.000    | 35.000       | 17.500    |
| 4      | 0   | 4      | 0   | 0   | 0   | GET    | /api/isu/ed5a1a53-ad15-44b8-bb07-cec1c62a154c       | 0.012 | 0.012 | 0.016   | 0.004 | 0.012 | 0.012 | 0.012 | 0.005  | 123.000   | 123.000   | 492.000      | 123.000   |
| 41     | 0   | 41     | 0   | 0   | 0   | GET    | /api/isu/dc393115-5fc5-4316-a80e-b501131a424d/graph | 0.008 | 0.028 | 0.160   | 0.004 | 0.008 | 0.012 | 0.028 | 0.006  | 271.000   | 1025.000  | 20365.000    | 496.707   |
| 22     | 0   | 22     | 0   | 0   | 0   | GET    | /api/isu/dcec6a9c-a58c-446a-ba1c-6180ec482dd4/graph | 0.000 | 0.024 | 0.084   | 0.004 | 0.016 | 0.016 | 0.024 | 0.006  | 271.000   | 814.000   | 11204.000    | 509.273   |
| 20     | 0   | 20     | 0   | 0   | 0   | GET    | /api/isu/cd179845-ea90-4807-aa21-9072bc203cd2/graph | 0.004 | 0.020 | 0.076   | 0.004 | 0.012 | 0.012 | 0.020 | 0.006  | 271.000   | 857.000   | 10778.000    | 538.900   |
| 49     | 0   | 49     | 0   | 0   | 0   | GET    | /api/isu/bb09024d-a90d-4f12-8b1e-484c0a489489       | 0.000 | 0.024 | 0.184   | 0.004 | 0.008 | 0.016 | 0.024 | 0.005  | 116.000   | 116.000   | 5684.000     | 116.000   |
| 52     | 0   | 52     | 0   | 0   | 0   | GET    | /api/isu/d562bec8-25ce-419d-9877-30a1d69544c7       | 0.016 | 0.036 | 0.192   | 0.004 | 0.012 | 0.016 | 0.036 | 0.007  | 128.000   | 128.000   | 6656.000     | 128.000   |
| 13     | 0   | 13     | 0   | 0   | 0   | GET    | /api/isu/d66446b1-c3de-467b-ab02-3d7fe083b55a       | 0.000 | 0.024 | 0.048   | 0.004 | 0.008 | 0.024 | 0.024 | 0.007  | 120.000   | 120.000   | 1560.000     | 120.000   |
| 13     | 0   | 13     | 0   | 0   | 0   | GET    | /api/isu/dd0fba91-3a10-4b78-b1b8-29498db80a17       | 0.000 | 0.016 | 0.048   | 0.004 | 0.008 | 0.016 | 0.016 | 0.005  | 112.000   | 112.000   | 1456.000     | 112.000   |
| 22     | 0   | 22     | 0   | 0   | 0   | GET    | /api/isu/f1e78361-3bad-4e46-8668-7821106ad0e6       | 0.000 | 0.016 | 0.080   | 0.004 | 0.012 | 0.012 | 0.016 | 0.005  | 122.000   | 122.000   | 2684.000     | 122.000   |
| 11     | 0   | 11     | 0   | 0   | 0   | GET    | /api/isu/b2e8d98d-7a72-4287-ab0d-5f2569f7baa6       | 0.008 | 0.016 | 0.040   | 0.004 | 0.012 | 0.016 | 0.016 | 0.006  | 120.000   | 120.000   | 1320.000     | 120.000   |
| 62     | 0   | 58     | 0   | 4   | 0   | GET    | /api/isu/a2e636b4-a275-44d3-bc80-bd466a5da218/graph | 0.004 | 0.024 | 0.224   | 0.004 | 0.008 | 0.012 | 0.024 | 0.005  | 14.000    | 792.000   | 31007.000    | 500.113   |
| 10     | 0   | 10     | 0   | 0   | 0   | GET    | /api/isu/db47ca36-b646-4810-b3fe-3c05167ac28e/graph | 0.004 | 0.008 | 0.036   | 0.004 | 0.008 | 0.008 | 0.008 | 0.003  | 272.000   | 643.000   | 5271.000     | 527.100   |
| 9      | 0   | 9      | 0   | 0   | 0   | GET    | /api/isu/dd0fba91-3a10-4b78-b1b8-29498db80a17/graph | 0.000 | 0.008 | 0.032   | 0.004 | 0.008 | 0.008 | 0.008 | 0.003  | 265.000   | 763.000   | 4669.000     | 518.778   |
| 45     | 0   | 45     | 0   | 0   | 0   | GET    | /api/isu/cdc12e24-db86-4b4e-89de-53feed95587d/graph | 0.016 | 0.028 | 0.156   | 0.003 | 0.008 | 0.016 | 0.028 | 0.006  | 273.000   | 927.000   | 25800.000    | 573.333   |
| 7      | 0   | 7      | 0   | 0   | 0   | GET    | /api/isu/dfd637cf-c216-4485-b226-bc39b6b272da       | 0.000 | 0.020 | 0.024   | 0.003 | 0.020 | 0.020 | 0.020 | 0.007  | 117.000   | 117.000   | 819.000      | 117.000   |
| 7      | 0   | 7      | 0   | 0   | 0   | GET    | /api/isu/afd6a8e4-372a-4492-8882-c8dfa7b5b29d       | 0.004 | 0.008 | 0.024   | 0.003 | 0.008 | 0.008 | 0.008 | 0.003  | 123.000   | 123.000   | 861.000      | 123.000   |
| 7      | 0   | 7      | 0   | 0   | 0   | GET    | /api/isu/cac5e8e3-1362-429a-b728-d80a2eaa83f8/graph | 0.000 | 0.008 | 0.024   | 0.003 | 0.008 | 0.008 | 0.008 | 0.003  | 267.000   | 656.000   | 3559.000     | 508.429   |
| 966    | 0   | 931    | 0   | 35  | 0   | POST   | /api/signout                                        | 0.008 | 0.116 | 3.224   | 0.003 | 0.008 | 0.016 | 0.028 | 0.008  | 0.000     | 21.000    | 735.000      | 0.761     |
| 18     | 0   | 18     | 0   | 0   | 0   | GET    | /api/isu/ef08623e-1336-45b7-9678-555df72ac9e9/graph | 0.004 | 0.016 | 0.060   | 0.003 | 0.012 | 0.016 | 0.016 | 0.004  | 265.000   | 842.000   | 9417.000     | 523.167   |
| 35     | 0   | 35     | 0   | 0   | 0   | GET    | /api/isu/f0eb479c-f453-48bc-a035-d53a2c73f665/graph | 0.000 | 0.016 | 0.116   | 0.003 | 0.008 | 0.012 | 0.016 | 0.004  | 271.000   | 979.000   | 19109.000    | 545.971   |
| 1964   | 0   | 1003   | 0   | 961 | 0   | GET    | /api/user/me                                        | 0.028 | 0.184 | 6.404   | 0.003 | 0.008 | 0.012 | 0.032 | 0.008  | 21.000    | 41.000    | 53777.000    | 27.381    |
| 55     | 0   | 55     | 0   | 0   | 0   | GET    | /api/isu/e5b4f068-f4ec-4545-8afa-de3c722c92ca       | 0.008 | 0.020 | 0.176   | 0.003 | 0.008 | 0.012 | 0.020 | 0.005  | 114.000   | 114.000   | 6270.000     | 114.000   |
| 5      | 0   | 5      | 0   | 0   | 0   | GET    | /api/isu/a7eb60ab-2e1e-4266-9b62-b34c031381bd       | 0.016 | 0.016 | 0.016   | 0.003 | 0.016 | 0.016 | 0.016 | 0.006  | 112.000   | 112.000   | 560.000      | 112.000   |
| 5      | 0   | 5      | 0   | 0   | 0   | GET    | /api/isu/c5a791a4-7b4b-4d3a-9e2d-2a69d5893959/graph | 0.008 | 0.008 | 0.016   | 0.003 | 0.008 | 0.008 | 0.008 | 0.004  | 380.000   | 491.000   | 2097.000     | 419.400   |
| 72     | 0   | 68     | 0   | 4   | 0   | GET    | /api/isu/a600b100-7e39-4fd1-9f29-5982232a720c/graph | 0.004 | 0.016 | 0.228   | 0.003 | 0.008 | 0.012 | 0.016 | 0.004  | 14.000    | 938.000   | 38278.000    | 531.639   |
| 31     | 0   | 31     | 0   | 0   | 0   | GET    | /api/isu/f521467c-fe31-4d18-954b-32766aa98934/graph | 0.004 | 0.016 | 0.096   | 0.003 | 0.004 | 0.012 | 0.016 | 0.004  | 271.000   | 880.000   | 18358.000    | 592.194   |
| 34     | 0   | 34     | 0   | 0   | 0   | GET    | /api/isu/cd179845-ea90-4807-aa21-9072bc203cd2       | 0.000 | 0.020 | 0.104   | 0.003 | 0.012 | 0.020 | 0.020 | 0.005  | 110.000   | 110.000   | 3740.000     | 110.000   |
| 4      | 0   | 4      | 0   | 0   | 0   | GET    | /api/isu/cd80208e-61d9-4c40-8347-adedb840eb4c       | 0.000 | 0.008 | 0.012   | 0.003 | 0.008 | 0.008 | 0.008 | 0.003  | 111.000   | 111.000   | 444.000      | 111.000   |
| 4      | 0   | 4      | 0   | 0   | 0   | GET    | /api/isu/a63bd24c-1aa0-46b0-a55e-0f90b3cd820d       | 0.008 | 0.008 | 0.012   | 0.003 | 0.008 | 0.008 | 0.008 | 0.003  | 114.000   | 114.000   | 456.000      | 114.000   |
| 4      | 0   | 4      | 0   | 0   | 0   | GET    | /api/isu/ce0877b7-8286-4978-856e-37fc1383c328       | 0.004 | 0.008 | 0.012   | 0.003 | 0.008 | 0.008 | 0.008 | 0.003  | 114.000   | 114.000   | 456.000      | 114.000   |
| 8      | 0   | 0      | 0   | 8   | 0   | GET    | /api/isu/cab99f63-bb3a-4648-b6df-376396f2c7ab/graph | 0.004 | 0.016 | 0.024   | 0.003 | 0.016 | 0.016 | 0.016 | 0.005  | 14.000    | 21.000    | 144.000      | 18.000    |
| 7      | 0   | 7      | 0   | 0   | 0   | GET    | /api/isu/c3670612-0272-4ba0-bf00-800381a1d4b7/graph | 0.000 | 0.008 | 0.020   | 0.003 | 0.008 | 0.008 | 0.008 | 0.003  | 267.000   | 661.000   | 3340.000     | 477.143   |
| 7      | 0   | 7      | 0   | 0   | 0   | GET    | /api/isu/cc767260-17b8-4efa-b4ad-bbb746b16ad2/graph | 0.000 | 0.008 | 0.020   | 0.003 | 0.008 | 0.008 | 0.008 | 0.003  | 269.000   | 524.000   | 2852.000     | 407.429   |
| 10     | 0   | 10     | 0   | 0   | 0   | GET    | /api/isu/c5981201-a13e-4a78-8025-332944879a4b       | 0.004 | 0.012 | 0.028   | 0.003 | 0.008 | 0.012 | 0.012 | 0.004  | 115.000   | 115.000   | 1150.000     | 115.000   |
| 49     | 0   | 49     | 0   | 0   | 0   | GET    | /api/isu/f521467c-fe31-4d18-954b-32766aa98934       | 0.004 | 0.016 | 0.136   | 0.003 | 0.008 | 0.012 | 0.016 | 0.004  | 119.000   | 119.000   | 5831.000     | 119.000   |
| 34     | 0   | 34     | 0   | 0   | 0   | GET    | /api/isu/e99aaa39-30b5-435e-8fab-f99c55564aeb       | 0.000 | 0.028 | 0.092   | 0.003 | 0.008 | 0.016 | 0.028 | 0.006  | 119.000   | 119.000   | 4046.000     | 119.000   |
| 3      | 0   | 3      | 0   | 0   | 0   | GET    | /api/isu/f9bbab0b-6a00-484e-accc-a5d3a1630e7a/graph | 0.004 | 0.004 | 0.008   | 0.003 | 0.004 | 0.004 | 0.004 | 0.002  | 267.000   | 602.000   | 1362.000     | 454.000   |
| 3      | 0   | 3      | 0   | 0   | 0   | GET    | /api/isu/f4200933-8c9d-40ca-b331-13d12425d22e/graph | 0.000 | 0.008 | 0.008   | 0.003 | 0.008 | 0.008 | 0.008 | 0.004  | 450.000   | 643.000   | 1596.000     | 532.000   |
| 73     | 0   | 73     | 0   | 0   | 0   | GET    | /api/isu/a2e636b4-a275-44d3-bc80-bd466a5da218       | 0.000 | 0.024 | 0.192   | 0.003 | 0.012 | 0.012 | 0.024 | 0.005  | 116.000   | 116.000   | 8468.000     | 116.000   |
| 36     | 0   | 36     | 0   | 0   | 0   | GET    | /api/isu/d562bec8-25ce-419d-9877-30a1d69544c7/graph | 0.000 | 0.008 | 0.092   | 0.003 | 0.008 | 0.008 | 0.008 | 0.003  | 271.000   | 861.000   | 17892.000    | 497.000   |
| 58     | 0   | 58     | 0   | 0   | 0   | GET    | /api/isu/eddb4cac-3c63-4064-8a5b-94a3ad466fe4       | 0.004 | 0.020 | 0.148   | 0.003 | 0.008 | 0.012 | 0.020 | 0.004  | 134.000   | 134.000   | 7772.000     | 134.000   |
| 5      | 0   | 5      | 0   | 0   | 0   | GET    | /api/isu/d54f1cd9-d592-4672-bf0f-ba1eae06dfdd/graph | 0.000 | 0.008 | 0.012   | 0.002 | 0.008 | 0.008 | 0.008 | 0.003  | 487.000   | 603.000   | 2614.000     | 522.800   |
| 25     | 0   | 25     | 0   | 0   | 0   | GET    | /api/isu/f366f72a-f9e2-4498-8e73-a5d208fc7d73       | 0.004 | 0.008 | 0.060   | 0.002 | 0.008 | 0.008 | 0.008 | 0.003  | 116.000   | 116.000   | 2900.000     | 116.000   |
| 82     | 0   | 82     | 0   | 0   | 0   | GET    | /api/isu/a600b100-7e39-4fd1-9f29-5982232a720c       | 0.000 | 0.028 | 0.196   | 0.002 | 0.008 | 0.008 | 0.028 | 0.005  | 122.000   | 122.000   | 10004.000    | 122.000   |
| 49     | 0   | 49     | 0   | 0   | 0   | GET    | /api/isu/f0eb479c-f453-48bc-a035-d53a2c73f665       | 0.000 | 0.024 | 0.112   | 0.002 | 0.008 | 0.016 | 0.024 | 0.005  | 122.000   | 122.000   | 5978.000     | 122.000   |
| 7      | 0   | 7      | 0   | 0   | 0   | GET    | /api/isu/a696f3f2-294d-413c-ab24-d902b377e551/graph | 0.000 | 0.008 | 0.016   | 0.002 | 0.008 | 0.008 | 0.008 | 0.003  | 267.000   | 579.000   | 3300.000     | 471.429   |
| 8      | 0   | 8      | 0   | 0   | 0   | GET    | /api/isu/debc812f-814b-4d7e-a66b-1d0020eb9034/graph | 0.000 | 0.008 | 0.016   | 0.002 | 0.008 | 0.008 | 0.008 | 0.003  | 272.000   | 709.000   | 3987.000     | 498.375   |
| 4      | 0   | 0      | 0   | 4   | 0   | GET    | /api/isu/eb104b95-3532-4828-8550-89da717b9667/icon  | 0.008 | 0.008 | 0.008   | 0.002 | 0.008 | 0.008 | 0.008 | 0.003  | 14.000    | 21.000    | 70.000       | 17.500    |
| 14     | 0   | 14     | 0   | 0   | 0   | GET    | /api/isu/f1e78361-3bad-4e46-8668-7821106ad0e6/graph | 0.004 | 0.008 | 0.028   | 0.002 | 0.004 | 0.008 | 0.008 | 0.003  | 265.000   | 776.000   | 6718.000     | 479.857   |
| 2      | 0   | 2      | 0   | 0   | 0   | GET    | /api/isu/eff77bf3-95ab-46b2-b7ae-31e920e8e1c6/graph | 0.000 | 0.004 | 0.004   | 0.002 | 0.004 | 0.004 | 0.004 | 0.002  | 267.000   | 548.000   | 815.000      | 407.500   |
| 6      | 0   | 2      | 0   | 4   | 0   | GET    | /api/isu/b82dcff4-8fae-4773-9956-22ab354adb7e/graph | 0.000 | 0.008 | 0.012   | 0.002 | 0.008 | 0.008 | 0.008 | 0.003  | 14.000    | 516.000   | 1103.000     | 183.833   |
| 2      | 0   | 0      | 0   | 2   | 0   | GET    | /api/isu/bdb2762d-2fc1-4d35-b6bb-d10fd7de2004/icon  | 0.004 | 0.004 | 0.004   | 0.002 | 0.004 | 0.004 | 0.004 | 0.002  | 14.000    | 21.000    | 35.000       | 17.500    |
| 4      | 0   | 4      | 0   | 0   | 0   | GET    | /api/isu/b0307028-7117-4879-9586-45de9adc75db/graph | 0.000 | 0.004 | 0.008   | 0.002 | 0.004 | 0.004 | 0.004 | 0.002  | 432.000   | 550.000   | 1966.000     | 491.500   |
| 2      | 0   | 2      | 0   | 0   | 0   | GET    | /api/isu/c44a1003-d92e-4604-957e-981bee99813e/graph | 0.000 | 0.004 | 0.004   | 0.002 | 0.004 | 0.004 | 0.004 | 0.002  | 375.000   | 647.000   | 1022.000     | 511.000   |
| 4      | 0   | 4      | 0   | 0   | 0   | GET    | /api/isu/a107fecc-49e6-4989-9d7f-4b5bea31ebc1       | 0.000 | 0.004 | 0.008   | 0.002 | 0.004 | 0.004 | 0.004 | 0.002  | 121.000   | 121.000   | 484.000      | 121.000   |
| 4      | 0   | 0      | 0   | 4   | 0   | GET    | /api/isu/cab99f63-bb3a-4648-b6df-376396f2c7ab/icon  | 0.008 | 0.008 | 0.008   | 0.002 | 0.008 | 0.008 | 0.008 | 0.003  | 14.000    | 21.000    | 70.000       | 17.500    |
| 4      | 0   | 4      | 0   | 0   | 0   | GET    | /api/isu/df5173be-6e00-4a2a-9bbb-c7b8c90d5bf7       | 0.000 | 0.004 | 0.008   | 0.002 | 0.004 | 0.004 | 0.004 | 0.002  | 120.000   | 120.000   | 480.000      | 120.000   |
| 4      | 0   | 4      | 0   | 0   | 0   | GET    | /api/isu/ebb78f02-c549-4756-ab2c-13186378a1aa       | 0.000 | 0.004 | 0.008   | 0.002 | 0.004 | 0.004 | 0.004 | 0.002  | 120.000   | 120.000   | 480.000      | 120.000   |
| 2      | 0   | 2      | 0   | 0   | 0   | GET    | /api/isu/ff5af348-b082-4b68-afa3-78bbe3b07eae       | 0.004 | 0.004 | 0.004   | 0.002 | 0.004 | 0.004 | 0.004 | 0.002  | 123.000   | 123.000   | 246.000      | 123.000   |
| 4      | 0   | 4      | 0   | 0   | 0   | GET    | /api/isu/cc767260-17b8-4efa-b4ad-bbb746b16ad2       | 0.000 | 0.004 | 0.008   | 0.002 | 0.004 | 0.004 | 0.004 | 0.002  | 114.000   | 114.000   | 456.000      | 114.000   |
| 4      | 0   | 4      | 0   | 0   | 0   | GET    | /api/isu/f9b7c99a-2468-43b0-88d0-03994a9e4252       | 0.004 | 0.004 | 0.008   | 0.002 | 0.004 | 0.004 | 0.004 | 0.002  | 123.000   | 123.000   | 492.000      | 123.000   |
| 2      | 0   | 0      | 0   | 2   | 0   | GET    | /api/isu/dae514ee-7dba-447d-bcc5-0f4bdbfc561f/icon  | 0.004 | 0.004 | 0.004   | 0.002 | 0.004 | 0.004 | 0.004 | 0.002  | 14.000    | 21.000    | 35.000       | 17.500    |
| 4      | 0   | 4      | 0   | 0   | 0   | GET    | /api/isu/ab8cc34a-f2d2-46da-93fa-85f7c7a99d96       | 0.000 | 0.004 | 0.008   | 0.002 | 0.004 | 0.004 | 0.004 | 0.002  | 117.000   | 117.000   | 468.000      | 117.000   |
| 2      | 0   | 0      | 0   | 2   | 0   | GET    | /api/isu/f521467c-fe31-4d18-954b-32766aa98934/icon  | 0.000 | 0.004 | 0.004   | 0.002 | 0.004 | 0.004 | 0.004 | 0.002  | 14.000    | 21.000    | 35.000       | 17.500    |
| 66     | 0   | 64     | 0   | 2   | 0   | GET    | /api/isu/cdc12e24-db86-4b4e-89de-53feed95587d       | 0.004 | 0.016 | 0.128   | 0.002 | 0.004 | 0.008 | 0.016 | 0.003  | 14.000    | 134.000   | 8611.000     | 130.470   |
| 13     | 0   | 13     | 0   | 0   | 0   | GET    | /api/isu/db47ca36-b646-4810-b3fe-3c05167ac28e       | 0.000 | 0.008 | 0.024   | 0.002 | 0.008 | 0.008 | 0.008 | 0.003  | 114.000   | 114.000   | 1482.000     | 114.000   |
| 13     | 0   | 13     | 0   | 0   | 0   | GET    | /api/isu/e6d7cd29-cb9b-4519-859c-1613ae30c2b6       | 0.000 | 0.008 | 0.024   | 0.002 | 0.004 | 0.008 | 0.008 | 0.003  | 120.000   | 120.000   | 1560.000     | 120.000   |
| 35     | 0   | 35     | 0   | 0   | 0   | GET    | /api/isu/bb09024d-a90d-4f12-8b1e-484c0a489489/graph | 0.004 | 0.008 | 0.064   | 0.002 | 0.008 | 0.008 | 0.008 | 0.003  | 273.000   | 790.000   | 17908.000    | 511.657   |
| 7      | 0   | 7      | 0   | 0   | 0   | GET    | /api/isu/beccb64a-45b8-4dc6-a45f-419638d5c322       | 0.004 | 0.004 | 0.012   | 0.002 | 0.004 | 0.004 | 0.004 | 0.002  | 129.000   | 129.000   | 903.000      | 129.000   |
| 34     | 0   | 34     | 0   | 0   | 0   | GET    | /api/isu/dcec6a9c-a58c-446a-ba1c-6180ec482dd4       | 0.004 | 0.020 | 0.056   | 0.002 | 0.004 | 0.008 | 0.020 | 0.004  | 125.000   | 125.000   | 4250.000     | 125.000   |
| 16     | 0   | 16     | 0   | 0   | 0   | GET    | /api/isu/ef9847fb-21f6-4dad-8090-f85c2176fda8       | 0.008 | 0.008 | 0.024   | 0.002 | 0.008 | 0.008 | 0.008 | 0.003  | 114.000   | 114.000   | 1824.000     | 114.000   |
| 6      | 0   | 6      | 0   | 0   | 0   | GET    | /api/isu/f75f9595-8c81-473b-a94a-734c943327d7/graph | 0.004 | 0.004 | 0.008   | 0.001 | 0.004 | 0.004 | 0.004 | 0.002  | 270.000   | 565.000   | 2755.000     | 459.167   |
| 3      | 0   | 1      | 0   | 2   | 0   | GET    | /api/isu/eb104b95-3532-4828-8550-89da717b9667       | 0.004 | 0.004 | 0.004   | 0.001 | 0.004 | 0.004 | 0.004 | 0.002  | 14.000    | 121.000   | 156.000      | 52.000    |
| 3      | 0   | 1      | 0   | 2   | 0   | GET    | /api/isu/b82dcff4-8fae-4773-9956-22ab354adb7e       | 0.000 | 0.004 | 0.004   | 0.001 | 0.004 | 0.004 | 0.004 | 0.002  | 14.000    | 119.000   | 154.000      | 51.333    |
| 4      | 0   | 4      | 0   | 0   | 0   | GET    | /api/isu/cd316ae8-8ff2-4ccc-a4fd-a37bcbc97843       | 0.004 | 0.004 | 0.004   | 0.001 | 0.004 | 0.004 | 0.004 | 0.002  | 120.000   | 120.000   | 480.000      | 120.000   |
| 4      | 0   | 4      | 0   | 0   | 0   | GET    | /api/isu/f9bbab0b-6a00-484e-accc-a5d3a1630e7a       | 0.000 | 0.004 | 0.004   | 0.001 | 0.004 | 0.004 | 0.004 | 0.002  | 126.000   | 126.000   | 504.000      | 126.000   |
| 4      | 0   | 0      | 0   | 4   | 0   | GET    | /api/isu/a600b100-7e39-4fd1-9f29-5982232a720c/icon  | 0.000 | 0.004 | 0.004   | 0.001 | 0.004 | 0.004 | 0.004 | 0.002  | 14.000    | 21.000    | 70.000       | 17.500    |
| 4      | 0   | 4      | 0   | 0   | 0   | GET    | /api/isu/af2f5909-be19-4a73-83f3-49fafebe905a       | 0.000 | 0.004 | 0.004   | 0.001 | 0.004 | 0.004 | 0.004 | 0.002  | 126.000   | 126.000   | 504.000      | 126.000   |
| 4      | 0   | 4      | 0   | 0   | 0   | GET    | /api/isu/c11ca732-dbef-4ad9-bb63-7384862b3c27       | 0.004 | 0.004 | 0.004   | 0.001 | 0.004 | 0.004 | 0.004 | 0.002  | 114.000   | 114.000   | 456.000      | 114.000   |
| 4      | 0   | 4      | 0   | 0   | 0   | GET    | /api/isu/b0307028-7117-4879-9586-45de9adc75db       | 0.004 | 0.004 | 0.004   | 0.001 | 0.004 | 0.004 | 0.004 | 0.002  | 114.000   | 114.000   | 456.000      | 114.000   |
| 4      | 0   | 4      | 0   | 0   | 0   | GET    | /api/isu/a2e4be23-2b43-44b2-84d6-fb8d427efd3c       | 0.000 | 0.004 | 0.004   | 0.001 | 0.004 | 0.004 | 0.004 | 0.002  | 126.000   | 126.000   | 504.000      | 126.000   |
| 4      | 0   | 0      | 0   | 4   | 0   | GET    | /api/isu/eddb4cac-3c63-4064-8a5b-94a3ad466fe4/icon  | 0.000 | 0.004 | 0.004   | 0.001 | 0.004 | 0.004 | 0.004 | 0.002  | 14.000    | 21.000    | 70.000       | 17.500    |
| 4      | 0   | 0      | 0   | 4   | 0   | GET    | /api/isu/cab99f63-bb3a-4648-b6df-376396f2c7ab       | 0.000 | 0.004 | 0.004   | 0.001 | 0.004 | 0.004 | 0.004 | 0.002  | 14.000    | 21.000    | 70.000       | 17.500    |
| 1      | 0   | 1      | 0   | 0   | 0   | GET    | /api/isu/ff167ec6-17dd-4bd1-af04-b91dbdd95137       | 0.000 | 0.000 | 0.000   | 0.000 | 0.000 | 0.000 | 0.000 | 0.000  | 129.000   | 129.000   | 129.000      | 129.000   |
| 4      | 0   | 4      | 0   | 0   | 0   | GET    | /api/isu/a0e9a4c7-1041-4d14-b32c-cdc88b55eaa7       | 0.000 | 0.000 | 0.000   | 0.000 | 0.000 | 0.000 | 0.000 | 0.000  | 120.000   | 120.000   | 480.000      | 120.000   |
| 2      | 0   | 1      | 0   | 1   | 0   | GET    | /api/isu/e0305087-1037-44cc-9f87-6a2ffbe14d59       | 0.000 | 0.000 | 0.000   | 0.000 | 0.000 | 0.000 | 0.000 | 0.000  | 0.000     | 123.000   | 123.000      | 61.500    |
| 4      | 0   | 0      | 0   | 4   | 0   | GET    | /api/isu/f46ad522-d196-487e-b666-c9b000c3d458/graph | 0.000 | 0.000 | 0.000   | 0.000 | 0.000 | 0.000 | 0.000 | 0.000  | 14.000    | 21.000    | 72.000       | 18.000    |
| 2      | 0   | 2      | 0   | 0   | 0   | GET    | /api/isu/e30871c6-81a0-4744-a424-87bc60983aba       | 0.000 | 0.000 | 0.000   | 0.000 | 0.000 | 0.000 | 0.000 | 0.000  | 117.000   | 117.000   | 234.000      | 117.000   |
| 1      | 0   | 1      | 0   | 0   | 0   | GET    | /api/isu/d589538f-1255-4300-9f8c-397359b8c154       | 0.000 | 0.000 | 0.000   | 0.000 | 0.000 | 0.000 | 0.000 | 0.000  | 123.000   | 123.000   | 123.000      | 123.000   |
| 4      | 0   | 4      | 0   | 0   | 0   | GET    | /api/isu/eff77bf3-95ab-46b2-b7ae-31e920e8e1c6       | 0.000 | 0.000 | 0.000   | 0.000 | 0.000 | 0.000 | 0.000 | 0.000  | 120.000   | 120.000   | 480.000      | 120.000   |
| 2      | 0   | 0      | 0   | 2   | 0   | GET    | /api/isu/a2e636b4-a275-44d3-bc80-bd466a5da218/icon  | 0.000 | 0.000 | 0.000   | 0.000 | 0.000 | 0.000 | 0.000 | 0.000  | 14.000    | 21.000    | 35.000       | 17.500    |
| 1      | 0   | 1      | 0   | 0   | 0   | GET    | /api/isu/f4d1099b-45ed-496e-bb9d-f37f5930739d       | 0.000 | 0.000 | 0.000   | 0.000 | 0.000 | 0.000 | 0.000 | 0.000  | 120.000   | 120.000   | 120.000      | 120.000   |
| 1      | 0   | 1      | 0   | 0   | 0   | GET    | /api/isu/fb385e43-5cd1-4859-be27-9edc5362c933       | 0.000 | 0.000 | 0.000   | 0.000 | 0.000 | 0.000 | 0.000 | 0.000  | 126.000   | 126.000   | 126.000      | 126.000   |
| 1      | 0   | 1      | 0   | 0   | 0   | GET    | /api/isu/a9f09326-f473-40dc-888e-0ebc89918570       | 0.000 | 0.000 | 0.000   | 0.000 | 0.000 | 0.000 | 0.000 | 0.000  | 119.000   | 119.000   | 119.000      | 119.000   |
| 2      | 0   | 2      | 0   | 0   | 0   | GET    | /api/isu/daa566e7-677f-4454-baab-238916c50725       | 0.000 | 0.000 | 0.000   | 0.000 | 0.000 | 0.000 | 0.000 | 0.000  | 120.000   | 120.000   | 240.000      | 120.000   |
| 10     | 0   | 2      | 0   | 8   | 0   | GET    | /api/isu/eb104b95-3532-4828-8550-89da717b9667/graph | 0.000 | 0.000 | 0.000   | 0.000 | 0.000 | 0.000 | 0.000 | 0.000  | 14.000    | 550.000   | 1168.000     | 116.800   |
| 1      | 0   | 1      | 0   | 0   | 0   | GET    | /api/isu/f0d22e51-e748-463f-98bd-bcc78dc9c3d8       | 0.000 | 0.000 | 0.000   | 0.000 | 0.000 | 0.000 | 0.000 | 0.000  | 114.000   | 114.000   | 114.000      | 114.000   |
| 2      | 0   | 2      | 0   | 0   | 0   | GET    | /api/isu/cd80208e-61d9-4c40-8347-adedb840eb4c/graph | 0.000 | 0.000 | 0.000   | 0.000 | 0.000 | 0.000 | 0.000 | 0.000  | 270.000   | 506.000   | 776.000      | 388.000   |
| 4      | 0   | 4      | 0   | 0   | 0   | GET    | /api/isu/f4200933-8c9d-40ca-b331-13d12425d22e       | 0.000 | 0.000 | 0.000   | 0.000 | 0.000 | 0.000 | 0.000 | 0.000  | 117.000   | 117.000   | 468.000      | 117.000   |
+--------+-----+--------+-----+-----+-----+--------+-----------------------------------------------------+-------+-------+---------+-------+-------+-------+-------+--------+-----------+-----------+--------------+-----------+
