+--------+-----+--------+-----+------+-----+--------+-----------------------------------------------------+-------+-------+----------+-------+-------+-------+-------+--------+-----------+-----------+---------------+-----------+
| COUNT  | 1XX |  2XX   | 3XX | 4XX  | 5XX | METHOD |                         URI                         |  MIN  |  MAX  |   SUM    |  AVG  |  P90  |  P95  |  P99  | STDDEV | MIN(BODY) | MAX(BODY) |   SUM(BODY)   | AVG(BODY) |
+--------+-----+--------+-----+------+-----+--------+-----------------------------------------------------+-------+-------+----------+-------+-------+-------+-------+--------+-----------+-----------+---------------+-----------+
| 1      | 0   | 1      | 0   | 0    | 0   | GET    | /api/isu/e2c9fb84-2c7e-40ba-a27c-44c32aa10a33       | 0.616 | 0.616 | 0.616    | 0.616 | 0.616 | 0.616 | 0.616 | 0.000  | 111.000   | 111.000   | 111.000       | 111.000   |
| 1      | 0   | 1      | 0   | 0    | 0   | GET    | /api/isu/f48b9bf3-76ea-41ca-ae50-bb20249be753       | 0.368 | 0.368 | 0.368    | 0.368 | 0.368 | 0.368 | 0.368 | 0.000  | 114.000   | 114.000   | 114.000       | 114.000   |
| 1      | 0   | 1      | 0   | 0    | 0   | GET    | /api/isu/c002315f-c806-4f0b-aaf5-c08a364b7888       | 0.352 | 0.352 | 0.352    | 0.352 | 0.352 | 0.352 | 0.352 | 0.000  | 114.000   | 114.000   | 114.000       | 114.000   |
| 1      | 0   | 1      | 0   | 0    | 0   | GET    | /api/isu/a7e5a2f2-4dcb-429a-b6ab-b48745c36dc3       | 0.268 | 0.268 | 0.268    | 0.268 | 0.268 | 0.268 | 0.268 | 0.000  | 120.000   | 120.000   | 120.000       | 120.000   |
| 2      | 0   | 2      | 0   | 0    | 0   | GET    | /api/isu/ea087809-8983-4670-94d7-4b16f7452f94/graph | 0.096 | 0.408 | 0.504    | 0.252 | 0.408 | 0.408 | 0.408 | 0.156  | 1970.000  | 2162.000  | 4132.000      | 2066.000  |
| 1      | 0   | 1      | 0   | 0    | 0   | GET    | /api/isu/a3f6d054-3ce3-48cb-8bff-020de1b63eae       | 0.224 | 0.224 | 0.224    | 0.224 | 0.224 | 0.224 | 0.224 | 0.000  | 117.000   | 117.000   | 117.000       | 117.000   |
| 1      | 0   | 1      | 0   | 0    | 0   | GET    | /api/isu/dd93c88a-2956-498b-8c73-1210b67812a5       | 0.200 | 0.200 | 0.200    | 0.200 | 0.200 | 0.200 | 0.200 | 0.000  | 123.000   | 123.000   | 123.000       | 123.000   |
| 1      | 0   | 1      | 0   | 0    | 0   | GET    | /api/isu/e0b15c9a-cafb-408f-85e2-15c77191b6b0       | 0.196 | 0.196 | 0.196    | 0.196 | 0.196 | 0.196 | 0.196 | 0.000  | 120.000   | 120.000   | 120.000       | 120.000   |
| 4      | 0   | 4      | 0   | 0    | 0   | GET    | /api/isu/bcaac23a-5e08-4b7c-a027-5235e9421e7e       | 0.004 | 0.620 | 0.736    | 0.184 | 0.620 | 0.620 | 0.620 | 0.253  | 132.000   | 132.000   | 528.000       | 132.000   |
| 432    | 0   | 425    | 0   | 7    | 0   | POST   | /api/isu                                            | 0.048 | 0.744 | 74.190   | 0.172 | 0.336 | 0.432 | 0.636 | 0.127  | 0.000     | 144.000   | 51805.000     | 119.919   |
| 4      | 0   | 4      | 0   | 0    | 0   | GET    | /api/isu/a26f8ea5-6906-493c-8c4d-3d068b1a3bc0/graph | 0.012 | 0.540 | 0.644    | 0.161 | 0.540 | 0.540 | 0.540 | 0.220  | 2164.000  | 2939.000  | 9977.000      | 2494.250  |
| 5      | 0   | 5      | 0   | 0    | 0   | GET    | /api/isu/e7f43a5e-116b-43dc-b637-235c54d4df4a/graph | 0.028 | 0.528 | 0.688    | 0.138 | 0.528 | 0.528 | 0.528 | 0.195  | 2160.000  | 2555.000  | 11883.000     | 2376.600  |
| 4      | 0   | 4      | 0   | 0    | 0   | GET    | /api/isu/e3d3c494-72f5-4962-92d7-c65420d2bc15       | 0.036 | 0.340 | 0.528    | 0.132 | 0.340 | 0.340 | 0.340 | 0.123  | 126.000   | 126.000   | 504.000       | 126.000   |
| 1      | 0   | 1      | 0   | 0    | 0   | POST   | /initialize                                         | 0.132 | 0.132 | 0.132    | 0.132 | 0.132 | 0.132 | 0.132 | 0.000  | 18.000    | 18.000    | 18.000        | 18.000    |
| 3      | 0   | 3      | 0   | 0    | 0   | GET    | /api/isu/db292af9-94de-4e35-b5c6-70b55e1f152f       | 0.000 | 0.312 | 0.372    | 0.124 | 0.312 | 0.312 | 0.312 | 0.135  | 120.000   | 120.000   | 360.000       | 120.000   |
| 9      | 0   | 9      | 0   | 0    | 0   | GET    | /api/isu/c09ba3d7-8c3a-4265-8832-187e36659a7e/graph | 0.160 | 0.452 | 1.032    | 0.115 | 0.452 | 0.452 | 0.452 | 0.133  | 2249.000  | 3329.000  | 24950.000     | 2772.222  |
| 4      | 0   | 4      | 0   | 0    | 0   | GET    | /api/isu/a5972f81-9465-4e47-b9c5-1b7118e1b39d       | 0.064 | 0.200 | 0.432    | 0.108 | 0.200 | 0.200 | 0.200 | 0.080  | 117.000   | 117.000   | 468.000       | 117.000   |
| 4      | 0   | 4      | 0   | 0    | 0   | GET    | /api/isu/ea64da16-6ef9-4161-ab85-427b9c61fe68       | 0.004 | 0.332 | 0.424    | 0.106 | 0.332 | 0.332 | 0.332 | 0.133  | 126.000   | 126.000   | 504.000       | 126.000   |
| 8      | 0   | 8      | 0   | 0    | 0   | GET    | /api/isu/defc7437-bb73-4aa9-9a05-5097c5c24e70/graph | 0.000 | 0.412 | 0.844    | 0.105 | 0.412 | 0.412 | 0.412 | 0.136  | 2320.000  | 3307.000  | 21859.000     | 2732.375  |
| 1      | 0   | 1      | 0   | 0    | 0   | GET    | /api/isu/ea80f99b-3615-44f2-a7ca-572243ca122b       | 0.104 | 0.104 | 0.104    | 0.104 | 0.104 | 0.104 | 0.104 | 0.000  | 123.000   | 123.000   | 123.000       | 123.000   |
| 6      | 0   | 6      | 0   | 0    | 0   | GET    | /api/isu/b7eb768c-622c-4bcc-8d00-ca1c4b2baf10/graph | 0.008 | 0.384 | 0.588    | 0.098 | 0.384 | 0.384 | 0.384 | 0.138  | 2298.000  | 2834.000  | 14959.000     | 2493.167  |
| 2      | 0   | 2      | 0   | 0    | 0   | GET    | /api/isu/e3d3c494-72f5-4962-92d7-c65420d2bc15/graph | 0.068 | 0.128 | 0.196    | 0.098 | 0.128 | 0.128 | 0.128 | 0.030  | 2543.000  | 2551.000  | 5094.000      | 2547.000  |
| 1      | 0   | 1      | 0   | 0    | 0   | GET    | /api/isu/b139bec7-f1a8-4fbe-b014-6b72841368d5       | 0.096 | 0.096 | 0.096    | 0.096 | 0.096 | 0.096 | 0.096 | 0.000  | 108.000   | 108.000   | 108.000       | 108.000   |
| 4      | 0   | 4      | 0   | 0    | 0   | GET    | /api/isu/dd9969bb-742d-4e19-9c5a-e7af53e814e3/graph | 0.012 | 0.328 | 0.372    | 0.093 | 0.328 | 0.328 | 0.328 | 0.136  | 1970.000  | 3213.000  | 10534.000     | 2633.500  |
| 2      | 0   | 2      | 0   | 0    | 0   | GET    | /api/isu/e5abfa04-8457-4d5e-8b35-5e65191d76c9       | 0.072 | 0.108 | 0.180    | 0.090 | 0.108 | 0.108 | 0.108 | 0.018  | 126.000   | 126.000   | 252.000       | 126.000   |
| 3      | 0   | 3      | 0   | 0    | 0   | GET    | /api/isu/bcaac23a-5e08-4b7c-a027-5235e9421e7e/graph | 0.004 | 0.216 | 0.268    | 0.089 | 0.216 | 0.216 | 0.216 | 0.091  | 2254.000  | 2543.000  | 7153.000      | 2384.333  |
| 3      | 0   | 3      | 0   | 0    | 0   | GET    | /api/isu/a43ae692-a8c9-4105-b179-65635e83c71d       | 0.048 | 0.144 | 0.256    | 0.085 | 0.144 | 0.144 | 0.144 | 0.042  | 126.000   | 126.000   | 378.000       | 126.000   |
| 5      | 0   | 5      | 0   | 0    | 0   | GET    | /api/isu/e32beaad-30af-4bbe-9358-d692f99fffe8       | 0.004 | 0.316 | 0.424    | 0.085 | 0.316 | 0.316 | 0.316 | 0.119  | 123.000   | 123.000   | 615.000       | 123.000   |
| 10     | 0   | 10     | 0   | 0    | 0   | GET    | /api/isu/a81c555e-32b7-4030-9bd3-06455fd64d61/graph | 0.000 | 0.408 | 0.756    | 0.076 | 0.136 | 0.408 | 0.408 | 0.119  | 1970.000  | 3670.000  | 27277.000     | 2727.700  |
| 4      | 0   | 4      | 0   | 0    | 0   | GET    | /api/isu/c9118a37-1999-4f2b-9d78-4e00663ab8cb       | 0.004 | 0.284 | 0.300    | 0.075 | 0.284 | 0.284 | 0.284 | 0.121  | 126.000   | 126.000   | 504.000       | 126.000   |
| 3      | 0   | 3      | 0   | 0    | 0   | GET    | /api/isu/de0eafbd-1a26-481a-989d-82be2035a4a0/graph | 0.008 | 0.116 | 0.216    | 0.072 | 0.116 | 0.116 | 0.116 | 0.046  | 2356.000  | 2908.000  | 7850.000      | 2616.667  |
| 10     | 0   | 10     | 0   | 0    | 0   | GET    | /api/isu/d7a10e85-11fe-41b3-8015-a3840bd37e88/graph | 0.004 | 0.504 | 0.720    | 0.072 | 0.076 | 0.504 | 0.504 | 0.147  | 1970.000  | 3577.000  | 26713.000     | 2671.300  |
| 4      | 0   | 4      | 0   | 0    | 0   | GET    | /api/isu/a0702188-5100-4de0-88d2-34eb15dd1de8       | 0.004 | 0.276 | 0.284    | 0.071 | 0.276 | 0.276 | 0.276 | 0.118  | 120.000   | 120.000   | 480.000       | 120.000   |
| 2      | 0   | 2      | 0   | 0    | 0   | GET    | /api/isu/c25c21f5-cf38-4a31-9145-fcae184123ec/graph | 0.040 | 0.096 | 0.136    | 0.068 | 0.096 | 0.096 | 0.096 | 0.028  | 2543.000  | 3586.000  | 6129.000      | 3064.500  |
| 4      | 0   | 4      | 0   | 0    | 0   | GET    | /api/isu/de64111f-8851-469f-bdde-ce61b4175d0f       | 0.004 | 0.116 | 0.248    | 0.062 | 0.116 | 0.116 | 0.116 | 0.046  | 123.000   | 123.000   | 492.000       | 123.000   |
| 2      | 0   | 2      | 0   | 0    | 0   | GET    | /api/isu/f9edfc52-8968-4e7a-9ea1-117da8de5e81/graph | 0.060 | 0.064 | 0.124    | 0.062 | 0.064 | 0.064 | 0.064 | 0.002  | 2547.000  | 2819.000  | 5366.000      | 2683.000  |
| 1      | 0   | 1      | 0   | 0    | 0   | GET    | /api/isu/dfa74dc8-7261-41f6-8af0-51841ac4cb0f       | 0.060 | 0.060 | 0.060    | 0.060 | 0.060 | 0.060 | 0.060 | 0.000  | 123.000   | 123.000   | 123.000       | 123.000   |
| 2      | 0   | 2      | 0   | 0    | 0   | GET    | /api/isu/e11153f0-48fa-46ac-a310-be61f11b0d8b       | 0.004 | 0.112 | 0.116    | 0.058 | 0.112 | 0.112 | 0.112 | 0.054  | 126.000   | 126.000   | 252.000       | 126.000   |
| 1      | 0   | 1      | 0   | 0    | 0   | GET    | /api/isu/e7641716-8d83-4ade-b63e-864b640c15af       | 0.056 | 0.056 | 0.056    | 0.056 | 0.056 | 0.056 | 0.056 | 0.000  | 111.000   | 111.000   | 111.000       | 111.000   |
| 1      | 0   | 1      | 0   | 0    | 0   | GET    | /api/isu/bf8e198b-aa67-4775-abf4-60e6639e6b1c       | 0.056 | 0.056 | 0.056    | 0.056 | 0.056 | 0.056 | 0.056 | 0.000  | 135.000   | 135.000   | 135.000       | 135.000   |
| 6      | 0   | 6      | 0   | 0    | 0   | GET    | /api/isu/ebc26552-85ad-4162-a022-698a4d817d33       | 0.024 | 0.244 | 0.332    | 0.055 | 0.244 | 0.244 | 0.244 | 0.085  | 114.000   | 114.000   | 684.000       | 114.000   |
| 7      | 0   | 7      | 0   | 0    | 0   | GET    | /api/isu/ed11e6b9-1ea2-4277-a1fa-443b662a5d62/graph | 0.052 | 0.096 | 0.384    | 0.055 | 0.096 | 0.096 | 0.096 | 0.031  | 1970.000  | 3438.000  | 16618.000     | 2374.000  |
| 9      | 0   | 9      | 0   | 0    | 0   | GET    | /api/isu/f915b4f7-8802-40e9-8478-27a1d0edbaa3/graph | 0.004 | 0.144 | 0.480    | 0.053 | 0.144 | 0.144 | 0.144 | 0.055  | 1970.000  | 3329.000  | 23135.000     | 2570.556  |
| 4      | 0   | 4      | 0   | 0    | 0   | GET    | /api/isu/ea64da16-6ef9-4161-ab85-427b9c61fe68/graph | 0.004 | 0.100 | 0.212    | 0.053 | 0.100 | 0.100 | 0.100 | 0.035  | 2634.000  | 3126.000  | 11034.000     | 2758.500  |
| 10     | 0   | 10     | 0   | 0    | 0   | GET    | /api/isu/d7a10e85-11fe-41b3-8015-a3840bd37e88       | 0.372 | 0.372 | 0.516    | 0.052 | 0.096 | 0.372 | 0.372 | 0.110  | 117.000   | 117.000   | 1170.000      | 117.000   |
| 4      | 0   | 4      | 0   | 0    | 0   | GET    | /api/isu/a26f8ea5-6906-493c-8c4d-3d068b1a3bc0       | 0.004 | 0.100 | 0.204    | 0.051 | 0.100 | 0.100 | 0.100 | 0.045  | 126.000   | 126.000   | 504.000       | 126.000   |
| 4      | 0   | 4      | 0   | 0    | 0   | GET    | /api/isu/db2215f1-83b9-404b-9d63-0c23d4022e2d       | 0.008 | 0.168 | 0.204    | 0.051 | 0.168 | 0.168 | 0.168 | 0.068  | 117.000   | 117.000   | 468.000       | 117.000   |
| 3      | 0   | 3      | 0   | 0    | 0   | GET    | /api/isu/ebc26552-85ad-4162-a022-698a4d817d33/graph | 0.004 | 0.140 | 0.152    | 0.051 | 0.140 | 0.140 | 0.140 | 0.063  | 1970.000  | 2437.000  | 6760.000      | 2253.333  |
| 4      | 0   | 4      | 0   | 0    | 0   | GET    | /api/isu/de0eafbd-1a26-481a-989d-82be2035a4a0       | 0.004 | 0.172 | 0.196    | 0.049 | 0.172 | 0.172 | 0.172 | 0.071  | 120.000   | 120.000   | 480.000       | 120.000   |
| 2      | 0   | 2      | 0   | 0    | 0   | GET    | /api/isu/eb369d2c-2f78-45ac-b938-edf95ee2e632/graph | 0.032 | 0.064 | 0.096    | 0.048 | 0.064 | 0.064 | 0.064 | 0.016  | 1970.000  | 1970.000  | 3940.000      | 1970.000  |
| 1      | 0   | 1      | 0   | 0    | 0   | GET    | /api/isu/be8dd6b1-3ec9-4714-8054-560cfe250a1d       | 0.048 | 0.048 | 0.048    | 0.048 | 0.048 | 0.048 | 0.048 | 0.000  | 117.000   | 117.000   | 117.000       | 117.000   |
| 3      | 0   | 3      | 0   | 0    | 0   | GET    | /api/isu/d5238ef2-3727-4985-ba8f-c4af2d87d2aa       | 0.016 | 0.104 | 0.144    | 0.048 | 0.104 | 0.104 | 0.104 | 0.040  | 117.000   | 117.000   | 351.000       | 117.000   |
| 4      | 0   | 4      | 0   | 0    | 0   | GET    | /api/isu/e758fe26-5d1f-4e74-be81-bfb45c3e2333/graph | 0.180 | 0.180 | 0.188    | 0.047 | 0.180 | 0.180 | 0.180 | 0.077  | 2433.000  | 3914.000  | 12661.000     | 3165.250  |
| 8      | 0   | 8      | 0   | 0    | 0   | GET    | /api/isu/c67576d1-3272-4432-8ef4-e834cb560cdc       | 0.000 | 0.168 | 0.372    | 0.047 | 0.168 | 0.168 | 0.168 | 0.061  | 123.000   | 123.000   | 984.000       | 123.000   |
| 6      | 0   | 6      | 0   | 0    | 0   | GET    | /api/isu/e220e646-9bdc-46df-802e-fbc74cab1abc/graph | 0.008 | 0.076 | 0.275    | 0.046 | 0.076 | 0.076 | 0.076 | 0.027  | 2164.000  | 2817.000  | 14878.000     | 2479.667  |
| 7      | 0   | 7      | 0   | 0    | 0   | GET    | /api/isu/e293e81d-8a20-457f-b53b-f849495c0c19/graph | 0.004 | 0.120 | 0.320    | 0.046 | 0.120 | 0.120 | 0.120 | 0.047  | 2360.000  | 3140.000  | 18161.000     | 2594.429  |
| 5      | 0   | 5      | 0   | 0    | 0   | GET    | /api/isu/de64111f-8851-469f-bdde-ce61b4175d0f/graph | 0.004 | 0.096 | 0.228    | 0.046 | 0.096 | 0.096 | 0.096 | 0.040  | 1970.000  | 2555.000  | 11599.000     | 2319.800  |
| 6      | 0   | 6      | 0   | 0    | 0   | GET    | /api/isu/c163b95f-40ee-4b5f-a34a-8ecbb6447a35/graph | 0.012 | 0.084 | 0.256    | 0.043 | 0.084 | 0.084 | 0.084 | 0.026  | 2250.000  | 3050.000  | 16815.000     | 2802.500  |
| 4      | 0   | 4      | 0   | 0    | 0   | GET    | /api/isu/c67576d1-3272-4432-8ef4-e834cb560cdc/graph | 0.004 | 0.132 | 0.168    | 0.042 | 0.132 | 0.132 | 0.132 | 0.053  | 1970.000  | 3037.000  | 9714.000      | 2428.500  |
| 2      | 0   | 2      | 0   | 0    | 0   | GET    | /api/isu/af814ddb-70e8-46f4-9c4c-b85ff3698a76/graph | 0.036 | 0.044 | 0.080    | 0.040 | 0.044 | 0.044 | 0.044 | 0.004  | 2351.000  | 2537.000  | 4888.000      | 2444.000  |
| 5      | 0   | 5      | 0   | 0    | 0   | GET    | /api/isu/c1eddb03-0280-403f-97d4-789ced538396/graph | 0.008 | 0.100 | 0.196    | 0.039 | 0.100 | 0.100 | 0.100 | 0.034  | 2162.000  | 2925.000  | 12939.000     | 2587.800  |
| 4      | 0   | 4      | 0   | 0    | 0   | GET    | /api/isu/b3b4f7b6-4252-48f9-b060-72ca7de61251       | 0.096 | 0.096 | 0.156    | 0.039 | 0.096 | 0.096 | 0.096 | 0.040  | 123.000   | 123.000   | 492.000       | 123.000   |
| 7      | 0   | 7      | 0   | 0    | 0   | GET    | /api/isu/f915b4f7-8802-40e9-8478-27a1d0edbaa3       | 0.000 | 0.192 | 0.272    | 0.039 | 0.192 | 0.192 | 0.192 | 0.065  | 123.000   | 123.000   | 861.000       | 123.000   |
| 7      | 0   | 7      | 0   | 0    | 0   | GET    | /api/isu/da2554c9-2482-4052-b892-a94685705fc8       | 0.004 | 0.100 | 0.272    | 0.039 | 0.100 | 0.100 | 0.100 | 0.036  | 114.000   | 114.000   | 798.000       | 114.000   |
| 7      | 0   | 7      | 0   | 0    | 0   | GET    | /api/isu/defc7437-bb73-4aa9-9a05-5097c5c24e70       | 0.004 | 0.116 | 0.264    | 0.038 | 0.116 | 0.116 | 0.116 | 0.044  | 118.000   | 118.000   | 826.000       | 118.000   |
| 3      | 0   | 3      | 0   | 0    | 0   | GET    | /api/isu/c5864976-6cdd-4511-85d8-fb0787b4483b/graph | 0.004 | 0.072 | 0.112    | 0.037 | 0.072 | 0.072 | 0.072 | 0.028  | 1970.000  | 2955.000  | 7471.000      | 2490.333  |
| 10     | 0   | 10     | 0   | 0    | 0   | GET    | /api/isu/ed11e6b9-1ea2-4277-a1fa-443b662a5d62       | 0.056 | 0.100 | 0.372    | 0.037 | 0.096 | 0.100 | 0.100 | 0.037  | 117.000   | 117.000   | 1170.000      | 117.000   |
| 6      | 0   | 4      | 0   | 2    | 0   | GET    | /api/isu/a92de04c-7b16-4edb-b885-649c1467d09f       | 0.004 | 0.136 | 0.216    | 0.036 | 0.136 | 0.136 | 0.136 | 0.046  | 14.000    | 129.000   | 551.000       | 91.833    |
| 7      | 0   | 7      | 0   | 0    | 0   | GET    | /api/isu/ede0978f-f63b-4c57-9357-b51f31b18db4       | 0.004 | 0.108 | 0.252    | 0.036 | 0.108 | 0.108 | 0.108 | 0.040  | 117.000   | 117.000   | 819.000       | 117.000   |
| 1      | 0   | 1      | 0   | 0    | 0   | GET    | /api/isu/ec97cc5d-879f-43dd-9b01-d0760f40e06c       | 0.036 | 0.036 | 0.036    | 0.036 | 0.036 | 0.036 | 0.036 | 0.000  | 135.000   | 135.000   | 135.000       | 135.000   |
| 4      | 0   | 4      | 0   | 0    | 0   | GET    | /api/isu/b5df5d6c-cbfe-449a-abc3-06d68ad08b3e       | 0.036 | 0.064 | 0.140    | 0.035 | 0.064 | 0.064 | 0.064 | 0.023  | 120.000   | 120.000   | 480.000       | 120.000   |
| 4      | 0   | 4      | 0   | 0    | 0   | GET    | /api/isu/af814ddb-70e8-46f4-9c4c-b85ff3698a76       | 0.004 | 0.108 | 0.136    | 0.034 | 0.108 | 0.108 | 0.108 | 0.043  | 129.000   | 129.000   | 516.000       | 129.000   |
| 2      | 0   | 2      | 0   | 0    | 0   | GET    | /api/isu/c1a9a2e0-7015-49b4-918c-45c741345a40/graph | 0.016 | 0.052 | 0.068    | 0.034 | 0.052 | 0.052 | 0.052 | 0.018  | 2723.000  | 2898.000  | 5621.000      | 2810.500  |
| 3      | 0   | 3      | 0   | 0    | 0   | GET    | /api/isu/a0702188-5100-4de0-88d2-34eb15dd1de8/graph | 0.020 | 0.044 | 0.100    | 0.033 | 0.044 | 0.044 | 0.044 | 0.010  | 2163.000  | 2555.000  | 7082.000      | 2360.667  |
| 3      | 0   | 3      | 0   | 0    | 0   | GET    | /api/isu/ae66a076-72d7-43e4-adf8-eb2c6401aacc/graph | 0.000 | 0.092 | 0.100    | 0.033 | 0.092 | 0.092 | 0.092 | 0.042  | 2353.000  | 3506.000  | 8684.000      | 2894.667  |
| 4      | 0   | 4      | 0   | 0    | 0   | GET    | /api/isu/c5864976-6cdd-4511-85d8-fb0787b4483b       | 0.000 | 0.124 | 0.132    | 0.033 | 0.124 | 0.124 | 0.124 | 0.053  | 129.000   | 129.000   | 516.000       | 129.000   |
| 5      | 0   | 5      | 0   | 0    | 0   | GET    | /api/isu/bbdc4056-73ea-4e12-a103-48b6568da031/graph | 0.008 | 0.076 | 0.160    | 0.032 | 0.076 | 0.076 | 0.076 | 0.028  | 2545.000  | 3042.000  | 13729.000     | 2745.800  |
| 16     | 0   | 16     | 0   | 0    | 0   | GET    | /api/isu/d3a8f17c-76b2-41c0-981c-7fe2509d6bed/graph | 0.016 | 0.184 | 0.500    | 0.031 | 0.104 | 0.184 | 0.184 | 0.051  | 1970.000  | 3289.000  | 41593.000     | 2599.562  |
| 4      | 0   | 4      | 0   | 0    | 0   | GET    | /api/isu/a262c0ff-5619-4710-9009-2af533c8b148       | 0.004 | 0.076 | 0.124    | 0.031 | 0.076 | 0.076 | 0.076 | 0.029  | 117.000   | 117.000   | 468.000       | 117.000   |
| 3      | 0   | 3      | 0   | 0    | 0   | GET    | /api/isu/a1014719-a3dc-48b2-bbe2-8edeb310c906/graph | 0.008 | 0.056 | 0.092    | 0.031 | 0.056 | 0.056 | 0.056 | 0.020  | 2243.000  | 2935.000  | 7727.000      | 2575.667  |
| 4      | 0   | 4      | 0   | 0    | 0   | GET    | /api/isu/e293e81d-8a20-457f-b53b-f849495c0c19       | 0.012 | 0.056 | 0.120    | 0.030 | 0.056 | 0.056 | 0.056 | 0.017  | 120.000   | 120.000   | 480.000       | 120.000   |
| 12     | 0   | 12     | 0   | 0    | 0   | GET    | /api/isu/fbb56da2-eaa4-477e-8be6-c0eb015efbe9       | 0.092 | 0.124 | 0.344    | 0.029 | 0.092 | 0.124 | 0.124 | 0.041  | 118.000   | 118.000   | 1416.000      | 118.000   |
| 1      | 0   | 1      | 0   | 0    | 0   | GET    | /api/isu/cc413c12-c39b-4936-82f7-2452e0c78296       | 0.028 | 0.028 | 0.028    | 0.028 | 0.028 | 0.028 | 0.028 | 0.000  | 120.000   | 120.000   | 120.000       | 120.000   |
| 2      | 0   | 2      | 0   | 0    | 0   | GET    | /api/isu/bb4b1841-473c-4030-9e6f-72037dcee951/graph | 0.008 | 0.048 | 0.056    | 0.028 | 0.048 | 0.048 | 0.048 | 0.020  | 2356.000  | 2742.000  | 5098.000      | 2549.000  |
| 6      | 0   | 6      | 0   | 0    | 0   | GET    | /api/isu/ca74fb3b-2183-438b-8ca2-73a9e2ff56d2/graph | 0.012 | 0.144 | 0.168    | 0.028 | 0.144 | 0.144 | 0.144 | 0.052  | 1970.000  | 3197.000  | 15757.000     | 2626.167  |
| 5      | 0   | 5      | 0   | 0    | 0   | GET    | /api/isu/b55a55d9-6605-4866-9af6-fbeabc1b66a3/graph | 0.008 | 0.040 | 0.140    | 0.028 | 0.040 | 0.040 | 0.040 | 0.012  | 2161.000  | 3343.000  | 13697.000     | 2739.400  |
| 6      | 0   | 6      | 0   | 0    | 0   | GET    | /api/isu/e3d1b20a-0f4e-44f6-8bcd-b786d3fdf125/graph | 0.004 | 0.076 | 0.163    | 0.027 | 0.076 | 0.076 | 0.076 | 0.024  | 2538.000  | 2943.000  | 16355.000     | 2725.833  |
| 4      | 0   | 4      | 0   | 0    | 0   | GET    | /api/isu/aff0c7f9-8830-4bfb-a4e0-57ed44d0ea69       | 0.004 | 0.068 | 0.108    | 0.027 | 0.068 | 0.068 | 0.068 | 0.025  | 114.000   | 114.000   | 456.000       | 114.000   |
| 4      | 0   | 4      | 0   | 0    | 0   | GET    | /api/isu/dd9969bb-742d-4e19-9c5a-e7af53e814e3       | 0.012 | 0.088 | 0.108    | 0.027 | 0.088 | 0.088 | 0.088 | 0.035  | 124.000   | 124.000   | 496.000       | 124.000   |
| 19     | 0   | 19     | 0   | 0    | 0   | GET    | /api/isu/f4ba7bc6-d083-4409-ae3a-d0ce40c9ccf6/graph | 0.004 | 0.248 | 0.508    | 0.027 | 0.064 | 0.248 | 0.248 | 0.055  | 1970.000  | 4201.000  | 52921.000     | 2785.316  |
| 2      | 0   | 2      | 0   | 0    | 0   | GET    | /api/isu/ce0a4c3a-d0d5-4f77-8295-2c29ac2cbf30       | 0.024 | 0.028 | 0.052    | 0.026 | 0.028 | 0.028 | 0.028 | 0.002  | 126.000   | 126.000   | 252.000       | 126.000   |
| 8      | 0   | 8      | 0   | 0    | 0   | GET    | /api/isu/ede0978f-f63b-4c57-9357-b51f31b18db4/graph | 0.004 | 0.060 | 0.204    | 0.026 | 0.060 | 0.060 | 0.060 | 0.023  | 2161.000  | 2735.000  | 18649.000     | 2331.125  |
| 6      | 0   | 6      | 0   | 0    | 0   | GET    | /api/isu/c9e7fcb4-6f2b-417a-8844-8bae71b3daa0/graph | 0.004 | 0.064 | 0.152    | 0.025 | 0.064 | 0.064 | 0.064 | 0.020  | 1970.000  | 3012.000  | 14807.000     | 2467.833  |
| 4      | 0   | 4      | 0   | 0    | 0   | GET    | /api/isu/ae66a076-72d7-43e4-adf8-eb2c6401aacc       | 0.012 | 0.084 | 0.100    | 0.025 | 0.084 | 0.084 | 0.084 | 0.034  | 138.000   | 138.000   | 552.000       | 138.000   |
| 8      | 0   | 8      | 0   | 0    | 0   | GET    | /api/isu/e7f43a5e-116b-43dc-b637-235c54d4df4a       | 0.000 | 0.084 | 0.200    | 0.025 | 0.084 | 0.084 | 0.084 | 0.026  | 117.000   | 117.000   | 936.000       | 117.000   |
| 7      | 0   | 7      | 0   | 0    | 0   | GET    | /api/isu/f1c89e2f-a7dd-4c2e-b78e-0e423d7e71ff/graph | 0.032 | 0.048 | 0.172    | 0.025 | 0.048 | 0.048 | 0.048 | 0.021  | 1970.000  | 3674.000  | 18380.000     | 2625.714  |
| 8      | 0   | 8      | 0   | 0    | 0   | GET    | /api/isu/ad8f8e70-f355-40af-af1b-ae7dc5c7f764/graph | 0.004 | 0.092 | 0.196    | 0.024 | 0.092 | 0.092 | 0.092 | 0.030  | 1970.000  | 3780.000  | 23759.000     | 2969.875  |
| 1      | 0   | 1      | 0   | 0    | 0   | GET    | /api/isu/f177742c-61f2-492b-88a1-ec5edf8a89cf       | 0.024 | 0.024 | 0.024    | 0.024 | 0.024 | 0.024 | 0.024 | 0.000  | 120.000   | 120.000   | 120.000       | 120.000   |
| 1      | 0   | 1      | 0   | 0    | 0   | GET    | /api/isu/fe04c430-d9c3-499c-97fb-9d1686904dda       | 0.024 | 0.024 | 0.024    | 0.024 | 0.024 | 0.024 | 0.024 | 0.000  | 117.000   | 117.000   | 117.000       | 117.000   |
| 8      | 0   | 8      | 0   | 0    | 0   | GET    | /api/isu/e40ae4a3-a73e-452a-910e-ef37069b8ee0       | 0.004 | 0.168 | 0.188    | 0.024 | 0.168 | 0.168 | 0.168 | 0.055  | 129.000   | 129.000   | 1032.000      | 129.000   |
| 7      | 0   | 7      | 0   | 0    | 0   | GET    | /api/isu/d27f72c9-20db-4bac-be15-2dbf12fd71e9       | 0.008 | 0.064 | 0.164    | 0.023 | 0.064 | 0.064 | 0.064 | 0.023  | 132.000   | 132.000   | 924.000       | 132.000   |
| 4      | 0   | 4      | 0   | 0    | 0   | GET    | /api/isu/d197aaa3-1613-4458-bd7e-61d03036d76d       | 0.016 | 0.072 | 0.092    | 0.023 | 0.072 | 0.072 | 0.072 | 0.029  | 126.000   | 126.000   | 504.000       | 126.000   |
| 7      | 0   | 7      | 0   | 0    | 0   | GET    | /api/isu/c9e7fcb4-6f2b-417a-8844-8bae71b3daa0       | 0.004 | 0.072 | 0.156    | 0.022 | 0.072 | 0.072 | 0.072 | 0.025  | 115.000   | 115.000   | 805.000       | 115.000   |
| 4      | 0   | 4      | 0   | 0    | 0   | GET    | /api/isu/da2554c9-2482-4052-b892-a94685705fc8/graph | 0.008 | 0.056 | 0.088    | 0.022 | 0.056 | 0.056 | 0.056 | 0.020  | 1970.000  | 2735.000  | 9603.000      | 2400.750  |
| 2      | 0   | 2      | 0   | 0    | 0   | GET    | /api/isu/c9118a37-1999-4f2b-9d78-4e00663ab8cb/graph | 0.008 | 0.036 | 0.044    | 0.022 | 0.036 | 0.036 | 0.036 | 0.014  | 1970.000  | 2935.000  | 4905.000      | 2452.500  |
| 7      | 0   | 7      | 0   | 0    | 0   | GET    | /api/isu/d8e08ffd-b4b1-420b-b17f-378e485db7cf       | 0.000 | 0.080 | 0.152    | 0.022 | 0.080 | 0.080 | 0.080 | 0.026  | 114.000   | 114.000   | 798.000       | 114.000   |
| 7      | 0   | 7      | 0   | 0    | 0   | GET    | /api/isu/fbb56da2-eaa4-477e-8be6-c0eb015efbe9/graph | 0.004 | 0.056 | 0.152    | 0.022 | 0.056 | 0.056 | 0.056 | 0.022  | 1970.000  | 3116.000  | 16928.000     | 2418.286  |
| 17     | 0   | 17     | 0   | 0    | 0   | GET    | /api/isu/e8ead0a3-0ee1-48c8-9d0c-21c3a369dfdd/graph | 0.000 | 0.224 | 0.368    | 0.022 | 0.044 | 0.224 | 0.224 | 0.052  | 1970.000  | 3316.000  | 44385.000     | 2610.882  |
| 10     | 0   | 10     | 0   | 0    | 0   | GET    | /api/isu/acf22c41-c250-4927-8410-e9ead3acf391       | 0.072 | 0.072 | 0.208    | 0.021 | 0.056 | 0.072 | 0.072 | 0.024  | 123.000   | 123.000   | 1230.000      | 123.000   |
| 10955  | 0   | 10693  | 0   | 262  | 0   | GET    | /api/condition/[a-z0-9-]+                           | 0.052 | 1.000 | 221.746  | 0.020 | 0.048 | 0.096 | 0.332 | 0.061  | 3.000     | 6522.000  | 41820966.000  | 3817.523  |
| 4      | 0   | 4      | 0   | 0    | 0   | GET    | /api/isu/c09ba3d7-8c3a-4265-8832-187e36659a7e       | 0.004 | 0.040 | 0.080    | 0.020 | 0.040 | 0.040 | 0.040 | 0.014  | 120.000   | 120.000   | 480.000       | 120.000   |
| 1      | 0   | 1      | 0   | 0    | 0   | GET    | /api/isu/c080318f-e255-402c-b8c6-7d75666ee66f       | 0.020 | 0.020 | 0.020    | 0.020 | 0.020 | 0.020 | 0.020 | 0.000  | 108.000   | 108.000   | 108.000       | 108.000   |
| 1      | 0   | 1      | 0   | 0    | 0   | GET    | /api/isu/d24917fa-3976-4df1-b11e-5f70c0496254       | 0.020 | 0.020 | 0.020    | 0.020 | 0.020 | 0.020 | 0.020 | 0.000  | 123.000   | 123.000   | 123.000       | 123.000   |
| 2      | 0   | 2      | 0   | 0    | 0   | GET    | /api/isu/ae2d7644-7a03-4ea8-960b-5320cf2e8410/graph | 0.040 | 0.040 | 0.040    | 0.020 | 0.040 | 0.040 | 0.040 | 0.020  | 2163.000  | 3246.000  | 5409.000      | 2704.500  |
| 8      | 0   | 8      | 0   | 0    | 0   | GET    | /api/isu/acf22c41-c250-4927-8410-e9ead3acf391/graph | 0.056 | 0.092 | 0.156    | 0.019 | 0.092 | 0.092 | 0.092 | 0.033  | 1970.000  | 3124.000  | 20499.000     | 2562.375  |
| 27174  | 0   | 27134  | 0   | 40   | 0   | GET    | /api/trend                                          | 0.064 | 0.880 | 520.528  | 0.019 | 0.048 | 0.084 | 0.252 | 0.049  | 18316.000 | 18316.000 | 272363931.000 | 10022.961 |
| 9      | 0   | 9      | 0   | 0    | 0   | GET    | /api/isu/a5972f81-9465-4e47-b9c5-1b7118e1b39d/graph | 0.000 | 0.084 | 0.172    | 0.019 | 0.084 | 0.084 | 0.084 | 0.027  | 1970.000  | 2955.000  | 22319.000     | 2479.889  |
| 7      | 0   | 7      | 0   | 0    | 0   | GET    | /api/isu/e758fe26-5d1f-4e74-be81-bfb45c3e2333       | 0.012 | 0.036 | 0.132    | 0.019 | 0.036 | 0.036 | 0.036 | 0.012  | 117.000   | 117.000   | 819.000       | 117.000   |
| 6      | 0   | 6      | 0   | 0    | 0   | GET    | /api/isu/e40ae4a3-a73e-452a-910e-ef37069b8ee0/graph | 0.000 | 0.040 | 0.112    | 0.019 | 0.040 | 0.040 | 0.040 | 0.015  | 1970.000  | 3884.000  | 17128.000     | 2854.667  |
| 6      | 0   | 4      | 0   | 2    | 0   | GET    | /api/isu/e220e646-9bdc-46df-802e-fbc74cab1abc       | 0.000 | 0.068 | 0.112    | 0.019 | 0.068 | 0.068 | 0.068 | 0.023  | 14.000    | 123.000   | 527.000       | 87.833    |
| 5      | 0   | 5      | 0   | 0    | 0   | GET    | /api/isu/bc313369-6853-4bac-8090-1e07a8556c5f/graph | 0.000 | 0.048 | 0.092    | 0.018 | 0.048 | 0.048 | 0.048 | 0.016  | 1970.000  | 3325.000  | 12822.000     | 2564.400  |
| 5      | 0   | 5      | 0   | 0    | 0   | GET    | /api/isu/a262c0ff-5619-4710-9009-2af533c8b148/graph | 0.024 | 0.064 | 0.092    | 0.018 | 0.064 | 0.064 | 0.064 | 0.024  | 2555.000  | 3203.000  | 14143.000     | 2828.600  |
| 4      | 0   | 4      | 0   | 0    | 0   | GET    | /api/isu/baee9cce-4576-4947-a34b-db6d4fabff3a       | 0.004 | 0.040 | 0.072    | 0.018 | 0.040 | 0.040 | 0.040 | 0.017  | 123.000   | 123.000   | 492.000       | 123.000   |
| 4      | 0   | 4      | 0   | 0    | 0   | GET    | /api/isu/b7eb768c-622c-4bcc-8d00-ca1c4b2baf10       | 0.004 | 0.040 | 0.072    | 0.018 | 0.040 | 0.040 | 0.040 | 0.013  | 120.000   | 120.000   | 480.000       | 120.000   |
| 2      | 0   | 2      | 0   | 0    | 0   | GET    | /api/isu/b3b4f7b6-4252-48f9-b060-72ca7de61251/graph | 0.008 | 0.028 | 0.036    | 0.018 | 0.028 | 0.028 | 0.028 | 0.010  | 2462.000  | 2543.000  | 5005.000      | 2502.500  |
| 4      | 0   | 4      | 0   | 0    | 0   | GET    | /api/isu/ea087809-8983-4670-94d7-4b16f7452f94       | 0.004 | 0.040 | 0.072    | 0.018 | 0.040 | 0.040 | 0.040 | 0.013  | 126.000   | 126.000   | 504.000       | 126.000   |
| 15     | 0   | 15     | 0   | 0    | 0   | GET    | /api/isu/e4026bdc-f4a7-460a-9151-f5ce5000eb41/graph | 0.008 | 0.052 | 0.260    | 0.017 | 0.048 | 0.052 | 0.052 | 0.017  | 1970.000  | 3584.000  | 39880.000     | 2658.667  |
| 7      | 0   | 7      | 0   | 0    | 0   | GET    | /api/isu/b3d9d7a3-149d-4f3f-843e-550610f0ba6a       | 0.020 | 0.080 | 0.120    | 0.017 | 0.080 | 0.080 | 0.080 | 0.027  | 121.000   | 121.000   | 847.000       | 121.000   |
| 4      | 0   | 4      | 0   | 0    | 0   | GET    | /api/isu/c1a9a2e0-7015-49b4-918c-45c741345a40       | 0.004 | 0.048 | 0.068    | 0.017 | 0.048 | 0.048 | 0.048 | 0.018  | 129.000   | 129.000   | 516.000       | 129.000   |
| 7      | 0   | 7      | 0   | 0    | 0   | GET    | /api/isu/c0cb189f-3937-49e7-828c-60b00a057f6c       | 0.004 | 0.044 | 0.116    | 0.017 | 0.044 | 0.044 | 0.044 | 0.016  | 126.000   | 126.000   | 882.000       | 126.000   |
| 2      | 0   | 2      | 0   | 0    | 0   | GET    | /api/isu/c6dd15b4-4af6-4ff9-9bc7-e179d5ec8f6c/graph | 0.004 | 0.028 | 0.032    | 0.016 | 0.028 | 0.028 | 0.028 | 0.012  | 2241.000  | 3116.000  | 5357.000      | 2678.500  |
| 1      | 0   | 1      | 0   | 0    | 0   | GET    | /api/isu/e1809ed3-10e6-489d-bf3a-87f0fa674177       | 0.016 | 0.016 | 0.016    | 0.016 | 0.016 | 0.016 | 0.016 | 0.000  | 126.000   | 126.000   | 126.000       | 126.000   |
| 1      | 0   | 1      | 0   | 0    | 0   | GET    | /api/isu/fed565d9-03c2-4791-b648-1cf98e675224       | 0.016 | 0.016 | 0.016    | 0.016 | 0.016 | 0.016 | 0.016 | 0.000  | 120.000   | 120.000   | 120.000       | 120.000   |
| 2      | 0   | 2      | 0   | 0    | 0   | GET    | /api/isu/a4d68e6c-44af-4e8f-a736-4b011ac23b1e/graph | 0.004 | 0.028 | 0.032    | 0.016 | 0.028 | 0.028 | 0.028 | 0.012  | 1970.000  | 3013.000  | 4983.000      | 2491.500  |
| 1      | 0   | 1      | 0   | 0    | 0   | GET    | /api/isu/a50878c2-e40b-4d69-8e2f-cde917b44816       | 0.016 | 0.016 | 0.016    | 0.016 | 0.016 | 0.016 | 0.016 | 0.000  | 129.000   | 129.000   | 129.000       | 129.000   |
| 4      | 0   | 4      | 0   | 0    | 0   | GET    | /api/isu/a1014719-a3dc-48b2-bbe2-8edeb310c906       | 0.008 | 0.036 | 0.064    | 0.016 | 0.036 | 0.036 | 0.036 | 0.012  | 126.000   | 126.000   | 504.000       | 126.000   |
| 7      | 0   | 7      | 0   | 0    | 0   | GET    | /api/isu/d27f72c9-20db-4bac-be15-2dbf12fd71e9/graph | 0.004 | 0.056 | 0.108    | 0.015 | 0.056 | 0.056 | 0.056 | 0.019  | 1970.000  | 3605.000  | 20375.000     | 2910.714  |
| 4      | 0   | 4      | 0   | 0    | 0   | GET    | /api/isu/e5c8f8b8-6b87-497c-9c76-9d1eb9c2998d/graph | 0.008 | 0.020 | 0.060    | 0.015 | 0.020 | 0.020 | 0.020 | 0.005  | 1970.000  | 3129.000  | 10505.000     | 2626.250  |
| 4      | 0   | 4      | 0   | 0    | 0   | GET    | /api/isu/e5c8f8b8-6b87-497c-9c76-9d1eb9c2998d       | 0.004 | 0.040 | 0.060    | 0.015 | 0.040 | 0.040 | 0.040 | 0.016  | 120.000   | 120.000   | 480.000       | 120.000   |
| 9      | 0   | 9      | 0   | 0    | 0   | GET    | /api/isu/c1eddb03-0280-403f-97d4-789ced538396       | 0.012 | 0.044 | 0.132    | 0.015 | 0.044 | 0.044 | 0.044 | 0.018  | 126.000   | 126.000   | 1134.000      | 126.000   |
| 5      | 0   | 5      | 0   | 0    | 0   | GET    | /api/isu/e7144e9f-06e5-4996-b943-7dfb2a466a6d       | 0.012 | 0.032 | 0.072    | 0.014 | 0.032 | 0.032 | 0.032 | 0.014  | 129.000   | 129.000   | 645.000       | 129.000   |
| 12     | 0   | 12     | 0   | 0    | 0   | GET    | /api/isu/dffae637-b764-457f-af66-f02d80306272/graph | 0.004 | 0.048 | 0.172    | 0.014 | 0.040 | 0.048 | 0.048 | 0.016  | 1970.000  | 3690.000  | 32483.000     | 2706.917  |
| 10     | 0   | 10     | 0   | 0    | 0   | GET    | /api/isu/a81c555e-32b7-4030-9bd3-06455fd64d61       | 0.004 | 0.076 | 0.140    | 0.014 | 0.016 | 0.076 | 0.076 | 0.021  | 126.000   | 126.000   | 1260.000      | 126.000   |
| 2      | 0   | 2      | 0   | 0    | 0   | GET    | /api/isu/db2215f1-83b9-404b-9d63-0c23d4022e2d/graph | 0.004 | 0.024 | 0.028    | 0.014 | 0.024 | 0.024 | 0.024 | 0.010  | 2163.000  | 2432.000  | 4595.000      | 2297.500  |
| 17     | 0   | 17     | 0   | 0    | 0   | GET    | /api/isu/aa5ca952-f25e-482f-b7f6-e71ec6504dac/graph | 0.000 | 0.080 | 0.236    | 0.014 | 0.028 | 0.080 | 0.080 | 0.019  | 1970.000  | 3314.000  | 45605.000     | 2682.647  |
| 7      | 0   | 7      | 0   | 0    | 0   | GET    | /api/isu/ca74fb3b-2183-438b-8ca2-73a9e2ff56d2       | 0.000 | 0.032 | 0.096    | 0.014 | 0.032 | 0.032 | 0.032 | 0.013  | 121.000   | 121.000   | 847.000       | 121.000   |
| 5      | 0   | 5      | 0   | 0    | 0   | GET    | /api/isu/eb369d2c-2f78-45ac-b938-edf95ee2e632       | 0.004 | 0.036 | 0.068    | 0.014 | 0.036 | 0.036 | 0.036 | 0.014  | 126.000   | 126.000   | 630.000       | 126.000   |
| 16     | 0   | 16     | 0   | 0    | 0   | GET    | /api/isu/d7edc8cc-36d3-4380-ae4c-c4649ded6d59/graph | 0.000 | 0.064 | 0.216    | 0.014 | 0.044 | 0.064 | 0.064 | 0.019  | 1970.000  | 3999.000  | 43303.000     | 2706.438  |
| 24     | 0   | 22     | 0   | 2    | 0   | GET    | /api/isu/d3a8f17c-76b2-41c0-981c-7fe2509d6bed       | 0.004 | 0.092 | 0.320    | 0.013 | 0.080 | 0.088 | 0.092 | 0.028  | 14.000    | 120.000   | 2675.000      | 111.458   |
| 3      | 0   | 3      | 0   | 0    | 0   | GET    | /api/isu/d197aaa3-1613-4458-bd7e-61d03036d76d/graph | 0.004 | 0.028 | 0.040    | 0.013 | 0.028 | 0.028 | 0.028 | 0.010  | 2161.000  | 2561.000  | 6887.000      | 2295.667  |
| 7      | 0   | 7      | 0   | 0    | 0   | GET    | /api/isu/b3d9d7a3-149d-4f3f-843e-550610f0ba6a/graph | 0.004 | 0.036 | 0.092    | 0.013 | 0.036 | 0.036 | 0.036 | 0.010  | 2161.000  | 3250.000  | 20005.000     | 2857.857  |
| 10     | 0   | 10     | 0   | 0    | 0   | GET    | /api/isu/c19e47e5-1f99-4064-b68a-ad628f0cf3bc       | 0.020 | 0.076 | 0.124    | 0.012 | 0.024 | 0.076 | 0.076 | 0.023  | 111.000   | 111.000   | 1110.000      | 111.000   |
| 15     | 0   | 15     | 0   | 0    | 0   | GET    | /api/isu/d2155cfd-3ead-4da9-9ec2-7bc5cf7b3922/graph | 0.024 | 0.060 | 0.184    | 0.012 | 0.044 | 0.060 | 0.060 | 0.017  | 1970.000  | 3688.000  | 40821.000     | 2721.400  |
| 10     | 0   | 10     | 0   | 0    | 0   | GET    | /api/isu/cd61aeca-3f0a-404a-a5c3-ce6f0e414677       | 0.000 | 0.068 | 0.120    | 0.012 | 0.028 | 0.068 | 0.068 | 0.020  | 117.000   | 117.000   | 1170.000      | 117.000   |
| 4      | 0   | 4      | 0   | 0    | 0   | GET    | /api/isu/e3d1b20a-0f4e-44f6-8bcd-b786d3fdf125       | 0.024 | 0.024 | 0.048    | 0.012 | 0.024 | 0.024 | 0.024 | 0.012  | 123.000   | 123.000   | 492.000       | 123.000   |
| 4      | 0   | 4      | 0   | 0    | 0   | GET    | /api/isu/c6dd15b4-4af6-4ff9-9bc7-e179d5ec8f6c       | 0.016 | 0.032 | 0.048    | 0.012 | 0.032 | 0.032 | 0.032 | 0.013  | 135.000   | 135.000   | 540.000       | 135.000   |
| 4      | 0   | 4      | 0   | 0    | 0   | GET    | /api/isu/f9edfc52-8968-4e7a-9ea1-117da8de5e81       | 0.008 | 0.020 | 0.048    | 0.012 | 0.020 | 0.020 | 0.020 | 0.005  | 123.000   | 123.000   | 492.000       | 123.000   |
| 1      | 0   | 1      | 0   | 0    | 0   | GET    | /api/isu/abd0fb6a-9178-4739-bd6e-05c647e5e2da       | 0.012 | 0.012 | 0.012    | 0.012 | 0.012 | 0.012 | 0.012 | 0.000  | 114.000   | 114.000   | 114.000       | 114.000   |
| 1      | 0   | 1      | 0   | 0    | 0   | GET    | /api/isu/ae29c55e-1a0f-4325-a424-8f0de8613aed       | 0.012 | 0.012 | 0.012    | 0.012 | 0.012 | 0.012 | 0.012 | 0.000  | 117.000   | 117.000   | 117.000       | 117.000   |
| 2      | 0   | 2      | 0   | 0    | 0   | GET    | /api/isu/e6652b4c-68cd-40ad-b9e4-c050508a2af7/graph | 0.008 | 0.016 | 0.024    | 0.012 | 0.016 | 0.016 | 0.016 | 0.004  | 1970.000  | 2161.000  | 4131.000      | 2065.500  |
| 1      | 0   | 1      | 0   | 0    | 0   | GET    | /api/isu/e692b916-b114-4306-8d4a-b8f0660b41c8       | 0.012 | 0.012 | 0.012    | 0.012 | 0.012 | 0.012 | 0.012 | 0.000  | 123.000   | 123.000   | 123.000       | 123.000   |
| 29     | 0   | 29     | 0   | 0    | 0   | GET    | /api/isu/e4026bdc-f4a7-460a-9151-f5ce5000eb41       | 0.004 | 0.120 | 0.344    | 0.012 | 0.028 | 0.060 | 0.120 | 0.024  | 126.000   | 126.000   | 3654.000      | 126.000   |
| 16     | 0   | 16     | 0   | 0    | 0   | GET    | /api/isu/b59d69e1-16d7-4c8e-8612-5a7c3d08b4e2/graph | 0.000 | 0.076 | 0.180    | 0.011 | 0.056 | 0.076 | 0.076 | 0.021  | 1970.000  | 3655.000  | 40325.000     | 2520.312  |
| 4      | 0   | 4      | 0   | 0    | 0   | GET    | /api/isu/ff7772e2-cb20-4459-9d12-9703a7859d67       | 0.000 | 0.036 | 0.044    | 0.011 | 0.036 | 0.036 | 0.036 | 0.015  | 120.000   | 120.000   | 480.000       | 120.000   |
| 4      | 0   | 4      | 0   | 0    | 0   | GET    | /api/isu/aff0c7f9-8830-4bfb-a4e0-57ed44d0ea69/graph | 0.028 | 0.028 | 0.044    | 0.011 | 0.028 | 0.028 | 0.028 | 0.011  | 1970.000  | 2736.000  | 9691.000      | 2422.750  |
| 1710   | 0   | 1406   | 0   | 304  | 0   | POST   | /api/auth                                           | 0.008 | 0.736 | 18.756   | 0.011 | 0.020 | 0.040 | 0.164 | 0.041  | 9.000     | 19.000    | 3496.000      | 2.044     |
| 7897   | 0   | 7584   | 0   | 313  | 0   | GET    | /api/isu/[0-9]+                                     | 0.064 | 0.800 | 85.754   | 0.011 | 0.024 | 0.048 | 0.156 | 0.037  | 126.000   | 4646.000  | 9553796.000   | 1209.801  |
| 20     | 0   | 20     | 0   | 0    | 0   | GET    | /api/isu/ef8022de-2297-4b02-866d-bc809ba269cc/graph | 0.004 | 0.040 | 0.212    | 0.011 | 0.028 | 0.032 | 0.040 | 0.012  | 1970.000  | 3863.000  | 53029.000     | 2651.450  |
| 19     | 0   | 19     | 0   | 0    | 0   | GET    | /api/isu/dffae637-b764-457f-af66-f02d80306272       | 0.008 | 0.088 | 0.196    | 0.010 | 0.024 | 0.088 | 0.088 | 0.020  | 117.000   | 117.000   | 2223.000      | 117.000   |
| 36     | 0   | 36     | 0   | 0    | 0   | GET    | /api/isu/c27600cd-3db1-45e8-8940-d2f3437f8773/graph | 0.004 | 0.116 | 0.364    | 0.010 | 0.016 | 0.076 | 0.116 | 0.022  | 1970.000  | 3831.000  | 94606.000     | 2627.944  |
| 4      | 0   | 4      | 0   | 0    | 0   | GET    | /api/isu/bb4b1841-473c-4030-9e6f-72037dcee951       | 0.004 | 0.024 | 0.040    | 0.010 | 0.024 | 0.024 | 0.024 | 0.008  | 120.000   | 120.000   | 480.000       | 120.000   |
| 4      | 0   | 4      | 0   | 0    | 0   | GET    | /api/isu/d5aff945-8bd0-48c2-9da2-f783040d8700       | 0.004 | 0.020 | 0.040    | 0.010 | 0.020 | 0.020 | 0.020 | 0.008  | 144.000   | 144.000   | 576.000       | 144.000   |
| 2      | 0   | 2      | 0   | 0    | 0   | GET    | /api/isu/db48e17b-71a6-4c5e-ba19-3f47849fa32b/graph | 0.020 | 0.020 | 0.020    | 0.010 | 0.020 | 0.020 | 0.020 | 0.010  | 2738.000  | 2901.000  | 5639.000      | 2819.500  |
| 25     | 0   | 25     | 0   | 0    | 0   | GET    | /api/isu/ef8022de-2297-4b02-866d-bc809ba269cc       | 0.008 | 0.060 | 0.248    | 0.010 | 0.024 | 0.052 | 0.060 | 0.016  | 123.000   | 123.000   | 3075.000      | 123.000   |
| 49     | 0   | 49     | 0   | 0    | 0   | GET    | /api/isu/d4a016b8-4adf-43d6-bb82-0517db0e0d98/graph | 0.012 | 0.232 | 0.480    | 0.010 | 0.016 | 0.020 | 0.232 | 0.033  | 1970.000  | 3609.000  | 128362.000    | 2619.633  |
| 7      | 0   | 7      | 0   | 0    | 0   | GET    | /api/isu/bc313369-6853-4bac-8090-1e07a8556c5f       | 0.024 | 0.024 | 0.068    | 0.010 | 0.024 | 0.024 | 0.024 | 0.008  | 123.000   | 123.000   | 861.000       | 123.000   |
| 4      | 0   | 4      | 0   | 0    | 0   | GET    | /api/isu/bbdc4056-73ea-4e12-a103-48b6568da031       | 0.012 | 0.024 | 0.036    | 0.009 | 0.024 | 0.024 | 0.024 | 0.010  | 132.000   | 132.000   | 528.000       | 132.000   |
| 8      | 0   | 8      | 0   | 0    | 0   | GET    | /api/isu/c19e47e5-1f99-4064-b68a-ad628f0cf3bc/graph | 0.004 | 0.044 | 0.072    | 0.009 | 0.044 | 0.044 | 0.044 | 0.014  | 1970.000  | 3092.000  | 19829.000     | 2478.625  |
| 4      | 0   | 4      | 0   | 0    | 0   | GET    | /api/isu/c163b95f-40ee-4b5f-a34a-8ecbb6447a35       | 0.004 | 0.012 | 0.036    | 0.009 | 0.012 | 0.012 | 0.012 | 0.003  | 117.000   | 117.000   | 468.000       | 117.000   |
| 27     | 0   | 25     | 0   | 2    | 0   | GET    | /api/isu/b59d69e1-16d7-4c8e-8612-5a7c3d08b4e2       | 0.000 | 0.132 | 0.228    | 0.008 | 0.016 | 0.020 | 0.132 | 0.025  | 14.000    | 138.000   | 3485.000      | 129.074   |
| 9      | 0   | 9      | 0   | 0    | 0   | GET    | /api/isu/cd61aeca-3f0a-404a-a5c3-ce6f0e414677/graph | 0.004 | 0.040 | 0.076    | 0.008 | 0.040 | 0.040 | 0.040 | 0.012  | 1970.000  | 3314.000  | 24521.000     | 2724.556  |
| 1      | 0   | 1      | 0   | 0    | 0   | GET    | /api/isu/a303b14b-eb13-4bbb-a0ec-ad59ae5503dd       | 0.008 | 0.008 | 0.008    | 0.008 | 0.008 | 0.008 | 0.008 | 0.000  | 123.000   | 123.000   | 123.000       | 123.000   |
| 2      | 0   | 0      | 0   | 2    | 0   | GET    | /api/isu/d5226f7b-3c7b-477e-ba8b-3cc7a4012e9d       | 0.004 | 0.012 | 0.016    | 0.008 | 0.012 | 0.012 | 0.012 | 0.004  | 14.000    | 21.000    | 35.000        | 17.500    |
| 4      | 0   | 4      | 0   | 0    | 0   | GET    | /api/isu/fc6b016a-4a0b-480d-a9ec-de3d4b4a9e40/graph | 0.000 | 0.012 | 0.032    | 0.008 | 0.012 | 0.012 | 0.012 | 0.005  | 2161.000  | 3391.000  | 11576.000     | 2894.000  |
| 1      | 0   | 1      | 0   | 0    | 0   | GET    | /api/isu/ab139dfe-4f24-4a6a-9fd2-f4a564908bb5       | 0.008 | 0.008 | 0.008    | 0.008 | 0.008 | 0.008 | 0.008 | 0.000  | 129.000   | 129.000   | 129.000       | 129.000   |
| 1      | 0   | 1      | 0   | 0    | 0   | GET    | /api/isu/f1eaf4bc-022c-42e5-879a-e75424412fb6       | 0.008 | 0.008 | 0.008    | 0.008 | 0.008 | 0.008 | 0.008 | 0.000  | 120.000   | 120.000   | 120.000       | 120.000   |
| 2      | 0   | 2      | 0   | 0    | 0   | GET    | /api/isu/f3bb4cf3-17f7-4323-b810-15276fbcfcfa/graph | 0.008 | 0.008 | 0.016    | 0.008 | 0.008 | 0.008 | 0.008 | 0.000  | 3145.000  | 3417.000  | 6562.000      | 3281.000  |
| 1      | 0   | 1      | 0   | 0    | 0   | GET    | /api/isu/d7df5508-14f1-4696-a884-54da0c24d308       | 0.008 | 0.008 | 0.008    | 0.008 | 0.008 | 0.008 | 0.008 | 0.000  | 138.000   | 138.000   | 138.000       | 138.000   |
| 8      | 0   | 8      | 0   | 0    | 0   | GET    | /api/isu/dbbe5156-19af-4cf3-aed8-d9e7c18f37e7/graph | 0.000 | 0.032 | 0.064    | 0.008 | 0.032 | 0.032 | 0.032 | 0.011  | 2561.000  | 3320.000  | 23577.000     | 2947.125  |
| 1      | 0   | 1      | 0   | 0    | 0   | GET    | /api/isu/f300cc1d-c181-4c92-be00-d0005f772676       | 0.008 | 0.008 | 0.008    | 0.008 | 0.008 | 0.008 | 0.008 | 0.000  | 126.000   | 126.000   | 126.000       | 126.000   |
| 1      | 0   | 1      | 0   | 0    | 0   | GET    | /api/isu/ae040b15-884e-42c4-9b1b-d9b49c0d9919       | 0.008 | 0.008 | 0.008    | 0.008 | 0.008 | 0.008 | 0.008 | 0.000  | 126.000   | 126.000   | 126.000       | 126.000   |
| 175117 | 0   | 173778 | 0   | 1334 | 5   | POST   | /api/condition/[a-z0-9-]+                           | 0.004 | 0.480 | 1380.028 | 0.008 | 0.020 | 0.032 | 0.092 | 0.017  | 0.000     | 0.000     | 0.000         | 0.000     |
| 15     | 0   | 15     | 0   | 0    | 0   | GET    | /api/isu/ad98585c-baee-48f0-8732-0351556d77b8/graph | 0.004 | 0.028 | 0.116    | 0.008 | 0.024 | 0.028 | 0.028 | 0.009  | 1970.000  | 3640.000  | 40095.000     | 2673.000  |
| 22     | 0   | 22     | 0   | 0    | 0   | GET    | /api/isu/ad98585c-baee-48f0-8732-0351556d77b8       | 0.004 | 0.080 | 0.164    | 0.007 | 0.012 | 0.012 | 0.080 | 0.016  | 117.000   | 117.000   | 2574.000      | 117.000   |
| 7      | 0   | 7      | 0   | 0    | 0   | GET    | /api/isu/df88e946-8b5f-42e0-bddd-36763bbe7b0f       | 0.000 | 0.044 | 0.052    | 0.007 | 0.044 | 0.044 | 0.044 | 0.015  | 123.000   | 123.000   | 861.000       | 123.000   |
| 7      | 0   | 3      | 0   | 4    | 0   | GET    | /api/isu/ae42ebc1-5a49-4e42-b172-919dab708faa/graph | 0.004 | 0.028 | 0.052    | 0.007 | 0.028 | 0.028 | 0.028 | 0.009  | 14.000    | 3436.000  | 9871.000      | 1410.143  |
| 62     | 0   | 62     | 0   | 0    | 0   | GET    | /api/isu/be3eba6c-e72d-4c1c-a6ba-1cb272ff45c1/graph | 0.004 | 0.060 | 0.436    | 0.007 | 0.016 | 0.032 | 0.060 | 0.012  | 1970.000  | 4163.000  | 165568.000    | 2670.452  |
| 4      | 0   | 4      | 0   | 0    | 0   | GET    | /api/isu/fb8ce1ac-550c-4b6f-b501-531ca72dd559       | 0.004 | 0.016 | 0.028    | 0.007 | 0.016 | 0.016 | 0.016 | 0.006  | 123.000   | 123.000   | 492.000       | 123.000   |
| 4      | 0   | 4      | 0   | 0    | 0   | GET    | /api/isu/bf943aeb-9777-46a7-9097-9408551ab797       | 0.000 | 0.024 | 0.028    | 0.007 | 0.024 | 0.024 | 0.024 | 0.010  | 126.000   | 126.000   | 504.000       | 126.000   |
| 8533   | 0   | 8496   | 0   | 37   | 0   | GET    | /api/isu                                            | 0.020 | 0.744 | 59.041   | 0.007 | 0.012 | 0.028 | 0.100 | 0.026  | 3.000     | 3794.000  | 18309415.000  | 2145.718  |
| 22     | 0   | 22     | 0   | 0    | 0   | GET    | /api/isu/f4ba7bc6-d083-4409-ae3a-d0ce40c9ccf6       | 0.012 | 0.068 | 0.152    | 0.007 | 0.012 | 0.036 | 0.068 | 0.016  | 117.000   | 117.000   | 2574.000      | 117.000   |
| 24     | 0   | 22     | 0   | 2    | 0   | GET    | /api/isu/aa5ca952-f25e-482f-b7f6-e71ec6504dac       | 0.004 | 0.068 | 0.164    | 0.007 | 0.008 | 0.016 | 0.068 | 0.013  | 14.000    | 126.000   | 2807.000      | 116.958   |
| 42     | 0   | 42     | 0   | 0    | 0   | GET    | /api/isu/a8231032-1c02-4233-a6fe-ab29ce1f1b08/graph | 0.008 | 0.064 | 0.272    | 0.006 | 0.012 | 0.024 | 0.064 | 0.011  | 1970.000  | 4201.000  | 115669.000    | 2754.024  |
| 100    | 0   | 96     | 0   | 4    | 0   | GET    | /api/isu/dc365c91-488e-4985-98d7-29fa1897bfb8/graph | 0.016 | 0.120 | 0.644    | 0.006 | 0.012 | 0.020 | 0.088 | 0.017  | 14.000    | 3773.000  | 260838.000    | 2608.380  |
| 25     | 0   | 25     | 0   | 0    | 0   | GET    | /api/isu/e8ead0a3-0ee1-48c8-9d0c-21c3a369dfdd       | 0.004 | 0.052 | 0.160    | 0.006 | 0.024 | 0.028 | 0.052 | 0.012  | 111.000   | 111.000   | 2775.000      | 111.000   |
| 7      | 0   | 7      | 0   | 0    | 0   | GET    | /api/isu/dbbe5156-19af-4cf3-aed8-d9e7c18f37e7       | 0.000 | 0.032 | 0.044    | 0.006 | 0.032 | 0.032 | 0.032 | 0.011  | 117.000   | 117.000   | 819.000       | 117.000   |
| 63     | 0   | 63     | 0   | 0    | 0   | GET    | /api/isu/d9e32a00-ec0a-44eb-b555-5119b25ed200/graph | 0.004 | 0.092 | 0.380    | 0.006 | 0.016 | 0.024 | 0.092 | 0.013  | 1970.000  | 4317.000  | 180488.000    | 2864.889  |
| 12     | 0   | 11     | 0   | 1    | 0   | GET    | /api/isu/f1c89e2f-a7dd-4c2e-b78e-0e423d7e71ff       | 0.000 | 0.024 | 0.072    | 0.006 | 0.020 | 0.024 | 0.024 | 0.008  | 0.000     | 114.000   | 1254.000      | 104.500   |
| 12     | 0   | 12     | 0   | 0    | 0   | GET    | /api/isu/dff14e8a-743d-4b5f-b717-1ba30f3649f4/graph | 0.004 | 0.048 | 0.072    | 0.006 | 0.008 | 0.048 | 0.048 | 0.013  | 1970.000  | 3312.000  | 31511.000     | 2625.917  |
| 2      | 0   | 2      | 0   | 0    | 0   | GET    | /api/isu/e32beaad-30af-4bbe-9358-d692f99fffe8/graph | 0.012 | 0.012 | 0.012    | 0.006 | 0.012 | 0.012 | 0.012 | 0.006  | 1970.000  | 2162.000  | 4132.000      | 2066.000  |
| 2      | 0   | 2      | 0   | 0    | 0   | GET    | /api/isu/ff7772e2-cb20-4459-9d12-9703a7859d67/graph | 0.000 | 0.012 | 0.012    | 0.006 | 0.012 | 0.012 | 0.012 | 0.006  | 2561.000  | 2847.000  | 5408.000      | 2704.000  |
| 4      | 0   | 4      | 0   | 0    | 0   | GET    | /api/isu/ae42ebc1-5a49-4e42-b172-919dab708faa       | 0.004 | 0.012 | 0.024    | 0.006 | 0.012 | 0.012 | 0.012 | 0.004  | 114.000   | 114.000   | 456.000       | 114.000   |
| 2      | 0   | 2      | 0   | 0    | 0   | GET    | /api/isu/baee9cce-4576-4947-a34b-db6d4fabff3a/graph | 0.000 | 0.012 | 0.012    | 0.006 | 0.012 | 0.012 | 0.012 | 0.006  | 2161.000  | 2358.000  | 4519.000      | 2259.500  |
| 2      | 0   | 2      | 0   | 0    | 0   | GET    | /api/isu/e7144e9f-06e5-4996-b943-7dfb2a466a6d/graph | 0.004 | 0.008 | 0.012    | 0.006 | 0.008 | 0.008 | 0.008 | 0.002  | 2242.000  | 2435.000  | 4677.000      | 2338.500  |
| 2      | 0   | 2      | 0   | 0    | 0   | GET    | /api/isu/bf943aeb-9777-46a7-9097-9408551ab797/graph | 0.004 | 0.008 | 0.012    | 0.006 | 0.008 | 0.008 | 0.008 | 0.002  | 1970.000  | 2354.000  | 4324.000      | 2162.000  |
| 83     | 0   | 83     | 0   | 0    | 0   | GET    | /api/isu/ad6094b7-57bb-428c-9a2f-d8484fe5a0e4/graph | 0.004 | 0.076 | 0.476    | 0.006 | 0.012 | 0.020 | 0.076 | 0.010  | 1970.000  | 3577.000  | 232175.000    | 2797.289  |
| 14     | 0   | 14     | 0   | 0    | 0   | GET    | /api/isu/ca11214b-ade4-4eef-9967-2130b6e1ae04/graph | 0.000 | 0.028 | 0.080    | 0.006 | 0.012 | 0.028 | 0.028 | 0.008  | 1970.000  | 3769.000  | 39181.000     | 2798.643  |
| 54     | 0   | 54     | 0   | 0    | 0   | GET    | /api/isu/bf493d89-f0a8-4b95-aaf6-b5458e86402a/graph | 0.004 | 0.056 | 0.308    | 0.006 | 0.024 | 0.032 | 0.056 | 0.010  | 1970.000  | 3812.000  | 150914.000    | 2794.704  |
| 22     | 0   | 22     | 0   | 0    | 0   | GET    | /api/isu/ca11214b-ade4-4eef-9967-2130b6e1ae04       | 0.004 | 0.024 | 0.120    | 0.005 | 0.016 | 0.024 | 0.024 | 0.007  | 129.000   | 129.000   | 2838.000      | 129.000   |
| 3      | 0   | 3      | 0   | 0    | 0   | GET    | /api/isu/fb8ce1ac-550c-4b6f-b501-531ca72dd559/graph | 0.004 | 0.008 | 0.016    | 0.005 | 0.008 | 0.008 | 0.008 | 0.002  | 2351.000  | 2545.000  | 7249.000      | 2416.333  |
| 55     | 0   | 55     | 0   | 0    | 0   | GET    | /api/isu/a2112bc9-f2c7-4c8c-abc0-b025424db360/graph | 0.004 | 0.040 | 0.288    | 0.005 | 0.012 | 0.036 | 0.040 | 0.009  | 1970.000  | 4128.000  | 157744.000    | 2868.073  |
| 7      | 0   | 7      | 0   | 0    | 0   | GET    | /api/isu/b55a55d9-6605-4866-9af6-fbeabc1b66a3       | 0.004 | 0.012 | 0.036    | 0.005 | 0.012 | 0.012 | 0.012 | 0.004  | 126.000   | 126.000   | 882.000       | 126.000   |
| 4      | 0   | 4      | 0   | 0    | 0   | GET    | /api/isu/db48e17b-71a6-4c5e-ba19-3f47849fa32b       | 0.004 | 0.012 | 0.020    | 0.005 | 0.012 | 0.012 | 0.012 | 0.004  | 126.000   | 126.000   | 504.000       | 126.000   |
| 106    | 0   | 106    | 0   | 0    | 0   | GET    | /api/isu/ad6094b7-57bb-428c-9a2f-d8484fe5a0e4       | 0.004 | 0.060 | 0.504    | 0.005 | 0.008 | 0.024 | 0.052 | 0.010  | 122.000   | 122.000   | 12932.000     | 122.000   |
| 46     | 0   | 46     | 0   | 0    | 0   | GET    | /api/isu/a4e10479-0ffd-40d0-b7e4-8477033dcd1f/graph | 0.004 | 0.048 | 0.216    | 0.005 | 0.012 | 0.016 | 0.048 | 0.010  | 1970.000  | 3713.000  | 121766.000    | 2647.087  |
| 43     | 0   | 43     | 0   | 0    | 0   | GET    | /api/isu/d864f516-bfe6-4d28-a6d4-daaf6c94078a       | 0.040 | 0.040 | 0.200    | 0.005 | 0.012 | 0.020 | 0.040 | 0.008  | 119.000   | 119.000   | 5117.000      | 119.000   |
| 25     | 0   | 25     | 0   | 0    | 0   | GET    | /api/isu/d2155cfd-3ead-4da9-9ec2-7bc5cf7b3922       | 0.000 | 0.048 | 0.116    | 0.005 | 0.008 | 0.008 | 0.048 | 0.009  | 119.000   | 119.000   | 2975.000      | 119.000   |
| 7      | 0   | 7      | 0   | 0    | 0   | GET    | /api/isu/ad8f8e70-f355-40af-af1b-ae7dc5c7f764       | 0.004 | 0.016 | 0.032    | 0.005 | 0.016 | 0.016 | 0.016 | 0.005  | 117.000   | 117.000   | 819.000       | 117.000   |
| 40     | 0   | 40     | 0   | 0    | 0   | GET    | /api/isu/a9e73ca8-c68c-48ff-aff5-d80bfec304b4/graph | 0.016 | 0.084 | 0.180    | 0.005 | 0.004 | 0.012 | 0.084 | 0.013  | 1970.000  | 3769.000  | 113881.000    | 2847.025  |
| 22     | 0   | 22     | 0   | 0    | 0   | GET    | /api/isu/d7edc8cc-36d3-4380-ae4c-c4649ded6d59       | 0.012 | 0.020 | 0.096    | 0.004 | 0.012 | 0.016 | 0.020 | 0.006  | 123.000   | 123.000   | 2706.000      | 123.000   |
| 67     | 0   | 65     | 0   | 2    | 0   | GET    | /api/isu/a9e73ca8-c68c-48ff-aff5-d80bfec304b4       | 0.004 | 0.128 | 0.288    | 0.004 | 0.008 | 0.008 | 0.128 | 0.016  | 14.000    | 116.000   | 7575.000      | 113.060   |
| 19     | 0   | 19     | 0   | 0    | 0   | GET    | /api/isu/dff14e8a-743d-4b5f-b717-1ba30f3649f4       | 0.012 | 0.016 | 0.080    | 0.004 | 0.012 | 0.016 | 0.016 | 0.005  | 125.000   | 125.000   | 2375.000      | 125.000   |
| 73     | 0   | 69     | 0   | 4    | 0   | GET    | /api/isu/ba863d52-b722-40b8-a2ee-d1db4793d33b/graph | 0.000 | 0.108 | 0.304    | 0.004 | 0.008 | 0.016 | 0.108 | 0.013  | 14.000    | 4461.000  | 203578.000    | 2788.740  |
| 39     | 0   | 39     | 0   | 0    | 0   | GET    | /api/isu/c4897d53-3707-47f0-9299-8423f71e9ce7/graph | 0.004 | 0.036 | 0.160    | 0.004 | 0.012 | 0.016 | 0.036 | 0.006  | 1970.000  | 3815.000  | 101740.000    | 2608.718  |
| 39     | 0   | 39     | 0   | 0    | 0   | GET    | /api/isu/afbe2b76-90c6-4748-a47a-5c53280c735a/graph | 0.004 | 0.024 | 0.160    | 0.004 | 0.016 | 0.020 | 0.024 | 0.006  | 1970.000  | 4532.000  | 111990.000    | 2871.538  |
| 44     | 0   | 44     | 0   | 0    | 0   | GET    | /api/isu/d1f98852-8d20-4950-ba83-281bed5bfc5e/graph | 0.000 | 0.060 | 0.180    | 0.004 | 0.008 | 0.008 | 0.060 | 0.009  | 1970.000  | 4291.000  | 125057.000    | 2842.205  |
| 26     | 0   | 26     | 0   | 0    | 0   | GET    | /api/isu/d864f516-bfe6-4d28-a6d4-daaf6c94078a/graph | 0.004 | 0.032 | 0.104    | 0.004 | 0.008 | 0.008 | 0.032 | 0.006  | 1970.000  | 3853.000  | 72152.000     | 2775.077  |
| 1      | 0   | 1      | 0   | 0    | 0   | GET    | /api/isu/f721273e-e458-4084-80a9-a3b92d2e1ce1       | 0.004 | 0.004 | 0.004    | 0.004 | 0.004 | 0.004 | 0.004 | 0.000  | 120.000   | 120.000   | 120.000       | 120.000   |
| 1      | 0   | 1      | 0   | 0    | 0   | GET    | /api/isu/ed4755f4-3c5a-4e77-9cf5-ef411f2bedaf       | 0.004 | 0.004 | 0.004    | 0.004 | 0.004 | 0.004 | 0.004 | 0.000  | 120.000   | 120.000   | 120.000       | 120.000   |
| 1      | 0   | 1      | 0   | 0    | 0   | GET    | /api/isu/d5413297-70fb-4517-aa02-85a297c72a0a       | 0.004 | 0.004 | 0.004    | 0.004 | 0.004 | 0.004 | 0.004 | 0.000  | 123.000   | 123.000   | 123.000       | 123.000   |
| 3      | 0   | 3      | 0   | 0    | 0   | GET    | /api/isu/b5df5d6c-cbfe-449a-abc3-06d68ad08b3e/graph | 0.004 | 0.008 | 0.012    | 0.004 | 0.008 | 0.008 | 0.008 | 0.003  | 1970.000  | 2927.000  | 7059.000      | 2353.000  |
| 1      | 0   | 1      | 0   | 0    | 0   | GET    | /api/isu/af9a2162-26a3-481a-bed8-ac3bb70de722       | 0.004 | 0.004 | 0.004    | 0.004 | 0.004 | 0.004 | 0.004 | 0.000  | 126.000   | 126.000   | 126.000       | 126.000   |
| 7      | 0   | 7      | 0   | 0    | 0   | GET    | /api/isu/d8e08ffd-b4b1-420b-b17f-378e485db7cf/graph | 0.004 | 0.012 | 0.028    | 0.004 | 0.012 | 0.012 | 0.012 | 0.004  | 1970.000  | 3596.000  | 20563.000     | 2937.571  |
| 4      | 0   | 4      | 0   | 0    | 0   | GET    | /api/isu/c25c21f5-cf38-4a31-9145-fcae184123ec       | 0.000 | 0.016 | 0.016    | 0.004 | 0.016 | 0.016 | 0.016 | 0.007  | 108.000   | 108.000   | 432.000       | 108.000   |
| 1      | 0   | 1      | 0   | 0    | 0   | GET    | /api/isu/bd1c542b-bc0d-45a5-a987-75f1af82f00c       | 0.004 | 0.004 | 0.004    | 0.004 | 0.004 | 0.004 | 0.004 | 0.000  | 126.000   | 126.000   | 126.000       | 126.000   |
| 2      | 0   | 0      | 0   | 2    | 0   | GET    | /api/isu/f8f072fd-2200-42e9-bfd5-3e8fd592aed4/icon  | 0.004 | 0.004 | 0.008    | 0.004 | 0.004 | 0.004 | 0.004 | 0.000  | 14.000    | 21.000    | 35.000        | 17.500    |
| 1      | 0   | 1      | 0   | 0    | 0   | GET    | /api/isu/d1598654-b839-4c07-8cd6-9776be2d44b8       | 0.004 | 0.004 | 0.004    | 0.004 | 0.004 | 0.004 | 0.004 | 0.000  | 135.000   | 135.000   | 135.000       | 135.000   |
| 1      | 0   | 1      | 0   | 0    | 0   | GET    | /api/isu/e061531e-3af9-4b5b-9653-b7e6c43311b1       | 0.004 | 0.004 | 0.004    | 0.004 | 0.004 | 0.004 | 0.004 | 0.000  | 120.000   | 120.000   | 120.000       | 120.000   |
| 4      | 0   | 4      | 0   | 0    | 0   | GET    | /api/isu/ca96dcc2-3d9d-48f9-b2e4-bc1a139f006b       | 0.004 | 0.008 | 0.016    | 0.004 | 0.008 | 0.008 | 0.008 | 0.003  | 112.000   | 112.000   | 448.000       | 112.000   |
| 5      | 0   | 5      | 0   | 0    | 0   | GET    | /api/isu/df88e946-8b5f-42e0-bddd-36763bbe7b0f/graph | 0.008 | 0.008 | 0.020    | 0.004 | 0.008 | 0.008 | 0.008 | 0.004  | 1970.000  | 3400.000  | 12840.000     | 2568.000  |
| 4      | 0   | 4      | 0   | 0    | 0   | GET    | /api/isu/e6652b4c-68cd-40ad-b9e4-c050508a2af7       | 0.004 | 0.008 | 0.016    | 0.004 | 0.008 | 0.008 | 0.008 | 0.003  | 114.000   | 114.000   | 456.000       | 114.000   |
| 1      | 0   | 1      | 0   | 0    | 0   | GET    | /api/isu/e912ef40-9232-4a25-92cd-10ababa987b2       | 0.004 | 0.004 | 0.004    | 0.004 | 0.004 | 0.004 | 0.004 | 0.000  | 120.000   | 120.000   | 120.000       | 120.000   |
| 56     | 0   | 52     | 0   | 4    | 0   | GET    | /api/isu/dbc7a7da-1bda-4359-95b5-217d0b5f956a/graph | 0.004 | 0.080 | 0.220    | 0.004 | 0.008 | 0.012 | 0.080 | 0.011  | 14.000    | 4564.000  | 164776.000    | 2942.429  |
| 106    | 0   | 106    | 0   | 0    | 0   | GET    | /api/isu/dc365c91-488e-4985-98d7-29fa1897bfb8       | 0.004 | 0.028 | 0.384    | 0.004 | 0.012 | 0.020 | 0.028 | 0.006  | 120.000   | 120.000   | 12720.000     | 120.000   |
| 2543   | 0   | 1292   | 0   | 1251 | 0   | GET    | /api/user/me                                        | 0.004 | 0.104 | 9.179    | 0.004 | 0.008 | 0.016 | 0.036 | 0.008  | 21.000    | 41.000    | 68973.000     | 27.123    |
| 38     | 0   | 38     | 0   | 0    | 0   | GET    | /api/isu/fd1a1bcc-d09f-4e88-ba14-8c0f0a2f9a39/graph | 0.004 | 0.028 | 0.136    | 0.004 | 0.008 | 0.016 | 0.028 | 0.005  | 1970.000  | 3614.000  | 99373.000     | 2615.079  |
| 82     | 0   | 82     | 0   | 0    | 0   | GET    | /api/isu/ba863d52-b722-40b8-a2ee-d1db4793d33b       | 0.000 | 0.060 | 0.284    | 0.003 | 0.008 | 0.012 | 0.060 | 0.009  | 110.000   | 110.000   | 9020.000      | 110.000   |
| 19     | 0   | 19     | 0   | 0    | 0   | GET    | /api/isu/cafd5c33-e8f7-40dc-b04a-1d189d617380       | 0.000 | 0.012 | 0.064    | 0.003 | 0.008 | 0.012 | 0.012 | 0.004  | 108.000   | 108.000   | 2052.000      | 108.000   |
| 56     | 0   | 56     | 0   | 0    | 0   | GET    | /api/isu/f52dcd18-bdfa-4dfc-8a72-87b0619cc4c2       | 0.004 | 0.068 | 0.188    | 0.003 | 0.004 | 0.008 | 0.068 | 0.010  | 128.000   | 128.000   | 7168.000      | 128.000   |
| 70     | 0   | 70     | 0   | 0    | 0   | GET    | /api/isu/a2112bc9-f2c7-4c8c-abc0-b025424db360       | 0.004 | 0.056 | 0.232    | 0.003 | 0.008 | 0.012 | 0.056 | 0.008  | 119.000   | 119.000   | 8330.000      | 119.000   |
| 63     | 0   | 61     | 0   | 2    | 0   | GET    | /api/isu/d4a016b8-4adf-43d6-bb82-0517db0e0d98       | 0.004 | 0.040 | 0.208    | 0.003 | 0.008 | 0.012 | 0.040 | 0.006  | 14.000    | 128.000   | 7843.000      | 124.492   |
| 64     | 0   | 56     | 0   | 8    | 0   | GET    | /api/isu/d872d631-24af-44b9-91d0-eadc67e03313/graph | 0.004 | 0.036 | 0.204    | 0.003 | 0.008 | 0.012 | 0.036 | 0.006  | 14.000    | 4145.000  | 159251.000    | 2488.297  |
| 33     | 0   | 33     | 0   | 0    | 0   | GET    | /api/isu/f8f072fd-2200-42e9-bfd5-3e8fd592aed4/graph | 0.004 | 0.016 | 0.100    | 0.003 | 0.008 | 0.012 | 0.016 | 0.004  | 1970.000  | 3801.000  | 90498.000     | 2742.364  |
| 4      | 0   | 4      | 0   | 0    | 0   | GET    | /api/isu/fc6b016a-4a0b-480d-a9ec-de3d4b4a9e40       | 0.000 | 0.008 | 0.012    | 0.003 | 0.008 | 0.008 | 0.008 | 0.003  | 123.000   | 123.000   | 492.000       | 123.000   |
| 4      | 0   | 4      | 0   | 0    | 0   | GET    | /api/isu/f3bb4cf3-17f7-4323-b810-15276fbcfcfa       | 0.000 | 0.008 | 0.012    | 0.003 | 0.008 | 0.008 | 0.008 | 0.003  | 114.000   | 114.000   | 456.000       | 114.000   |
| 79     | 0   | 79     | 0   | 0    | 0   | GET    | /api/isu/be3eba6c-e72d-4c1c-a6ba-1cb272ff45c1       | 0.044 | 0.052 | 0.228    | 0.003 | 0.004 | 0.012 | 0.052 | 0.008  | 113.000   | 113.000   | 8927.000      | 113.000   |
| 43     | 0   | 43     | 0   | 0    | 0   | GET    | /api/isu/c27600cd-3db1-45e8-8940-d2f3437f8773       | 0.008 | 0.040 | 0.124    | 0.003 | 0.008 | 0.008 | 0.040 | 0.007  | 131.000   | 131.000   | 5633.000      | 131.000   |
| 1257   | 0   | 1218   | 0   | 39   | 0   | POST   | /api/signout                                        | 0.004 | 0.064 | 3.531    | 0.003 | 0.008 | 0.012 | 0.024 | 0.006  | 0.000     | 21.000    | 819.000       | 0.652     |
| 10     | 0   | 10     | 0   | 0    | 0   | GET    | /api/isu/cafd5c33-e8f7-40dc-b04a-1d189d617380/graph | 0.008 | 0.008 | 0.028    | 0.003 | 0.004 | 0.008 | 0.008 | 0.003  | 1970.000  | 4004.000  | 28141.000     | 2814.100  |
| 70     | 0   | 70     | 0   | 0    | 0   | GET    | /api/isu/d872d631-24af-44b9-91d0-eadc67e03313       | 0.000 | 0.064 | 0.196    | 0.003 | 0.004 | 0.012 | 0.064 | 0.009  | 116.000   | 116.000   | 8120.000      | 116.000   |
| 3      | 0   | 3      | 0   | 0    | 0   | GET    | /api/isu/d5aff945-8bd0-48c2-9da2-f783040d8700/graph | 0.000 | 0.008 | 0.008    | 0.003 | 0.008 | 0.008 | 0.008 | 0.004  | 2352.000  | 3024.000  | 7931.000      | 2643.667  |
| 52     | 0   | 52     | 0   | 0    | 0   | GET    | /api/isu/fd1a1bcc-d09f-4e88-ba14-8c0f0a2f9a39       | 0.012 | 0.040 | 0.136    | 0.003 | 0.004 | 0.012 | 0.040 | 0.006  | 116.000   | 116.000   | 6032.000      | 116.000   |
| 36     | 0   | 36     | 0   | 0    | 0   | GET    | /api/isu/f52dcd18-bdfa-4dfc-8a72-87b0619cc4c2/graph | 0.004 | 0.012 | 0.092    | 0.003 | 0.008 | 0.012 | 0.012 | 0.003  | 1970.000  | 4079.000  | 100599.000    | 2794.417  |
| 80     | 0   | 76     | 0   | 4    | 0   | GET    | /api/isu/dbc7a7da-1bda-4359-95b5-217d0b5f956a       | 0.008 | 0.052 | 0.200    | 0.003 | 0.004 | 0.008 | 0.052 | 0.006  | 14.000    | 110.000   | 8430.000      | 105.375   |
| 58     | 0   | 58     | 0   | 0    | 0   | GET    | /api/isu/c4897d53-3707-47f0-9299-8423f71e9ce7       | 0.000 | 0.024 | 0.136    | 0.002 | 0.008 | 0.012 | 0.024 | 0.005  | 122.000   | 122.000   | 7076.000      | 122.000   |
| 67     | 0   | 67     | 0   | 0    | 0   | GET    | /api/isu/d1f98852-8d20-4950-ba83-281bed5bfc5e       | 0.000 | 0.028 | 0.148    | 0.002 | 0.004 | 0.004 | 0.028 | 0.004  | 113.000   | 113.000   | 7571.000      | 113.000   |
| 77     | 0   | 73     | 0   | 4    | 0   | GET    | /api/isu/bf493d89-f0a8-4b95-aaf6-b5458e86402a       | 0.004 | 0.056 | 0.160    | 0.002 | 0.004 | 0.008 | 0.056 | 0.007  | 14.000    | 119.000   | 8757.000      | 113.727   |
| 53     | 0   | 49     | 0   | 4    | 0   | GET    | /api/isu/a15c0411-0737-45a6-b62d-c7b1265be234/graph | 0.000 | 0.016 | 0.108    | 0.002 | 0.004 | 0.008 | 0.016 | 0.003  | 14.000    | 3913.000  | 132190.000    | 2494.151  |
| 2      | 0   | 0      | 0   | 2    | 0   | GET    | /api/isu/a2112bc9-f2c7-4c8c-abc0-b025424db360/icon  | 0.004 | 0.004 | 0.004    | 0.002 | 0.004 | 0.004 | 0.004 | 0.002  | 14.000    | 21.000    | 35.000        | 17.500    |
| 2      | 0   | 0      | 0   | 2    | 0   | GET    | /api/isu/aa5ca952-f25e-482f-b7f6-e71ec6504dac/icon  | 0.004 | 0.004 | 0.004    | 0.002 | 0.004 | 0.004 | 0.004 | 0.002  | 14.000    | 21.000    | 35.000        | 17.500    |
| 2      | 0   | 0      | 0   | 2    | 0   | GET    | /api/isu/a8231032-1c02-4233-a6fe-ab29ce1f1b08/icon  | 0.000 | 0.004 | 0.004    | 0.002 | 0.004 | 0.004 | 0.004 | 0.002  | 14.000    | 21.000    | 35.000        | 17.500    |
| 2      | 0   | 0      | 0   | 2    | 0   | GET    | /api/isu/a4e10479-0ffd-40d0-b7e4-8477033dcd1f/icon  | 0.000 | 0.004 | 0.004    | 0.002 | 0.004 | 0.004 | 0.004 | 0.002  | 14.000    | 21.000    | 35.000        | 17.500    |
| 6      | 0   | 6      | 0   | 0    | 0   | GET    | /api/isu/c0cb189f-3937-49e7-828c-60b00a057f6c/graph | 0.004 | 0.004 | 0.012    | 0.002 | 0.004 | 0.004 | 0.004 | 0.002  | 2240.000  | 3237.000  | 16154.000     | 2692.333  |
| 2      | 0   | 2      | 0   | 0    | 0   | GET    | /api/isu/b82dcff4-8fae-4773-9956-22ab354adb7e/graph | 0.004 | 0.004 | 0.004    | 0.002 | 0.004 | 0.004 | 0.004 | 0.002  | 3376.000  | 4234.000  | 7610.000      | 3805.000  |
| 61     | 0   | 61     | 0   | 0    | 0   | GET    | /api/isu/afbe2b76-90c6-4748-a47a-5c53280c735a       | 0.004 | 0.012 | 0.108    | 0.002 | 0.004 | 0.008 | 0.012 | 0.003  | 113.000   | 113.000   | 6893.000      | 113.000   |
| 74     | 0   | 74     | 0   | 0    | 0   | GET    | /api/isu/a15c0411-0737-45a6-b62d-c7b1265be234       | 0.004 | 0.012 | 0.116    | 0.002 | 0.004 | 0.008 | 0.012 | 0.003  | 134.000   | 134.000   | 9916.000      | 134.000   |
| 52     | 0   | 52     | 0   | 0    | 0   | GET    | /api/isu/a8231032-1c02-4233-a6fe-ab29ce1f1b08       | 0.012 | 0.012 | 0.080    | 0.002 | 0.004 | 0.008 | 0.012 | 0.003  | 125.000   | 125.000   | 6500.000      | 125.000   |
| 55     | 0   | 55     | 0   | 0    | 0   | GET    | /api/isu/f8f072fd-2200-42e9-bfd5-3e8fd592aed4       | 0.000 | 0.012 | 0.080    | 0.001 | 0.004 | 0.008 | 0.012 | 0.003  | 122.000   | 122.000   | 6710.000      | 122.000   |
| 3      | 0   | 3      | 0   | 0    | 0   | GET    | /api/isu/ca96dcc2-3d9d-48f9-b2e4-bc1a139f006b/graph | 0.004 | 0.004 | 0.004    | 0.001 | 0.004 | 0.004 | 0.004 | 0.002  | 2363.000  | 3007.000  | 7994.000      | 2664.667  |
| 67     | 0   | 67     | 0   | 0    | 0   | GET    | /api/isu/a4e10479-0ffd-40d0-b7e4-8477033dcd1f       | 0.000 | 0.012 | 0.088    | 0.001 | 0.004 | 0.008 | 0.012 | 0.003  | 122.000   | 122.000   | 8174.000      | 122.000   |
| 79     | 0   | 79     | 0   | 0    | 0   | GET    | /api/isu/d9e32a00-ec0a-44eb-b555-5119b25ed200       | 0.008 | 0.012 | 0.092    | 0.001 | 0.004 | 0.008 | 0.012 | 0.002  | 114.000   | 114.000   | 9006.000      | 114.000   |
| 4      | 0   | 0      | 0   | 4    | 0   | GET    | /api/isu/c648b087-fe00-4ea2-a524-b2e80555893f       | 0.004 | 0.004 | 0.004    | 0.001 | 0.004 | 0.004 | 0.004 | 0.002  | 14.000    | 21.000    | 70.000        | 17.500    |
| 4      | 0   | 4      | 0   | 0    | 0   | GET    | /api/isu/a4d68e6c-44af-4e8f-a736-4b011ac23b1e       | 0.000 | 0.004 | 0.004    | 0.001 | 0.004 | 0.004 | 0.004 | 0.002  | 120.000   | 120.000   | 480.000       | 120.000   |
| 4      | 0   | 4      | 0   | 0    | 0   | GET    | /api/isu/ae2d7644-7a03-4ea8-960b-5320cf2e8410       | 0.000 | 0.004 | 0.004    | 0.001 | 0.004 | 0.004 | 0.004 | 0.002  | 126.000   | 126.000   | 504.000       | 126.000   |
| 4      | 0   | 0      | 0   | 4    | 0   | GET    | /api/isu/c648b087-fe00-4ea2-a524-b2e80555893f/icon  | 0.000 | 0.004 | 0.004    | 0.001 | 0.004 | 0.004 | 0.004 | 0.002  | 14.000    | 21.000    | 70.000        | 17.500    |
| 6      | 0   | 2      | 0   | 4    | 0   | GET    | /api/isu/eb104b95-3532-4828-8550-89da717b9667/graph | 0.000 | 0.004 | 0.004    | 0.001 | 0.004 | 0.004 | 0.004 | 0.001  | 14.000    | 4200.000  | 7646.000      | 1274.333  |
| 8      | 0   | 0      | 0   | 8    | 0   | GET    | /api/isu/c648b087-fe00-4ea2-a524-b2e80555893f/graph | 0.000 | 0.004 | 0.004    | 0.001 | 0.004 | 0.004 | 0.004 | 0.001  | 14.000    | 21.000    | 144.000       | 18.000    |
| 2      | 0   | 0      | 0   | 2    | 0   | GET    | /api/isu/a9e73ca8-c68c-48ff-aff5-d80bfec304b4/icon  | 0.000 | 0.000 | 0.000    | 0.000 | 0.000 | 0.000 | 0.000 | 0.000  | 14.000    | 21.000    | 35.000        | 17.500    |
| 1      | 0   | 1      | 0   | 0    | 0   | GET    | /api/isu/a2da1eb3-2355-4aa9-90d0-6a618ad8ffec       | 0.000 | 0.000 | 0.000    | 0.000 | 0.000 | 0.000 | 0.000 | 0.000  | 120.000   | 120.000   | 120.000       | 120.000   |
| 1      | 0   | 1      | 0   | 0    | 0   | GET    | /api/isu/eb104b95-3532-4828-8550-89da717b9667       | 0.000 | 0.000 | 0.000    | 0.000 | 0.000 | 0.000 | 0.000 | 0.000  | 121.000   | 121.000   | 121.000       | 121.000   |
| 2      | 0   | 0      | 0   | 2    | 0   | GET    | /api/isu/c0a0b8b0-23da-4394-ac77-64685821ca38       | 0.000 | 0.000 | 0.000    | 0.000 | 0.000 | 0.000 | 0.000 | 0.000  | 14.000    | 21.000    | 35.000        | 17.500    |
| 1      | 0   | 1      | 0   | 0    | 0   | GET    | /api/isu/ef5a3605-c5da-48cf-a6f5-27aa0430925f       | 0.000 | 0.000 | 0.000    | 0.000 | 0.000 | 0.000 | 0.000 | 0.000  | 114.000   | 114.000   | 114.000       | 114.000   |
| 3      | 0   | 1      | 0   | 2    | 0   | GET    | /api/isu/b82dcff4-8fae-4773-9956-22ab354adb7e       | 0.000 | 0.000 | 0.000    | 0.000 | 0.000 | 0.000 | 0.000 | 0.000  | 14.000    | 119.000   | 154.000       | 51.333    |
| 1      | 0   | 1      | 0   | 0    | 0   | GET    | /api/isu/d82e84ff-b58c-4532-a16a-ebf517b6b99c       | 0.000 | 0.000 | 0.000    | 0.000 | 0.000 | 0.000 | 0.000 | 0.000  | 117.000   | 117.000   | 117.000       | 117.000   |
| 1      | 0   | 1      | 0   | 0    | 0   | GET    | /api/isu/bdf4925c-b0e1-45e4-bb68-959c7d90af99       | 0.000 | 0.000 | 0.000    | 0.000 | 0.000 | 0.000 | 0.000 | 0.000  | 114.000   | 114.000   | 114.000       | 114.000   |
| 2      | 0   | 0      | 0   | 2    | 0   | GET    | /api/isu/ea78c8f4-3b61-4f59-a5e3-2be4d5cc9d00/icon  | 0.000 | 0.000 | 0.000    | 0.000 | 0.000 | 0.000 | 0.000 | 0.000  | 14.000    | 21.000    | 35.000        | 17.500    |
| 1      | 0   | 1      | 0   | 0    | 0   | GET    | /api/isu/cb37772d-b366-401a-b6f8-9d64fc8f5b15       | 0.000 | 0.000 | 0.000    | 0.000 | 0.000 | 0.000 | 0.000 | 0.000  | 129.000   | 129.000   | 129.000       | 129.000   |
| 2      | 0   | 0      | 0   | 2    | 0   | GET    | /api/isu/dc365c91-488e-4985-98d7-29fa1897bfb8/icon  | 0.000 | 0.000 | 0.000    | 0.000 | 0.000 | 0.000 | 0.000 | 0.000  | 14.000    | 21.000    | 35.000        | 17.500    |
| 1      | 0   | 1      | 0   | 0    | 0   | GET    | /api/isu/f7bd26f5-6144-4d9d-befb-1c4acef20541       | 0.000 | 0.000 | 0.000    | 0.000 | 0.000 | 0.000 | 0.000 | 0.000  | 114.000   | 114.000   | 114.000       | 114.000   |
| 1      | 0   | 1      | 0   | 0    | 0   | GET    | /api/isu/fbebbdc7-b81a-43fa-9bfe-cd910d8324a9       | 0.000 | 0.000 | 0.000    | 0.000 | 0.000 | 0.000 | 0.000 | 0.000  | 115.000   | 115.000   | 115.000       | 115.000   |
| 1      | 0   | 1      | 0   | 0    | 0   | GET    | /api/isu/a92de04c-7b16-4edb-b885-649c1467d09f/graph | 0.000 | 0.000 | 0.000    | 0.000 | 0.000 | 0.000 | 0.000 | 0.000  | 2555.000  | 2555.000  | 2555.000      | 2555.000  |
+--------+-----+--------+-----+------+-----+--------+-----------------------------------------------------+-------+-------+----------+-------+-------+-------+-------+--------+-----------+-----------+---------------+-----------+
