+--------+-----+--------+-------+------+-----+--------+-----------------------------------------------------+-------+-------+----------+-------+-------+-------+-------+--------+-----------+-----------+---------------+-----------+
| COUNT  | 1XX |  2XX   |  3XX  | 4XX  | 5XX | METHOD |                         URI                         |  MIN  |  MAX  |   SUM    |  AVG  |  P90  |  P95  |  P99  | STDDEV | MIN(BODY) | MAX(BODY) |   SUM(BODY)   | AVG(BODY) |
+--------+-----+--------+-------+------+-----+--------+-----------------------------------------------------+-------+-------+----------+-------+-------+-------+-------+--------+-----------+-----------+---------------+-----------+
| 1      | 0   | 1      | 0     | 0    | 0   | GET    | /api/isu/d48aa128-c50b-4b2b-bdb2-52e6a3763e21       | 0.548 | 0.548 | 0.548    | 0.548 | 0.548 | 0.548 | 0.548 | 0.000  | 143.000   | 143.000   | 143.000       | 143.000   |
| 2      | 0   | 2      | 0     | 0    | 0   | GET    | /api/isu/acaf32aa-18e8-4d2c-809b-b255dddfd4b4       | 0.388 | 0.640 | 1.028    | 0.514 | 0.640 | 0.640 | 0.640 | 0.126  | 146.000   | 146.000   | 292.000       | 146.000   |
| 2      | 0   | 2      | 0     | 0    | 0   | GET    | /api/isu/be6571f0-c344-42b9-8a98-60c3caa7c6fb/graph | 0.128 | 0.756 | 0.884    | 0.442 | 0.756 | 0.756 | 0.756 | 0.314  | 3363.000  | 3518.000  | 6881.000      | 3440.500  |
| 10     | 0   | 8      | 0     | 2    | 0   | GET    | /api/isu/bb12102e-435e-45eb-9e27-e7d24ad098da/graph | 0.012 | 1.012 | 4.260    | 0.426 | 1.000 | 1.012 | 1.012 | 0.370  | 3026.000  | 5465.000  | 32769.000     | 3276.900  |
| 4      | 0   | 4      | 0     | 0    | 0   | GET    | /api/isu/d25bd98f-0824-413b-bbdb-ba40c79ae10f/graph | 0.160 | 0.784 | 1.676    | 0.419 | 0.784 | 0.784 | 0.784 | 0.230  | 3699.000  | 5541.000  | 17433.000     | 4358.250  |
| 1      | 0   | 1      | 0     | 0    | 0   | GET    | /api/isu/fc0eb6b6-239f-4bff-a688-cfa1a6749102       | 0.384 | 0.384 | 0.384    | 0.384 | 0.384 | 0.384 | 0.384 | 0.000  | 134.000   | 134.000   | 134.000       | 134.000   |
| 1      | 0   | 1      | 0     | 0    | 0   | GET    | /api/isu/cef9fa89-a93a-4d02-a416-9fcf6235b800       | 0.360 | 0.360 | 0.360    | 0.360 | 0.360 | 0.360 | 0.360 | 0.000  | 134.000   | 134.000   | 134.000       | 134.000   |
| 6      | 0   | 5      | 0     | 1    | 0   | GET    | /api/isu/fb16cea8-d10e-46cf-9857-3adb1396dc8a       | 0.004 | 1.008 | 2.136    | 0.356 | 1.008 | 1.008 | 1.008 | 0.322  | 137.000   | 137.000   | 685.000       | 114.167   |
| 1      | 0   | 1      | 0     | 0    | 0   | GET    | /api/isu/a39789a0-3549-475e-ab6d-32db67d69f5e       | 0.336 | 0.336 | 0.336    | 0.336 | 0.336 | 0.336 | 0.336 | 0.000  | 146.000   | 146.000   | 146.000       | 146.000   |
| 10     | 0   | 9      | 0     | 1    | 0   | GET    | /api/isu/ae26a265-9b57-4b66-93f7-16739564ecb0       | 0.004 | 1.000 | 3.180    | 0.318 | 0.968 | 1.000 | 1.000 | 0.430  | 128.000   | 128.000   | 1152.000      | 115.200   |
| 5      | 0   | 5      | 0     | 0    | 0   | GET    | /api/isu/a4a1d153-33f0-4fec-b50c-ba37df5e5f47       | 0.052 | 0.968 | 1.535    | 0.307 | 0.968 | 0.968 | 0.968 | 0.339  | 128.000   | 128.000   | 640.000       | 128.000   |
| 4      | 0   | 4      | 0     | 0    | 0   | GET    | /api/isu/bc1a44fc-375e-4c83-9a5f-bc20bac9ec73       | 0.012 | 0.680 | 1.224    | 0.306 | 0.680 | 0.680 | 0.680 | 0.241  | 137.000   | 137.000   | 548.000       | 137.000   |
| 5      | 0   | 5      | 0     | 0    | 0   | GET    | /api/isu/ef73a8c2-02e1-467a-af52-b5f19d86e75a/graph | 0.104 | 0.852 | 1.484    | 0.297 | 0.852 | 0.852 | 0.852 | 0.284  | 4051.000  | 5071.000  | 22407.000     | 4481.400  |
| 6      | 0   | 6      | 0     | 0    | 0   | GET    | /api/isu/f66d5fb9-ee08-4334-993c-5505110bebe2       | 0.096 | 0.460 | 1.708    | 0.285 | 0.460 | 0.460 | 0.460 | 0.131  | 140.000   | 140.000   | 840.000       | 140.000   |
| 13     | 0   | 13     | 0     | 0    | 0   | GET    | /api/isu/c00724b2-7e12-4bad-9767-ffaec4680c9f/graph | 0.008 | 0.800 | 3.652    | 0.281 | 0.668 | 0.800 | 0.800 | 0.280  | 2691.000  | 6387.000  | 55997.000     | 4307.462  |
| 4      | 0   | 4      | 0     | 0    | 0   | GET    | /api/isu/de6ee08d-e30c-4951-bf31-09c250362004/graph | 0.060 | 0.748 | 1.120    | 0.280 | 0.748 | 0.748 | 0.748 | 0.278  | 3371.000  | 4037.000  | 14808.000     | 3702.000  |
| 4      | 0   | 4      | 0     | 0    | 0   | GET    | /api/isu/c177719d-6f50-4b8e-99af-a173a1063daa       | 0.040 | 0.476 | 1.108    | 0.277 | 0.476 | 0.476 | 0.476 | 0.157  | 143.000   | 143.000   | 572.000       | 143.000   |
| 6      | 0   | 5      | 0     | 1    | 0   | GET    | /api/isu/ee45b649-89d5-4be4-9107-fb569cb940ff/graph | 0.036 | 0.944 | 1.656    | 0.276 | 0.944 | 0.944 | 0.944 | 0.311  | 0.000     | 4702.000  | 21338.000     | 3556.333  |
| 6      | 0   | 5      | 0     | 1    | 0   | GET    | /api/isu/c8eae9b6-a4ac-47ad-853d-db9e89bb13a3       | 0.052 | 1.000 | 1.640    | 0.273 | 1.000 | 1.000 | 1.000 | 0.332  | 140.000   | 140.000   | 700.000       | 116.667   |
| 4      | 0   | 4      | 0     | 0    | 0   | GET    | /api/isu/d25bd98f-0824-413b-bbdb-ba40c79ae10f       | 0.052 | 0.488 | 1.084    | 0.271 | 0.488 | 0.488 | 0.488 | 0.204  | 131.000   | 131.000   | 524.000       | 131.000   |
| 9      | 0   | 9      | 0     | 0    | 0   | GET    | /api/isu/d6687744-e6ca-4ca1-b32b-c8080091535a/graph | 0.004 | 0.720 | 2.424    | 0.269 | 0.720 | 0.720 | 0.720 | 0.266  | 2691.000  | 5680.000  | 35353.000     | 3928.111  |
| 10     | 0   | 8      | 0     | 2    | 0   | GET    | /api/isu/cd0ab4a3-6e21-4a3e-a862-74693cdc089b       | 0.004 | 1.056 | 2.540    | 0.254 | 1.000 | 1.056 | 1.056 | 0.391  | 137.000   | 137.000   | 1096.000      | 109.600   |
| 5      | 0   | 4      | 0     | 1    | 0   | GET    | /api/isu/dabd81dd-5800-4986-87ea-cfd9c6d72cfe       | 0.004 | 0.684 | 1.264    | 0.253 | 0.684 | 0.684 | 0.684 | 0.237  | 0.000     | 143.000   | 572.000       | 114.400   |
| 3      | 0   | 3      | 0     | 0    | 0   | GET    | /api/isu/d579561b-ed7b-4047-830c-8fba4d8a9d67       | 0.028 | 0.412 | 0.724    | 0.241 | 0.412 | 0.412 | 0.412 | 0.160  | 140.000   | 140.000   | 420.000       | 140.000   |
| 8      | 0   | 8      | 0     | 0    | 0   | GET    | /api/isu/bc541180-4f1c-49aa-b53b-22c2bbb1c9a2/graph | 0.028 | 0.984 | 1.844    | 0.231 | 0.984 | 0.984 | 0.984 | 0.300  | 3367.000  | 5751.000  | 33493.000     | 4186.625  |
| 1      | 0   | 1      | 0     | 0    | 0   | GET    | /api/isu/d6e94ba1-f7ae-4378-9bb4-73b0dd857b86       | 0.216 | 0.216 | 0.216    | 0.216 | 0.216 | 0.216 | 0.216 | 0.000  | 146.000   | 146.000   | 146.000       | 146.000   |
| 10     | 0   | 9      | 0     | 1    | 0   | GET    | /api/isu/d326d70b-161f-4420-be57-0c56c32fef4f/graph | 0.020 | 1.000 | 2.148    | 0.215 | 0.280 | 1.000 | 1.000 | 0.272  | 3191.000  | 5874.000  | 39707.000     | 3970.700  |
| 5      | 0   | 5      | 0     | 0    | 0   | GET    | /api/isu/fa8da663-3b45-4a04-a22c-b48fd842d1fe       | 0.016 | 0.724 | 1.068    | 0.214 | 0.724 | 0.724 | 0.724 | 0.265  | 140.000   | 140.000   | 700.000       | 140.000   |
| 10     | 0   | 10     | 0     | 0    | 0   | GET    | /api/isu/fa8da663-3b45-4a04-a22c-b48fd842d1fe/graph | 0.020 | 0.632 | 2.100    | 0.210 | 0.452 | 0.632 | 0.632 | 0.180  | 3371.000  | 5911.000  | 42728.000     | 4272.800  |
| 1      | 0   | 1      | 0     | 0    | 0   | POST   | /initialize                                         | 0.204 | 0.204 | 0.204    | 0.204 | 0.204 | 0.204 | 0.204 | 0.000  | 23.000    | 23.000    | 23.000        | 23.000    |
| 313    | 0   | 292    | 0     | 20   | 1   | POST   | /api/isu                                            | 0.016 | 1.028 | 62.988   | 0.201 | 0.372 | 0.640 | 1.000 | 0.201  | 0.000     | 158.000   | 40569.000     | 129.613   |
| 3      | 0   | 3      | 0     | 0    | 0   | GET    | /api/isu/cf02b8b5-d70e-4b6a-b082-bea86d9ae722/graph | 0.032 | 0.399 | 0.575    | 0.192 | 0.399 | 0.399 | 0.399 | 0.154  | 3361.000  | 5201.000  | 13060.000     | 4353.333  |
| 8      | 0   | 7      | 0     | 1    | 0   | GET    | /api/isu/c73485e0-aa39-4cbf-a623-72dd0952a603/graph | 0.032 | 0.996 | 1.532    | 0.192 | 0.996 | 0.996 | 0.996 | 0.307  | 2691.000  | 4711.000  | 27914.000     | 3489.250  |
| 5      | 0   | 5      | 0     | 0    | 0   | GET    | /api/isu/bd92dd68-a829-47f4-90ee-d2bb10b8e823       | 0.072 | 0.404 | 0.948    | 0.190 | 0.404 | 0.404 | 0.404 | 0.129  | 143.000   | 143.000   | 715.000       | 143.000   |
| 2      | 0   | 2      | 0     | 0    | 0   | GET    | /api/isu/ef25f0f0-5fba-43fe-a424-fe62bb138569/graph | 0.148 | 0.224 | 0.372    | 0.186 | 0.224 | 0.224 | 0.224 | 0.038  | 2691.000  | 3360.000  | 6051.000      | 3025.500  |
| 1      | 0   | 1      | 0     | 0    | 0   | GET    | /api/isu/bdaf18bc-6a5c-4190-9166-840c2817eed0       | 0.184 | 0.184 | 0.184    | 0.184 | 0.184 | 0.184 | 0.184 | 0.000  | 137.000   | 137.000   | 137.000       | 137.000   |
| 2      | 0   | 2      | 0     | 0    | 0   | GET    | /api/isu/a04f62f3-f19d-4c00-be9b-5719efc913fc/graph | 0.144 | 0.212 | 0.356    | 0.178 | 0.212 | 0.212 | 0.212 | 0.034  | 3026.000  | 4030.000  | 7056.000      | 3528.000  |
| 3      | 0   | 3      | 0     | 0    | 0   | GET    | /api/isu/bdc4124c-8086-4618-a60b-43d2833c76f1       | 0.076 | 0.380 | 0.532    | 0.177 | 0.380 | 0.380 | 0.380 | 0.143  | 143.000   | 143.000   | 429.000       | 143.000   |
| 19     | 0   | 18     | 0     | 1    | 0   | GET    | /api/isu/ae4e3840-8ddb-4e0c-ae19-c6e17778facb/graph | 0.008 | 1.020 | 3.364    | 0.177 | 0.796 | 1.020 | 1.020 | 0.268  | 3013.000  | 5649.000  | 76119.000     | 4006.263  |
| 6      | 0   | 6      | 0     | 0    | 0   | GET    | /api/isu/c8794765-5ae5-4488-9102-51b3c814ea7b       | 0.020 | 0.312 | 1.036    | 0.173 | 0.312 | 0.312 | 0.312 | 0.126  | 137.000   | 137.000   | 822.000       | 137.000   |
| 3      | 0   | 3      | 0     | 0    | 0   | GET    | /api/isu/bc1a44fc-375e-4c83-9a5f-bc20bac9ec73/graph | 0.120 | 0.244 | 0.504    | 0.168 | 0.244 | 0.244 | 0.244 | 0.054  | 3695.000  | 4372.000  | 12256.000     | 4085.333  |
| 10     | 0   | 9      | 0     | 1    | 0   | GET    | /api/isu/c8794765-5ae5-4488-9102-51b3c814ea7b/graph | 0.008 | 1.004 | 1.652    | 0.165 | 0.200 | 1.004 | 1.004 | 0.286  | 3180.000  | 5905.000  | 39874.000     | 3987.400  |
| 1      | 0   | 1      | 0     | 0    | 0   | GET    | /api/isu/de88931e-ceab-4e30-bd1f-04477ba0f461       | 0.156 | 0.156 | 0.156    | 0.156 | 0.156 | 0.156 | 0.156 | 0.000  | 143.000   | 143.000   | 143.000       | 143.000   |
| 4      | 0   | 4      | 0     | 0    | 0   | GET    | /api/isu/de6ee08d-e30c-4951-bf31-09c250362004       | 0.044 | 0.316 | 0.624    | 0.156 | 0.316 | 0.316 | 0.316 | 0.110  | 134.000   | 134.000   | 536.000       | 134.000   |
| 2      | 0   | 2      | 0     | 0    | 0   | GET    | /api/isu/d54bf7e0-a729-4490-997a-92096ad76c7d       | 0.120 | 0.184 | 0.304    | 0.152 | 0.184 | 0.184 | 0.184 | 0.032  | 137.000   | 137.000   | 274.000       | 137.000   |
| 18     | 0   | 14     | 0     | 4    | 0   | GET    | /api/isu/ac6f0aac-3150-4714-bfed-055aa4c91e35/graph | 0.004 | 0.644 | 2.664    | 0.148 | 0.568 | 0.644 | 0.644 | 0.196  | 14.000    | 5845.000  | 55998.000     | 3111.000  |
| 7      | 0   | 5      | 0     | 2    | 0   | GET    | /api/isu/e8651771-9e94-47ef-ab11-221b6afd5238       | 0.004 | 0.712 | 1.028    | 0.147 | 0.712 | 0.712 | 0.712 | 0.238  | 14.000    | 143.000   | 750.000       | 107.143   |
| 11     | 0   | 11     | 0     | 0    | 0   | GET    | /api/isu/ae26a265-9b57-4b66-93f7-16739564ecb0/graph | 0.016 | 0.704 | 1.608    | 0.146 | 0.344 | 0.704 | 0.704 | 0.197  | 3340.000  | 6217.000  | 47701.000     | 4336.455  |
| 4      | 0   | 4      | 0     | 0    | 0   | GET    | /api/isu/ff4261ed-1291-48ea-80dd-9c05ae47affa       | 0.004 | 0.367 | 0.563    | 0.141 | 0.367 | 0.367 | 0.367 | 0.147  | 137.000   | 137.000   | 548.000       | 137.000   |
| 35     | 0   | 30     | 0     | 5    | 0   | GET    | /api/isu/fc791c7e-4913-42ef-acaa-9df46678d6af/graph | 0.008 | 1.000 | 4.864    | 0.139 | 0.332 | 0.832 | 1.000 | 0.227  | 14.000    | 5366.000  | 123264.000    | 3521.829  |
| 1      | 0   | 1      | 0     | 0    | 0   | GET    | /api/isu/f7edf38b-df8a-47d3-a3ff-1a716995534d       | 0.132 | 0.132 | 0.132    | 0.132 | 0.132 | 0.132 | 0.132 | 0.000  | 140.000   | 140.000   | 140.000       | 140.000   |
| 5      | 0   | 5      | 0     | 0    | 0   | GET    | /api/isu/c4c36c22-5472-4ce2-be46-d842a246651c/graph | 0.020 | 0.276 | 0.640    | 0.128 | 0.276 | 0.276 | 0.276 | 0.103  | 3177.000  | 5080.000  | 21244.000     | 4248.800  |
| 5      | 0   | 5      | 0     | 0    | 0   | GET    | /api/isu/e4026b3c-d82a-4de3-95df-bd7635f92285/graph | 0.036 | 0.260 | 0.632    | 0.126 | 0.260 | 0.260 | 0.260 | 0.082  | 2691.000  | 5187.000  | 20998.000     | 4199.600  |
| 10     | 0   | 10     | 0     | 0    | 0   | GET    | /api/isu/d326d70b-161f-4420-be57-0c56c32fef4f       | 0.008 | 0.624 | 1.244    | 0.124 | 0.184 | 0.624 | 0.624 | 0.173  | 134.000   | 134.000   | 1340.000      | 134.000   |
| 8      | 0   | 7      | 0     | 1    | 0   | GET    | /api/isu/f66d5fb9-ee08-4334-993c-5505110bebe2/graph | 0.044 | 0.240 | 0.988    | 0.123 | 0.240 | 0.240 | 0.240 | 0.066  | 0.000     | 5751.000  | 34353.000     | 4294.125  |
| 7      | 0   | 7      | 0     | 0    | 0   | GET    | /api/isu/f510f478-d301-4bd4-87cb-7f9c97193afa/graph | 0.012 | 0.316 | 0.852    | 0.122 | 0.316 | 0.316 | 0.316 | 0.114  | 2691.000  | 4855.000  | 25962.000     | 3708.857  |
| 6      | 0   | 6      | 0     | 0    | 0   | GET    | /api/isu/c73485e0-aa39-4cbf-a623-72dd0952a603       | 0.028 | 0.316 | 0.708    | 0.118 | 0.316 | 0.316 | 0.316 | 0.103  | 134.000   | 134.000   | 804.000       | 134.000   |
| 7      | 0   | 7      | 0     | 0    | 0   | GET    | /api/isu/ee45b649-89d5-4be4-9107-fb569cb940ff       | 0.024 | 0.224 | 0.808    | 0.115 | 0.224 | 0.224 | 0.224 | 0.064  | 146.000   | 146.000   | 1022.000      | 146.000   |
| 7      | 0   | 7      | 0     | 0    | 0   | GET    | /api/isu/ef25f0f0-5fba-43fe-a424-fe62bb138569       | 0.032 | 0.208 | 0.792    | 0.113 | 0.208 | 0.208 | 0.208 | 0.054  | 128.000   | 128.000   | 896.000       | 128.000   |
| 5      | 0   | 5      | 0     | 0    | 0   | GET    | /api/isu/c177719d-6f50-4b8e-99af-a173a1063daa/graph | 0.020 | 0.244 | 0.560    | 0.112 | 0.244 | 0.244 | 0.244 | 0.089  | 3693.000  | 5359.000  | 22648.000     | 4529.600  |
| 1      | 0   | 1      | 0     | 0    | 0   | GET    | /api/isu/f6ca088d-b57a-49e2-973e-696cfc8b9089       | 0.112 | 0.112 | 0.112    | 0.112 | 0.112 | 0.112 | 0.112 | 0.000  | 137.000   | 137.000   | 137.000       | 137.000   |
| 2      | 0   | 1      | 0     | 1    | 0   | GET    | /api/isu/b551f8d0-fe82-4480-81d1-02be8ee4d7a6       | 0.064 | 0.160 | 0.224    | 0.112 | 0.160 | 0.160 | 0.160 | 0.048  | 0.000     | 137.000   | 137.000       | 68.500    |
| 9      | 0   | 9      | 0     | 0    | 0   | GET    | /api/isu/b1269c43-930f-46ed-8424-f945f006a990/graph | 0.008 | 0.416 | 0.979    | 0.109 | 0.416 | 0.416 | 0.416 | 0.139  | 2691.000  | 4685.000  | 34750.000     | 3861.111  |
| 4      | 0   | 4      | 0     | 0    | 0   | GET    | /api/isu/a5539349-55bd-45c1-9de6-8fdfcc48c45d       | 0.028 | 0.216 | 0.416    | 0.104 | 0.216 | 0.216 | 0.216 | 0.069  | 143.000   | 143.000   | 572.000       | 143.000   |
| 4      | 0   | 4      | 0     | 0    | 0   | GET    | /api/isu/d3a14eb8-faba-44c4-b6bf-c095aa0f07ea/graph | 0.008 | 0.304 | 0.404    | 0.101 | 0.304 | 0.304 | 0.304 | 0.118  | 3512.000  | 4886.000  | 16307.000     | 4076.750  |
| 47     | 0   | 42     | 0     | 5    | 0   | GET    | /api/isu/ff0ef97e-f77a-4095-b6c5-2d39009b50cb/graph | 0.008 | 1.000 | 4.660    | 0.099 | 0.312 | 0.504 | 1.000 | 0.193  | 2691.000  | 6061.000  | 164631.000    | 3502.787  |
| 4      | 0   | 4      | 0     | 0    | 0   | GET    | /api/isu/be6571f0-c344-42b9-8a98-60c3caa7c6fb       | 0.156 | 0.232 | 0.392    | 0.098 | 0.232 | 0.232 | 0.232 | 0.100  | 128.000   | 128.000   | 512.000       | 128.000   |
| 4      | 0   | 4      | 0     | 0    | 0   | GET    | /api/isu/bc541180-4f1c-49aa-b53b-22c2bbb1c9a2       | 0.064 | 0.112 | 0.388    | 0.097 | 0.112 | 0.112 | 0.112 | 0.019  | 134.000   | 134.000   | 536.000       | 134.000   |
| 6503   | 0   | 6135   | 0     | 368  | 0   | GET    | /api/condition/[a-z0-9-]+                           | 0.016 | 1.076 | 630.174  | 0.097 | 0.308 | 0.568 | 1.000 | 0.206  | 0.000     | 7243.000  | 29003161.000  | 4459.966  |
| 11     | 0   | 11     | 0     | 0    | 0   | GET    | /api/isu/fb16cea8-d10e-46cf-9857-3adb1396dc8a/graph | 0.020 | 0.220 | 1.060    | 0.096 | 0.196 | 0.220 | 0.220 | 0.066  | 3538.000  | 5051.000  | 46636.000     | 4239.636  |
| 5      | 0   | 5      | 0     | 0    | 0   | GET    | /api/isu/b3cceeb2-3401-4d5a-bc6d-83c678548854/graph | 0.020 | 0.240 | 0.480    | 0.096 | 0.240 | 0.240 | 0.240 | 0.078  | 3525.000  | 4719.000  | 20508.000     | 4101.600  |
| 1      | 0   | 1      | 0     | 0    | 0   | GET    | /api/isu/a4ffddf5-14d2-435c-98eb-2327c447019d       | 0.096 | 0.096 | 0.096    | 0.096 | 0.096 | 0.096 | 0.096 | 0.000  | 137.000   | 137.000   | 137.000       | 137.000   |
| 4      | 0   | 4      | 0     | 0    | 0   | GET    | /api/isu/bd92dd68-a829-47f4-90ee-d2bb10b8e823/graph | 0.024 | 0.180 | 0.380    | 0.095 | 0.180 | 0.180 | 0.180 | 0.059  | 3199.000  | 4381.000  | 15968.000     | 3992.000  |
| 5      | 0   | 5      | 0     | 0    | 0   | GET    | /api/isu/e4026b3c-d82a-4de3-95df-bd7635f92285       | 0.032 | 0.196 | 0.472    | 0.094 | 0.196 | 0.196 | 0.196 | 0.064  | 134.000   | 134.000   | 670.000       | 134.000   |
| 3      | 0   | 3      | 0     | 0    | 0   | GET    | /api/isu/d8824a31-9ea8-4fbd-94b0-5de48716be6b/graph | 0.024 | 0.228 | 0.280    | 0.093 | 0.228 | 0.228 | 0.228 | 0.095  | 4005.000  | 5553.000  | 14761.000     | 4920.333  |
| 4      | 0   | 4      | 0     | 0    | 0   | GET    | /api/isu/ef73a8c2-02e1-467a-af52-b5f19d86e75a       | 0.024 | 0.132 | 0.372    | 0.093 | 0.132 | 0.132 | 0.132 | 0.043  | 149.000   | 149.000   | 596.000       | 149.000   |
| 14     | 0   | 14     | 0     | 0    | 0   | GET    | /api/isu/ac6f0aac-3150-4714-bfed-055aa4c91e35       | 0.004 | 0.664 | 1.300    | 0.093 | 0.120 | 0.664 | 0.664 | 0.164  | 140.000   | 140.000   | 1960.000      | 140.000   |
| 6      | 0   | 6      | 0     | 0    | 0   | GET    | /api/isu/cd0ab4a3-6e21-4a3e-a862-74693cdc089b/graph | 0.012 | 0.168 | 0.548    | 0.091 | 0.168 | 0.168 | 0.168 | 0.062  | 2691.000  | 4517.000  | 21328.000     | 3554.667  |
| 42     | 0   | 37     | 0     | 5    | 0   | GET    | /api/isu/e388595a-5fc0-42ad-92d4-bdeb3197296f/graph | 0.016 | 1.032 | 3.808    | 0.091 | 0.288 | 0.408 | 1.032 | 0.187  | 3367.000  | 6352.000  | 149536.000    | 3560.381  |
| 6      | 0   | 6      | 0     | 0    | 0   | GET    | /api/isu/bb12102e-435e-45eb-9e27-e7d24ad098da       | 0.016 | 0.240 | 0.524    | 0.087 | 0.240 | 0.240 | 0.240 | 0.079  | 131.000   | 131.000   | 786.000       | 131.000   |
| 4      | 0   | 4      | 0     | 0    | 0   | GET    | /api/isu/bc261a67-4434-407b-afb0-ffc4e05fe75f       | 0.020 | 0.256 | 0.348    | 0.087 | 0.256 | 0.256 | 0.256 | 0.098  | 137.000   | 137.000   | 548.000       | 137.000   |
| 4      | 0   | 4      | 0     | 0    | 0   | GET    | /api/isu/c2a95ab1-319a-4702-b925-b945fb9aac45       | 0.084 | 0.240 | 0.340    | 0.085 | 0.240 | 0.240 | 0.240 | 0.095  | 132.000   | 132.000   | 528.000       | 132.000   |
| 2      | 0   | 2      | 0     | 0    | 0   | GET    | /api/isu/a5539349-55bd-45c1-9de6-8fdfcc48c45d/graph | 0.044 | 0.124 | 0.168    | 0.084 | 0.124 | 0.124 | 0.124 | 0.040  | 2691.000  | 4643.000  | 7334.000      | 3667.000  |
| 7      | 0   | 7      | 0     | 0    | 0   | GET    | /api/isu/cf02b8b5-d70e-4b6a-b082-bea86d9ae722       | 0.012 | 0.256 | 0.580    | 0.083 | 0.256 | 0.256 | 0.256 | 0.087  | 149.000   | 149.000   | 1043.000      | 149.000   |
| 2      | 0   | 2      | 0     | 0    | 0   | GET    | /api/isu/f6d13e44-b600-4fa8-8d8d-bc57fcb2d02d       | 0.064 | 0.100 | 0.164    | 0.082 | 0.100 | 0.100 | 0.100 | 0.018  | 134.000   | 134.000   | 268.000       | 134.000   |
| 6      | 0   | 6      | 0     | 0    | 0   | GET    | /api/isu/bc261a67-4434-407b-afb0-ffc4e05fe75f/graph | 0.004 | 0.128 | 0.492    | 0.082 | 0.128 | 0.128 | 0.128 | 0.041  | 3711.000  | 5698.000  | 25798.000     | 4299.667  |
| 5      | 0   | 5      | 0     | 0    | 0   | GET    | /api/isu/c29ef747-6829-406d-801c-412f25cab2d0       | 0.112 | 0.236 | 0.388    | 0.078 | 0.236 | 0.236 | 0.236 | 0.089  | 137.000   | 137.000   | 685.000       | 137.000   |
| 21     | 0   | 21     | 0     | 0    | 0   | GET    | /api/isu/b16336fc-922d-4f7b-a23b-a3ba3a3e4cb4       | 0.004 | 0.892 | 1.580    | 0.075 | 0.096 | 0.128 | 0.892 | 0.186  | 137.000   | 137.000   | 2877.000      | 137.000   |
| 3      | 0   | 3      | 0     | 0    | 0   | GET    | /api/isu/c96340d7-75e0-4575-919d-c5d090eba6f3/graph | 0.024 | 0.164 | 0.224    | 0.075 | 0.164 | 0.164 | 0.164 | 0.063  | 3850.000  | 5189.000  | 13588.000     | 4529.333  |
| 44     | 0   | 42     | 0     | 2    | 0   | GET    | /api/isu/fc791c7e-4913-42ef-acaa-9df46678d6af       | 0.016 | 0.604 | 3.276    | 0.074 | 0.192 | 0.412 | 0.604 | 0.133  | 14.000    | 134.000   | 5663.000      | 128.705   |
| 4      | 0   | 4      | 0     | 0    | 0   | GET    | /api/isu/d8824a31-9ea8-4fbd-94b0-5de48716be6b       | 0.004 | 0.188 | 0.292    | 0.073 | 0.188 | 0.188 | 0.188 | 0.075  | 140.000   | 140.000   | 560.000       | 140.000   |
| 2      | 0   | 2      | 0     | 0    | 0   | GET    | /api/isu/c03b38bf-5793-4d19-be8f-2e9bd2c5510f/graph | 0.060 | 0.084 | 0.144    | 0.072 | 0.084 | 0.084 | 0.084 | 0.012  | 4201.000  | 6109.000  | 10310.000     | 5155.000  |
| 5      | 0   | 5      | 0     | 0    | 0   | GET    | /api/isu/ffb4a8a3-53a2-4fec-a026-9ff446433d7d       | 0.060 | 0.184 | 0.360    | 0.072 | 0.184 | 0.184 | 0.184 | 0.062  | 137.000   | 137.000   | 685.000       | 137.000   |
| 12     | 0   | 12     | 0     | 0    | 0   | GET    | /api/isu/ae4e3840-8ddb-4e0c-ae19-c6e17778facb       | 0.008 | 0.436 | 0.843    | 0.070 | 0.140 | 0.436 | 0.436 | 0.119  | 133.000   | 133.000   | 1596.000      | 133.000   |
| 6      | 0   | 6      | 0     | 0    | 0   | GET    | /api/isu/ff4261ed-1291-48ea-80dd-9c05ae47affa/graph | 0.076 | 0.116 | 0.420    | 0.070 | 0.116 | 0.116 | 0.116 | 0.039  | 3025.000  | 4539.000  | 23168.000     | 3861.333  |
| 16     | 0   | 16     | 0     | 0    | 0   | GET    | /api/isu/d306efc3-e368-4b0b-86b4-ad4f02d23d35/graph | 0.004 | 0.240 | 1.120    | 0.070 | 0.224 | 0.240 | 0.240 | 0.076  | 2691.000  | 5731.000  | 67586.000     | 4224.125  |
| 9      | 0   | 9      | 0     | 0    | 0   | GET    | /api/isu/c00724b2-7e12-4bad-9767-ffaec4680c9f       | 0.012 | 0.152 | 0.628    | 0.070 | 0.152 | 0.152 | 0.152 | 0.043  | 134.000   | 134.000   | 1206.000      | 134.000   |
| 15981  | 0   | 15832  | 0     | 149  | 0   | GET    | /api/trend                                          | 0.004 | 1.052 | 1112.536 | 0.070 | 0.172 | 0.316 | 0.988 | 0.149  | 0.000     | 25979.000 | 228127729.000 | 14274.935 |
| 2      | 0   | 2      | 0     | 0    | 0   | GET    | /api/isu/d674465c-68dc-43f4-b6c6-fc91db008f9e       | 0.136 | 0.136 | 0.136    | 0.068 | 0.136 | 0.136 | 0.136 | 0.068  | 128.000   | 128.000   | 256.000       | 128.000   |
| 2      | 0   | 2      | 0     | 0    | 0   | GET    | /api/isu/b173e59d-b309-4240-bf66-6b66d88d9e3e       | 0.012 | 0.124 | 0.136    | 0.068 | 0.124 | 0.124 | 0.124 | 0.056  | 137.000   | 137.000   | 274.000       | 137.000   |
| 2      | 0   | 2      | 0     | 0    | 0   | GET    | /api/isu/ed6300d3-2f00-47f2-aa3a-5b23d4e95066       | 0.060 | 0.076 | 0.136    | 0.068 | 0.076 | 0.076 | 0.076 | 0.008  | 140.000   | 140.000   | 280.000       | 140.000   |
| 1      | 0   | 1      | 0     | 0    | 0   | GET    | /api/isu/df0e82d4-da65-4023-afa0-74fd273135fe       | 0.068 | 0.068 | 0.068    | 0.068 | 0.068 | 0.068 | 0.068 | 0.000  | 134.000   | 134.000   | 134.000       | 134.000   |
| 2      | 0   | 2      | 0     | 0    | 0   | GET    | /api/isu/ed3d0fd9-a06c-4cf6-8a1d-bc32b87027e1/graph | 0.012 | 0.116 | 0.128    | 0.064 | 0.116 | 0.116 | 0.116 | 0.052  | 3363.000  | 4561.000  | 7924.000      | 3962.000  |
| 8      | 0   | 8      | 0     | 0    | 0   | GET    | /api/isu/b59bb3fa-d450-47c0-a30d-d87ad2f4ad9b/graph | 0.004 | 0.224 | 0.496    | 0.062 | 0.224 | 0.224 | 0.224 | 0.071  | 3177.000  | 6387.000  | 38398.000     | 4799.750  |
| 3      | 0   | 3      | 0     | 0    | 0   | GET    | /api/isu/ce00c75b-bdff-40ab-adeb-bd4ff8d38bd9/graph | 0.008 | 0.124 | 0.176    | 0.059 | 0.124 | 0.124 | 0.124 | 0.048  | 3691.000  | 4361.000  | 12412.000     | 4137.333  |
| 3      | 0   | 3      | 0     | 0    | 0   | GET    | /api/isu/e8651771-9e94-47ef-ab11-221b6afd5238/graph | 0.032 | 0.088 | 0.176    | 0.059 | 0.088 | 0.088 | 0.088 | 0.023  | 2691.000  | 5322.000  | 12533.000     | 4177.667  |
| 40     | 0   | 40     | 0     | 0    | 0   | GET    | /api/isu/ea034ea7-e4ab-4656-a6b5-4d5c601072df/graph | 0.004 | 0.644 | 2.312    | 0.058 | 0.196 | 0.276 | 0.644 | 0.133  | 2691.000  | 6033.000  | 152466.000    | 3811.650  |
| 2      | 0   | 2      | 0     | 0    | 0   | GET    | /api/isu/ffb4a8a3-53a2-4fec-a026-9ff446433d7d/graph | 0.024 | 0.084 | 0.108    | 0.054 | 0.084 | 0.084 | 0.084 | 0.030  | 2691.000  | 3360.000  | 6051.000      | 3025.500  |
| 17     | 0   | 17     | 0     | 0    | 0   | GET    | /api/isu/b16336fc-922d-4f7b-a23b-a3ba3a3e4cb4/graph | 0.004 | 0.172 | 0.904    | 0.053 | 0.144 | 0.172 | 0.172 | 0.050  | 2691.000  | 5371.000  | 65596.000     | 3858.588  |
| 20     | 0   | 20     | 0     | 0    | 0   | GET    | /api/isu/d306efc3-e368-4b0b-86b4-ad4f02d23d35       | 0.004 | 0.320 | 1.048    | 0.052 | 0.156 | 0.224 | 0.320 | 0.086  | 140.000   | 140.000   | 2800.000      | 140.000   |
| 1      | 0   | 1      | 0     | 0    | 0   | GET    | /api/isu/a7f2c0f8-2a39-448d-9495-4a52bfa6ea8f       | 0.052 | 0.052 | 0.052    | 0.052 | 0.052 | 0.052 | 0.052 | 0.000  | 152.000   | 152.000   | 152.000       | 152.000   |
| 34     | 0   | 30     | 0     | 4    | 0   | GET    | /api/isu/ac5b7148-dc38-4de9-8e4d-1ca25e9ffeb8/graph | 0.004 | 0.548 | 1.728    | 0.051 | 0.116 | 0.448 | 0.548 | 0.118  | 14.000    | 5698.000  | 115716.000    | 3403.412  |
| 3      | 0   | 3      | 0     | 0    | 0   | GET    | /api/isu/c2a95ab1-319a-4702-b925-b945fb9aac45/graph | 0.016 | 0.080 | 0.152    | 0.051 | 0.080 | 0.080 | 0.080 | 0.026  | 4028.000  | 5272.000  | 13340.000     | 4446.667  |
| 8      | 0   | 8      | 0     | 0    | 0   | GET    | /api/isu/d6687744-e6ca-4ca1-b32b-c8080091535a       | 0.012 | 0.212 | 0.400    | 0.050 | 0.212 | 0.212 | 0.212 | 0.066  | 137.000   | 137.000   | 1096.000      | 137.000   |
| 7      | 0   | 7      | 0     | 0    | 0   | GET    | /api/isu/c29ef747-6829-406d-801c-412f25cab2d0/graph | 0.012 | 0.128 | 0.344    | 0.049 | 0.128 | 0.128 | 0.128 | 0.034  | 3024.000  | 4360.000  | 26086.000     | 3726.571  |
| 4      | 0   | 4      | 0     | 0    | 0   | GET    | /api/isu/f1efd1e7-1f65-4599-b7a7-f60832618f41       | 0.004 | 0.124 | 0.196    | 0.049 | 0.124 | 0.124 | 0.124 | 0.045  | 146.000   | 146.000   | 584.000       | 146.000   |
| 18     | 0   | 18     | 0     | 0    | 0   | GET    | /api/isu/fc8de0b6-9f90-49da-a620-df7b276cce46       | 0.004 | 0.128 | 0.812    | 0.045 | 0.124 | 0.128 | 0.128 | 0.039  | 137.000   | 137.000   | 2466.000      | 137.000   |
| 4215   | 0   | 3927   | 0     | 288  | 0   | GET    | /api/isu/[0-9]+                                     | 0.012 | 1.024 | 189.114  | 0.045 | 0.112 | 0.252 | 0.684 | 0.122  | 0.000     | 8101.000  | 6848268.000   | 1624.737  |
| 3      | 0   | 3      | 0     | 0    | 0   | GET    | /api/isu/a1396bce-5805-4c0e-8313-b9d000833c8b/graph | 0.012 | 0.068 | 0.132    | 0.044 | 0.068 | 0.068 | 0.068 | 0.024  | 4031.000  | 5391.000  | 13973.000     | 4657.667  |
| 7      | 0   | 5      | 0     | 2    | 0   | GET    | /api/isu/ed3d0fd9-a06c-4cf6-8a1d-bc32b87027e1       | 0.012 | 0.128 | 0.308    | 0.044 | 0.128 | 0.128 | 0.128 | 0.046  | 14.000    | 152.000   | 795.000       | 113.571   |
| 35     | 0   | 32     | 0     | 3    | 0   | GET    | /api/isu/ac5b7148-dc38-4de9-8e4d-1ca25e9ffeb8       | 0.004 | 1.000 | 1.516    | 0.043 | 0.040 | 0.256 | 1.000 | 0.170  | 139.000   | 139.000   | 4483.000      | 128.086   |
| 7      | 0   | 7      | 0     | 0    | 0   | GET    | /api/isu/f510f478-d301-4bd4-87cb-7f9c97193afa       | 0.004 | 0.092 | 0.300    | 0.043 | 0.092 | 0.092 | 0.092 | 0.034  | 143.000   | 143.000   | 1001.000      | 143.000   |
| 11     | 0   | 11     | 0     | 0    | 0   | GET    | /api/isu/ec1af718-1ddf-48bf-a8db-3ad54dd055b2       | 0.008 | 0.124 | 0.464    | 0.042 | 0.104 | 0.124 | 0.124 | 0.046  | 131.000   | 131.000   | 1441.000      | 131.000   |
| 32     | 0   | 32     | 0     | 0    | 0   | GET    | /api/isu/b93d4a52-532a-482b-95fa-0eec3e219009/graph | 0.024 | 0.532 | 1.228    | 0.038 | 0.120 | 0.168 | 0.532 | 0.098  | 2691.000  | 6034.000  | 126104.000    | 3940.750  |
| 4127   | 0   | 4070   | 0     | 57   | 0   | GET    | /api/isu                                            | 0.004 | 1.068 | 153.721  | 0.037 | 0.080 | 0.196 | 0.644 | 0.117  | 0.000     | 4652.000  | 11007102.000  | 2667.095  |
| 10     | 0   | 10     | 0     | 0    | 0   | GET    | /api/isu/e345c7c2-459c-4250-9237-15551f68381d       | 0.004 | 0.296 | 0.356    | 0.036 | 0.020 | 0.296 | 0.296 | 0.087  | 137.000   | 137.000   | 1370.000      | 137.000   |
| 59     | 0   | 59     | 0     | 0    | 0   | GET    | /api/isu/ea034ea7-e4ab-4656-a6b5-4d5c601072df       | 0.012 | 0.472 | 2.076    | 0.035 | 0.104 | 0.220 | 0.472 | 0.093  | 136.000   | 136.000   | 8024.000      | 136.000   |
| 1108   | 0   | 848    | 0     | 260  | 0   | POST   | /api/auth                                           | 0.004 | 1.016 | 38.963   | 0.035 | 0.080 | 0.180 | 0.612 | 0.110  | 0.000     | 19.000    | 2944.000      | 2.657     |
| 2      | 0   | 2      | 0     | 0    | 0   | GET    | /api/isu/c4fc1ac7-7061-4c5b-81c9-9408b08f7f67/graph | 0.032 | 0.036 | 0.068    | 0.034 | 0.036 | 0.036 | 0.036 | 0.002  | 3024.000  | 6533.000  | 9557.000      | 4778.500  |
| 45     | 0   | 44     | 0     | 1    | 0   | GET    | /api/isu/b93d4a52-532a-482b-95fa-0eec3e219009       | 0.004 | 1.000 | 1.516    | 0.034 | 0.032 | 0.036 | 1.000 | 0.152  | 136.000   | 136.000   | 5984.000      | 132.978   |
| 4      | 0   | 4      | 0     | 0    | 0   | GET    | /api/isu/c4c36c22-5472-4ce2-be46-d842a246651c       | 0.008 | 0.072 | 0.132    | 0.033 | 0.072 | 0.072 | 0.072 | 0.025  | 137.000   | 137.000   | 548.000       | 137.000   |
| 5      | 0   | 5      | 0     | 0    | 0   | GET    | /api/isu/a4a7ae99-d648-4594-92c1-c3bcd72e8a15       | 0.016 | 0.060 | 0.160    | 0.032 | 0.060 | 0.060 | 0.060 | 0.022  | 143.000   | 143.000   | 715.000       | 143.000   |
| 5      | 0   | 5      | 0     | 0    | 0   | GET    | /api/isu/a1396bce-5805-4c0e-8313-b9d000833c8b       | 0.008 | 0.052 | 0.160    | 0.032 | 0.052 | 0.052 | 0.052 | 0.014  | 134.000   | 134.000   | 670.000       | 134.000   |
| 3      | 0   | 1      | 0     | 2    | 0   | GET    | /api/isu/a9b91438-ee73-4520-98b9-686a79b63980       | 0.008 | 0.084 | 0.092    | 0.031 | 0.084 | 0.084 | 0.084 | 0.038  | 14.000    | 127.000   | 162.000       | 54.000    |
| 4      | 0   | 4      | 0     | 0    | 0   | GET    | /api/isu/db7f4d21-5506-48d7-b7e7-3ee8e6fd0b62       | 0.108 | 0.108 | 0.120    | 0.030 | 0.108 | 0.108 | 0.108 | 0.045  | 146.000   | 146.000   | 584.000       | 146.000   |
| 4      | 0   | 4      | 0     | 0    | 0   | GET    | /api/isu/c224abbd-697b-4653-9bce-3a86a90e0c97       | 0.004 | 0.048 | 0.112    | 0.028 | 0.048 | 0.048 | 0.048 | 0.019  | 140.000   | 140.000   | 560.000       | 140.000   |
| 36     | 0   | 36     | 0     | 0    | 0   | GET    | /api/isu/ff0ef97e-f77a-4095-b6c5-2d39009b50cb       | 0.012 | 0.344 | 1.000    | 0.028 | 0.064 | 0.228 | 0.344 | 0.074  | 142.000   | 142.000   | 5112.000      | 142.000   |
| 31     | 0   | 31     | 0     | 0    | 0   | GET    | /api/isu/eeb82533-9653-4b8c-884f-fa81aac42d98/graph | 0.004 | 0.316 | 0.852    | 0.027 | 0.060 | 0.104 | 0.316 | 0.059  | 2691.000  | 6364.000  | 116911.000    | 3771.323  |
| 4      | 0   | 4      | 0     | 0    | 0   | GET    | /api/isu/c970f0ff-e7a0-44de-8c09-cb9ee8fe174e       | 0.008 | 0.064 | 0.108    | 0.027 | 0.064 | 0.064 | 0.064 | 0.025  | 128.000   | 128.000   | 512.000       | 128.000   |
| 7      | 0   | 7      | 0     | 0    | 0   | GET    | /api/isu/ee4417b9-f8a9-4d35-a61a-316e5c7c295f/graph | 0.008 | 0.060 | 0.184    | 0.026 | 0.060 | 0.060 | 0.060 | 0.019  | 2691.000  | 5894.000  | 30828.000     | 4404.000  |
| 54     | 0   | 52     | 0     | 2    | 0   | GET    | /api/isu/e388595a-5fc0-42ad-92d4-bdeb3197296f       | 0.004 | 0.256 | 1.356    | 0.025 | 0.080 | 0.104 | 0.256 | 0.050  | 14.000    | 133.000   | 6951.000      | 128.722   |
| 11     | 0   | 11     | 0     | 0    | 0   | GET    | /api/isu/b619c7a2-567e-4a52-b45f-0de65d2a61aa/graph | 0.004 | 0.168 | 0.276    | 0.025 | 0.040 | 0.168 | 0.168 | 0.047  | 2691.000  | 6006.000  | 44278.000     | 4025.273  |
| 8      | 0   | 8      | 0     | 0    | 0   | GET    | /api/isu/fc8de0b6-9f90-49da-a620-df7b276cce46/graph | 0.032 | 0.056 | 0.200    | 0.025 | 0.056 | 0.056 | 0.056 | 0.021  | 2691.000  | 6354.000  | 33494.000     | 4186.750  |
| 13     | 0   | 13     | 0     | 0    | 0   | GET    | /api/isu/b619c7a2-567e-4a52-b45f-0de65d2a61aa       | 0.004 | 0.136 | 0.320    | 0.025 | 0.068 | 0.136 | 0.136 | 0.038  | 136.000   | 136.000   | 1768.000      | 136.000   |
| 8      | 0   | 8      | 0     | 0    | 0   | GET    | /api/isu/a2873c8a-d2b8-45e4-abbf-a3674e9e77a1       | 0.004 | 0.140 | 0.196    | 0.025 | 0.140 | 0.140 | 0.140 | 0.044  | 140.000   | 140.000   | 1120.000      | 140.000   |
| 1      | 0   | 1      | 0     | 0    | 0   | GET    | /api/isu/f69fe557-746d-4fbb-b2b5-d039dafe79e9       | 0.024 | 0.024 | 0.024    | 0.024 | 0.024 | 0.024 | 0.024 | 0.000  | 135.000   | 135.000   | 135.000       | 135.000   |
| 4      | 0   | 4      | 0     | 0    | 0   | GET    | /api/isu/ce00c75b-bdff-40ab-adeb-bd4ff8d38bd9       | 0.008 | 0.048 | 0.092    | 0.023 | 0.048 | 0.048 | 0.048 | 0.017  | 134.000   | 134.000   | 536.000       | 134.000   |
| 7      | 0   | 7      | 0     | 0    | 0   | GET    | /api/isu/b5a66b80-2119-4702-8899-d46ac33ee18c/graph | 0.032 | 0.056 | 0.160    | 0.023 | 0.056 | 0.056 | 0.056 | 0.021  | 2691.000  | 4863.000  | 28517.000     | 4073.857  |
| 35     | 0   | 35     | 0     | 0    | 0   | GET    | /api/isu/fe6b5586-e6d5-4ac7-b997-38ebb68242b1       | 0.008 | 0.360 | 0.796    | 0.023 | 0.048 | 0.128 | 0.360 | 0.064  | 130.000   | 130.000   | 4550.000      | 130.000   |
| 4      | 0   | 4      | 0     | 0    | 0   | GET    | /api/isu/f87770a2-af0e-45e5-a3d0-6784cc392241       | 0.004 | 0.040 | 0.088    | 0.022 | 0.040 | 0.040 | 0.040 | 0.013  | 146.000   | 146.000   | 584.000       | 146.000   |
| 14     | 0   | 6      | 0     | 8    | 0   | GET    | /api/isu/ec1af718-1ddf-48bf-a8db-3ad54dd055b2/graph | 0.004 | 0.092 | 0.304    | 0.022 | 0.088 | 0.092 | 0.092 | 0.031  | 14.000    | 4862.000  | 21298.000     | 1521.286  |
| 7      | 0   | 7      | 0     | 0    | 0   | GET    | /api/isu/e345c7c2-459c-4250-9237-15551f68381d/graph | 0.004 | 0.048 | 0.148    | 0.021 | 0.048 | 0.048 | 0.048 | 0.018  | 2691.000  | 6180.000  | 30492.000     | 4356.000  |
| 4      | 0   | 4      | 0     | 0    | 0   | GET    | /api/isu/b3cceeb2-3401-4d5a-bc6d-83c678548854       | 0.004 | 0.040 | 0.084    | 0.021 | 0.040 | 0.040 | 0.040 | 0.017  | 137.000   | 137.000   | 548.000       | 137.000   |
| 6      | 0   | 6      | 0     | 0    | 0   | GET    | /api/isu/e23ea139-79a0-498c-b9f2-e02a27d93fd3/graph | 0.012 | 0.044 | 0.124    | 0.021 | 0.044 | 0.044 | 0.044 | 0.014  | 2691.000  | 4700.000  | 23686.000     | 3947.667  |
| 2      | 0   | 2      | 0     | 0    | 0   | GET    | /api/isu/a4a1d153-33f0-4fec-b50c-ba37df5e5f47/graph | 0.016 | 0.024 | 0.040    | 0.020 | 0.024 | 0.024 | 0.024 | 0.004  | 2691.000  | 3024.000  | 5715.000      | 2857.500  |
| 4      | 0   | 0      | 0     | 4    | 0   | GET    | /api/isu/f6d13e44-b600-4fa8-8d8d-bc57fcb2d02d/graph | 0.004 | 0.064 | 0.080    | 0.020 | 0.064 | 0.064 | 0.064 | 0.025  | 14.000    | 21.000    | 72.000        | 18.000    |
| 2      | 0   | 0      | 0     | 2    | 0   | GET    | /api/isu/fc791c7e-4913-42ef-acaa-9df46678d6af/icon  | 0.020 | 0.020 | 0.040    | 0.020 | 0.020 | 0.020 | 0.020 | 0.000  | 14.000    | 21.000    | 35.000        | 17.500    |
| 1      | 0   | 1      | 0     | 0    | 0   | GET    | /api/isu/c5c4ba90-8c9f-4003-9cc8-787f9cc9a834       | 0.020 | 0.020 | 0.020    | 0.020 | 0.020 | 0.020 | 0.020 | 0.000  | 134.000   | 134.000   | 134.000       | 134.000   |
| 2      | 0   | 2      | 0     | 0    | 0   | GET    | /api/isu/a4a7ae99-d648-4594-92c1-c3bcd72e8a15/graph | 0.004 | 0.036 | 0.040    | 0.020 | 0.036 | 0.036 | 0.036 | 0.016  | 3692.000  | 4274.000  | 7966.000      | 3983.000  |
| 4      | 0   | 4      | 0     | 0    | 0   | GET    | /api/isu/c96340d7-75e0-4575-919d-c5d090eba6f3       | 0.000 | 0.056 | 0.068    | 0.017 | 0.056 | 0.056 | 0.056 | 0.023  | 137.000   | 137.000   | 548.000       | 137.000   |
| 7      | 0   | 7      | 0     | 0    | 0   | GET    | /api/isu/fbdcb412-3fc3-44c5-8d0b-3efc489c295b       | 0.012 | 0.084 | 0.116    | 0.017 | 0.084 | 0.084 | 0.084 | 0.028  | 143.000   | 143.000   | 1001.000      | 143.000   |
| 3      | 0   | 3      | 0     | 0    | 0   | GET    | /api/isu/c970f0ff-e7a0-44de-8c09-cb9ee8fe174e/graph | 0.004 | 0.044 | 0.048    | 0.016 | 0.044 | 0.044 | 0.044 | 0.020  | 3026.000  | 4887.000  | 12104.000     | 4034.667  |
| 10     | 0   | 10     | 0     | 0    | 0   | GET    | /api/isu/b5a66b80-2119-4702-8899-d46ac33ee18c       | 0.004 | 0.100 | 0.160    | 0.016 | 0.016 | 0.100 | 0.100 | 0.028  | 143.000   | 143.000   | 1430.000      | 143.000   |
| 1      | 0   | 1      | 0     | 0    | 0   | GET    | /api/isu/f5f99514-5738-419c-ace4-f0e0adb32cfc       | 0.016 | 0.016 | 0.016    | 0.016 | 0.016 | 0.016 | 0.016 | 0.000  | 143.000   | 143.000   | 143.000       | 143.000   |
| 4      | 0   | 4      | 0     | 0    | 0   | GET    | /api/isu/a2873c8a-d2b8-45e4-abbf-a3674e9e77a1/graph | 0.016 | 0.024 | 0.064    | 0.016 | 0.024 | 0.024 | 0.024 | 0.010  | 2691.000  | 4541.000  | 14531.000     | 3632.750  |
| 7      | 0   | 7      | 0     | 0    | 0   | GET    | /api/isu/b1269c43-930f-46ed-8424-f945f006a990       | 0.004 | 0.036 | 0.108    | 0.015 | 0.036 | 0.036 | 0.036 | 0.013  | 140.000   | 140.000   | 980.000       | 140.000   |
| 20     | 0   | 20     | 0     | 0    | 0   | GET    | /api/isu/fe32b6e2-21f6-4bc4-94dc-e6b32913e406/graph | 0.012 | 0.080 | 0.304    | 0.015 | 0.044 | 0.080 | 0.080 | 0.025  | 2691.000  | 5699.000  | 78282.000     | 3914.100  |
| 4      | 0   | 4      | 0     | 0    | 0   | GET    | /api/isu/a04f62f3-f19d-4c00-be9b-5719efc913fc       | 0.004 | 0.028 | 0.060    | 0.015 | 0.028 | 0.028 | 0.028 | 0.009  | 134.000   | 134.000   | 536.000       | 134.000   |
| 4      | 0   | 4      | 0     | 0    | 0   | GET    | /api/isu/c03b38bf-5793-4d19-be8f-2e9bd2c5510f       | 0.000 | 0.044 | 0.060    | 0.015 | 0.044 | 0.044 | 0.044 | 0.018  | 134.000   | 134.000   | 536.000       | 134.000   |
| 4      | 0   | 4      | 0     | 0    | 0   | GET    | /api/isu/d585576a-654f-4656-b83c-0bd9c33edd99       | 0.028 | 0.028 | 0.060    | 0.015 | 0.028 | 0.028 | 0.028 | 0.013  | 146.000   | 146.000   | 584.000       | 146.000   |
| 42     | 0   | 42     | 0     | 0    | 0   | GET    | /api/isu/ca3845ef-7ee4-42bc-96cc-1b417084e079       | 0.004 | 0.192 | 0.628    | 0.015 | 0.044 | 0.088 | 0.192 | 0.037  | 124.000   | 124.000   | 5208.000      | 124.000   |
| 191263 | 0   | 183613 | 0     | 7650 | 0   | POST   | /api/condition/[a-z0-9-]+                           | 0.008 | 0.240 | 2744.170 | 0.014 | 0.036 | 0.072 | 0.104 | 0.023  | 0.000     | 14.000    | 28.000        | 0.000     |
| 53     | 0   | 53     | 0     | 0    | 0   | GET    | /api/isu/c4acf627-8d76-44b3-be6f-3ae4f41af1c9       | 0.548 | 0.548 | 0.760    | 0.014 | 0.008 | 0.020 | 0.548 | 0.074  | 127.000   | 127.000   | 6731.000      | 127.000   |
| 2      | 0   | 2      | 0     | 0    | 0   | GET    | /api/isu/d585576a-654f-4656-b83c-0bd9c33edd99/graph | 0.012 | 0.016 | 0.028    | 0.014 | 0.016 | 0.016 | 0.016 | 0.002  | 2691.000  | 3026.000  | 5717.000      | 2858.500  |
| 6      | 0   | 6      | 0     | 0    | 0   | GET    | /api/isu/ad2e73a4-35dc-4a0f-b243-0935c1c49ca2/graph | 0.000 | 0.028 | 0.076    | 0.013 | 0.028 | 0.028 | 0.028 | 0.011  | 2691.000  | 5527.000  | 26684.000     | 4447.333  |
| 7      | 0   | 7      | 0     | 0    | 0   | GET    | /api/isu/ad2e73a4-35dc-4a0f-b243-0935c1c49ca2       | 0.004 | 0.032 | 0.088    | 0.013 | 0.032 | 0.032 | 0.032 | 0.011  | 140.000   | 140.000   | 980.000       | 140.000   |
| 25     | 0   | 25     | 0     | 0    | 0   | GET    | /api/isu/ecce2174-ed67-4694-b6f1-ef87de5ee524/graph | 0.004 | 0.092 | 0.312    | 0.012 | 0.044 | 0.072 | 0.092 | 0.022  | 2691.000  | 6007.000  | 98284.000     | 3931.360  |
| 19     | 0   | 19     | 0     | 0    | 0   | GET    | /api/isu/aff9fed4-e834-4512-ab42-23358ceb221d/graph | 0.004 | 0.128 | 0.236    | 0.012 | 0.044 | 0.128 | 0.128 | 0.029  | 2691.000  | 6057.000  | 72386.000     | 3809.789  |
| 7      | 0   | 7      | 0     | 0    | 0   | GET    | /api/isu/b59bb3fa-d450-47c0-a30d-d87ad2f4ad9b       | 0.004 | 0.040 | 0.084    | 0.012 | 0.040 | 0.040 | 0.040 | 0.014  | 149.000   | 149.000   | 1043.000      | 149.000   |
| 4      | 0   | 4      | 0     | 0    | 0   | GET    | /api/isu/d3a14eb8-faba-44c4-b6bf-c095aa0f07ea       | 0.000 | 0.032 | 0.048    | 0.012 | 0.032 | 0.032 | 0.032 | 0.012  | 146.000   | 146.000   | 584.000       | 146.000   |
| 5      | 0   | 5      | 0     | 0    | 0   | GET    | /api/isu/fbdcb412-3fc3-44c5-8d0b-3efc489c295b/graph | 0.000 | 0.024 | 0.056    | 0.011 | 0.024 | 0.024 | 0.024 | 0.009  | 2691.000  | 5390.000  | 21474.000     | 4294.800  |
| 29     | 0   | 29     | 0     | 0    | 0   | GET    | /api/isu/f6ce1b39-907b-4161-b501-2d7dab229438/graph | 0.004 | 0.100 | 0.316    | 0.011 | 0.020 | 0.040 | 0.100 | 0.019  | 2691.000  | 6378.000  | 118915.000    | 4100.517  |
| 10     | 0   | 10     | 0     | 0    | 0   | GET    | /api/isu/ee4417b9-f8a9-4d35-a61a-316e5c7c295f       | 0.004 | 0.048 | 0.104    | 0.010 | 0.028 | 0.048 | 0.048 | 0.015  | 142.000   | 142.000   | 1420.000      | 142.000   |
| 10     | 0   | 6      | 0     | 4    | 0   | GET    | /api/isu/d321a8fd-457f-4014-95b1-0c3ffbbdd399/graph | 0.004 | 0.032 | 0.104    | 0.010 | 0.020 | 0.032 | 0.032 | 0.009  | 14.000    | 5542.000  | 23245.000     | 2324.500  |
| 35     | 0   | 31     | 0     | 4    | 0   | GET    | /api/isu/e7b50961-1314-4aaf-9994-c9d214af8a71/graph | 0.008 | 0.120 | 0.360    | 0.010 | 0.012 | 0.084 | 0.120 | 0.024  | 14.000    | 5545.000  | 114120.000    | 3260.571  |
| 2      | 0   | 0      | 0     | 2    | 0   | GET    | /api/isu/e388595a-5fc0-42ad-92d4-bdeb3197296f/icon  | 0.004 | 0.016 | 0.020    | 0.010 | 0.016 | 0.016 | 0.016 | 0.006  | 14.000    | 21.000    | 35.000        | 17.500    |
| 7      | 0   | 7      | 0     | 0    | 0   | GET    | /api/isu/d321a8fd-457f-4014-95b1-0c3ffbbdd399       | 0.004 | 0.024 | 0.068    | 0.010 | 0.024 | 0.024 | 0.024 | 0.008  | 140.000   | 140.000   | 980.000       | 140.000   |
| 18     | 0   | 18     | 0     | 0    | 0   | GET    | /api/isu/d5323188-5ff2-4568-8d0e-3e407f09c7d8/graph | 0.004 | 0.092 | 0.168    | 0.009 | 0.024 | 0.092 | 0.092 | 0.021  | 2691.000  | 6732.000  | 74918.000     | 4162.111  |
| 20     | 0   | 20     | 0     | 0    | 0   | GET    | /api/isu/fe6b5586-e6d5-4ac7-b997-38ebb68242b1/graph | 0.004 | 0.120 | 0.184    | 0.009 | 0.008 | 0.012 | 0.120 | 0.026  | 2691.000  | 6172.000  | 72919.000     | 3645.950  |
| 4      | 0   | 4      | 0     | 0    | 0   | GET    | /api/isu/c4fc1ac7-7061-4c5b-81c9-9408b08f7f67       | 0.000 | 0.016 | 0.036    | 0.009 | 0.016 | 0.016 | 0.016 | 0.006  | 131.000   | 131.000   | 524.000       | 131.000   |
| 16779  | 0   | 1679   | 15098 | 2    | 0   | GET    | /                                                   | 0.004 | 1.012 | 137.980  | 0.008 | 0.024 | 0.032 | 0.052 | 0.017  | 0.000     | 528.000   | 886512.000    | 52.835    |
| 1      | 0   | 1      | 0     | 0    | 0   | GET    | /api/isu/c0f52a13-546b-406b-a367-c8e2f6bccbf9       | 0.008 | 0.008 | 0.008    | 0.008 | 0.008 | 0.008 | 0.008 | 0.000  | 146.000   | 146.000   | 146.000       | 146.000   |
| 46     | 0   | 44     | 0     | 2    | 0   | GET    | /api/isu/eeb82533-9653-4b8c-884f-fa81aac42d98       | 0.036 | 0.100 | 0.340    | 0.007 | 0.024 | 0.036 | 0.100 | 0.017  | 14.000    | 148.000   | 6547.000      | 142.326   |
| 37     | 0   | 37     | 0     | 0    | 0   | GET    | /api/isu/ecce2174-ed67-4694-b6f1-ef87de5ee524       | 0.004 | 0.108 | 0.256    | 0.007 | 0.012 | 0.036 | 0.108 | 0.018  | 139.000   | 139.000   | 5143.000      | 139.000   |
| 2      | 0   | 2      | 0     | 0    | 0   | GET    | /api/isu/f878b482-0bde-4968-9303-315ca41f45ca/graph | 0.004 | 0.008 | 0.012    | 0.006 | 0.008 | 0.008 | 0.008 | 0.002  | 2691.000  | 4035.000  | 6726.000      | 3363.000  |
| 2      | 0   | 0      | 0     | 2    | 0   | GET    | /api/isu/e8651771-9e94-47ef-ab11-221b6afd5238/icon  | 0.004 | 0.008 | 0.012    | 0.006 | 0.008 | 0.008 | 0.008 | 0.002  | 14.000    | 21.000    | 35.000        | 17.500    |
| 4      | 0   | 4      | 0     | 0    | 0   | GET    | /api/isu/f878b482-0bde-4968-9303-315ca41f45ca       | 0.000 | 0.012 | 0.024    | 0.006 | 0.012 | 0.012 | 0.012 | 0.006  | 137.000   | 137.000   | 548.000       | 137.000   |
| 2      | 0   | 2      | 0     | 0    | 0   | GET    | /api/isu/c224abbd-697b-4653-9bce-3a86a90e0c97/graph | 0.004 | 0.008 | 0.012    | 0.006 | 0.008 | 0.008 | 0.008 | 0.002  | 3361.000  | 4183.000  | 7544.000      | 3772.000  |
| 24     | 0   | 24     | 0     | 0    | 0   | GET    | /api/isu/ca3845ef-7ee4-42bc-96cc-1b417084e079/graph | 0.004 | 0.036 | 0.140    | 0.006 | 0.016 | 0.036 | 0.036 | 0.010  | 2691.000  | 5491.000  | 85931.000     | 3580.458  |
| 33     | 0   | 33     | 0     | 0    | 0   | GET    | /api/isu/be2d9015-1d57-455a-a996-9c23e1240f23/graph | 0.004 | 0.044 | 0.192    | 0.006 | 0.012 | 0.036 | 0.044 | 0.010  | 2691.000  | 6660.000  | 130409.000    | 3951.788  |
| 25     | 0   | 25     | 0     | 0    | 0   | GET    | /api/isu/d2ed118a-7e5e-4b33-9f62-9e5fc7a0a16b/graph | 0.004 | 0.040 | 0.144    | 0.006 | 0.016 | 0.020 | 0.040 | 0.009  | 2691.000  | 5832.000  | 92627.000     | 3705.080  |
| 39     | 0   | 39     | 0     | 0    | 0   | GET    | /api/isu/fec43a63-4dde-438e-8a5d-a70641bbbcff/graph | 0.064 | 0.064 | 0.220    | 0.006 | 0.008 | 0.024 | 0.064 | 0.010  | 2691.000  | 5542.000  | 151542.000    | 3885.692  |
| 1478   | 0   | 752    | 0     | 726  | 0   | GET    | /api/user/me                                        | 0.004 | 0.076 | 7.348    | 0.005 | 0.016 | 0.024 | 0.044 | 0.009  | 21.000    | 48.000    | 44226.000     | 29.923    |
| 40     | 0   | 40     | 0     | 0    | 0   | GET    | /api/isu/f6ce1b39-907b-4161-b501-2d7dab229438       | 0.004 | 0.076 | 0.192    | 0.005 | 0.012 | 0.020 | 0.076 | 0.013  | 136.000   | 136.000   | 5440.000      | 136.000   |
| 49     | 0   | 49     | 0     | 0    | 0   | GET    | /api/isu/e7b50961-1314-4aaf-9994-c9d214af8a71       | 0.004 | 0.028 | 0.228    | 0.005 | 0.016 | 0.020 | 0.028 | 0.007  | 136.000   | 136.000   | 6664.000      | 136.000   |
| 34     | 0   | 34     | 0     | 0    | 0   | GET    | /api/isu/b4f25fac-342b-49bc-a751-a506234eab74/graph | 0.008 | 0.032 | 0.156    | 0.005 | 0.008 | 0.020 | 0.032 | 0.006  | 2691.000  | 6556.000  | 137241.000    | 4036.500  |
| 55     | 0   | 55     | 0     | 0    | 0   | GET    | /api/isu/fec43a63-4dde-438e-8a5d-a70641bbbcff       | 0.004 | 0.048 | 0.244    | 0.004 | 0.012 | 0.016 | 0.048 | 0.008  | 130.000   | 130.000   | 7150.000      | 130.000   |
| 10     | 0   | 10     | 0     | 0    | 0   | GET    | /api/isu/e23ea139-79a0-498c-b9f2-e02a27d93fd3       | 0.004 | 0.024 | 0.044    | 0.004 | 0.008 | 0.024 | 0.024 | 0.007  | 139.000   | 139.000   | 1390.000      | 139.000   |
| 731    | 0   | 697    | 0     | 34   | 0   | POST   | /api/signout                                        | 0.000 | 0.072 | 3.204    | 0.004 | 0.012 | 0.020 | 0.040 | 0.008  | 0.000     | 21.000    | 714.000       | 0.977     |
| 32     | 0   | 32     | 0     | 0    | 0   | GET    | /api/isu/c4acf627-8d76-44b3-be6f-3ae4f41af1c9/graph | 0.004 | 0.016 | 0.128    | 0.004 | 0.008 | 0.012 | 0.016 | 0.003  | 2691.000  | 6246.000  | 120450.000    | 3764.062  |
| 2      | 0   | 2      | 0     | 0    | 0   | GET    | /api/isu/f87770a2-af0e-45e5-a3d0-6784cc392241/graph | 0.004 | 0.004 | 0.008    | 0.004 | 0.004 | 0.004 | 0.004 | 0.000  | 3025.000  | 4340.000  | 7365.000      | 3682.500  |
| 1      | 0   | 1      | 0     | 0    | 0   | GET    | /api/isu/b82dcff4-8fae-4773-9956-22ab354adb7e       | 0.004 | 0.004 | 0.004    | 0.004 | 0.004 | 0.004 | 0.004 | 0.000  | 136.000   | 136.000   | 136.000       | 136.000   |
| 1      | 0   | 1      | 0     | 0    | 0   | GET    | /api/isu/ffb1ba2d-139b-40fc-a1f2-63a4dcab8641       | 0.004 | 0.004 | 0.004    | 0.004 | 0.004 | 0.004 | 0.004 | 0.000  | 135.000   | 135.000   | 135.000       | 135.000   |
| 4      | 0   | 0      | 0     | 4    | 0   | GET    | /api/isu/d5226f7b-3c7b-477e-ba8b-3cc7a4012e9d/graph | 0.008 | 0.008 | 0.016    | 0.004 | 0.008 | 0.008 | 0.008 | 0.003  | 14.000    | 21.000    | 72.000        | 18.000    |
| 33     | 0   | 31     | 0     | 2    | 0   | GET    | /api/isu/fe32b6e2-21f6-4bc4-94dc-e6b32913e406       | 0.012 | 0.024 | 0.124    | 0.004 | 0.012 | 0.016 | 0.024 | 0.006  | 14.000    | 136.000   | 4251.000      | 128.818   |
| 37     | 0   | 37     | 0     | 0    | 0   | GET    | /api/isu/d2ed118a-7e5e-4b33-9f62-9e5fc7a0a16b       | 0.000 | 0.020 | 0.128    | 0.003 | 0.012 | 0.016 | 0.020 | 0.005  | 145.000   | 145.000   | 5365.000      | 145.000   |
| 5      | 0   | 5      | 0     | 0    | 0   | GET    | /api/isu/db7f4d21-5506-48d7-b7e7-3ee8e6fd0b62/graph | 0.004 | 0.004 | 0.016    | 0.003 | 0.004 | 0.004 | 0.004 | 0.002  | 3365.000  | 5029.000  | 21500.000     | 4300.000  |
| 31     | 0   | 31     | 0     | 0    | 0   | GET    | /api/isu/aff9fed4-e834-4512-ab42-23358ceb221d       | 0.000 | 0.016 | 0.096    | 0.003 | 0.008 | 0.012 | 0.016 | 0.004  | 136.000   | 136.000   | 4216.000      | 136.000   |
| 49     | 0   | 49     | 0     | 0    | 0   | GET    | /api/isu/be2d9015-1d57-455a-a996-9c23e1240f23       | 0.004 | 0.028 | 0.148    | 0.003 | 0.008 | 0.012 | 0.028 | 0.005  | 136.000   | 136.000   | 6664.000      | 136.000   |
| 31     | 0   | 31     | 0     | 0    | 0   | GET    | /api/isu/d5323188-5ff2-4568-8d0e-3e407f09c7d8       | 0.008 | 0.016 | 0.084    | 0.003 | 0.008 | 0.016 | 0.016 | 0.005  | 136.000   | 136.000   | 4216.000      | 136.000   |
| 52     | 0   | 52     | 0     | 0    | 0   | GET    | /api/isu/b4f25fac-342b-49bc-a751-a506234eab74       | 0.004 | 0.020 | 0.112    | 0.002 | 0.004 | 0.008 | 0.020 | 0.004  | 154.000   | 154.000   | 8008.000      | 154.000   |
| 2      | 0   | 0      | 0     | 2    | 0   | GET    | /api/isu/ec1af718-1ddf-48bf-a8db-3ad54dd055b2/icon  | 0.004 | 0.004 | 0.004    | 0.002 | 0.004 | 0.004 | 0.004 | 0.002  | 14.000    | 21.000    | 35.000        | 17.500    |
| 3      | 0   | 1      | 2     | 0    | 0   | GET    | /isu/eb104b95-3532-4828-8550-89da717b9667/condition | 0.000 | 0.004 | 0.004    | 0.001 | 0.004 | 0.004 | 0.004 | 0.002  | 0.000     | 528.000   | 528.000       | 176.000   |
| 4      | 0   | 0      | 0     | 4    | 0   | GET    | /api/isu/c39e23ec-1681-4251-bd08-d082b882a74b/graph | 0.004 | 0.004 | 0.004    | 0.001 | 0.004 | 0.004 | 0.004 | 0.002  | 14.000    | 21.000    | 72.000        | 18.000    |
| 6      | 0   | 2      | 0     | 4    | 0   | GET    | /api/isu/b82dcff4-8fae-4773-9956-22ab354adb7e/graph | 0.000 | 0.004 | 0.004    | 0.001 | 0.004 | 0.004 | 0.004 | 0.001  | 14.000    | 6875.000  | 12244.000     | 2040.667  |
| 3      | 0   | 1      | 2     | 0    | 0   | GET    | /isu/15063e10-26fc-4dac-ae3a-1f195e0c6c4a/condition | 0.000 | 0.000 | 0.000    | 0.000 | 0.000 | 0.000 | 0.000 | 0.000  | 0.000     | 528.000   | 528.000       | 176.000   |
| 1      | 0   | 1      | 0     | 0    | 0   | GET    | /isu/b82dcff4-8fae-4773-9956-22ab354adb7e/graph     | 0.000 | 0.000 | 0.000    | 0.000 | 0.000 | 0.000 | 0.000 | 0.000  | 528.000   | 528.000   | 528.000       | 528.000   |
| 1      | 0   | 1      | 0     | 0    | 0   | GET    | /isu/15063e10-26fc-4dac-ae3a-1f195e0c6c4a/graph     | 0.000 | 0.000 | 0.000    | 0.000 | 0.000 | 0.000 | 0.000 | 0.000  | 528.000   | 528.000   | 528.000       | 528.000   |
| 1      | 0   | 1      | 0     | 0    | 0   | GET    | /isu/15063e10-26fc-4dac-ae3a-1f195e0c6c4a           | 0.000 | 0.000 | 0.000    | 0.000 | 0.000 | 0.000 | 0.000 | 0.000  | 528.000   | 528.000   | 528.000       | 528.000   |
| 1      | 0   | 1      | 0     | 0    | 0   | GET    | /isu/b82dcff4-8fae-4773-9956-22ab354adb7e           | 0.000 | 0.000 | 0.000    | 0.000 | 0.000 | 0.000 | 0.000 | 0.000  | 528.000   | 528.000   | 528.000       | 528.000   |
| 3      | 0   | 1      | 2     | 0    | 0   | GET    | /isu/8fb74e6e-4f8d-4a33-9862-dbcdc0712c7e/condition | 0.000 | 0.000 | 0.000    | 0.000 | 0.000 | 0.000 | 0.000 | 0.000  | 0.000     | 528.000   | 528.000       | 176.000   |
| 1      | 0   | 1      | 0     | 0    | 0   | GET    | /isu/8fb74e6e-4f8d-4a33-9862-dbcdc0712c7e/graph     | 0.000 | 0.000 | 0.000    | 0.000 | 0.000 | 0.000 | 0.000 | 0.000  | 528.000   | 528.000   | 528.000       | 528.000   |
| 1      | 0   | 1      | 0     | 0    | 0   | GET    | /isu/8fb74e6e-4f8d-4a33-9862-dbcdc0712c7e           | 0.000 | 0.000 | 0.000    | 0.000 | 0.000 | 0.000 | 0.000 | 0.000  | 528.000   | 528.000   | 528.000       | 528.000   |
| 3      | 0   | 1      | 2     | 0    | 0   | GET    | /isu/3af9b2b1-0111-4add-ab0c-5e122896bcda/condition | 0.000 | 0.000 | 0.000    | 0.000 | 0.000 | 0.000 | 0.000 | 0.000  | 0.000     | 528.000   | 528.000       | 176.000   |
| 3      | 0   | 1      | 2     | 0    | 0   | GET    | /isu/8469e6f6-0d29-4052-87cf-dd9bfde45014/condition | 0.000 | 0.000 | 0.000    | 0.000 | 0.000 | 0.000 | 0.000 | 0.000  | 0.000     | 528.000   | 528.000       | 176.000   |
| 1      | 0   | 1      | 0     | 0    | 0   | GET    | /isu/8469e6f6-0d29-4052-87cf-dd9bfde45014/graph     | 0.000 | 0.000 | 0.000    | 0.000 | 0.000 | 0.000 | 0.000 | 0.000  | 528.000   | 528.000   | 528.000       | 528.000   |
| 1      | 0   | 1      | 0     | 0    | 0   | GET    | /isu/8469e6f6-0d29-4052-87cf-dd9bfde45014           | 0.000 | 0.000 | 0.000    | 0.000 | 0.000 | 0.000 | 0.000 | 0.000  | 528.000   | 528.000   | 528.000       | 528.000   |
| 2      | 0   | 0      | 0     | 2    | 0   | GET    | /api/isu/f46ad522-d196-487e-b666-c9b000c3d458       | 0.000 | 0.000 | 0.000    | 0.000 | 0.000 | 0.000 | 0.000 | 0.000  | 14.000    | 21.000    | 35.000        | 17.500    |
| 1      | 0   | 1      | 0     | 0    | 0   | GET    | /isu/3af9b2b1-0111-4add-ab0c-5e122896bcda           | 0.000 | 0.000 | 0.000    | 0.000 | 0.000 | 0.000 | 0.000 | 0.000  | 528.000   | 528.000   | 528.000       | 528.000   |
| 1      | 0   | 1      | 0     | 0    | 0   | GET    | /isu/3af9b2b1-0111-4add-ab0c-5e122896bcda/graph     | 0.000 | 0.000 | 0.000    | 0.000 | 0.000 | 0.000 | 0.000 | 0.000  | 528.000   | 528.000   | 528.000       | 528.000   |
| 2      | 0   | 0      | 0     | 2    | 0   | GET    | /api/isu/eb104b95-3532-4828-8550-89da717b9667/icon  | 0.000 | 0.000 | 0.000    | 0.000 | 0.000 | 0.000 | 0.000 | 0.000  | 14.000    | 21.000    | 35.000        | 17.500    |
| 3      | 0   | 1      | 2     | 0    | 0   | GET    | /register                                           | 0.000 | 0.000 | 0.000    | 0.000 | 0.000 | 0.000 | 0.000 | 0.000  | 0.000     | 528.000   | 528.000       | 176.000   |
| 2      | 0   | 2      | 0     | 0    | 0   | GET    | /api/isu/f4c710ac-8499-457d-9084-0fa1949c1da6       | 0.000 | 0.000 | 0.000    | 0.000 | 0.000 | 0.000 | 0.000 | 0.000  | 133.000   | 133.000   | 266.000       | 133.000   |
| 2      | 0   | 2      | 0     | 0    | 0   | GET    | /api/isu/eb104b95-3532-4828-8550-89da717b9667/graph | 0.000 | 0.000 | 0.000    | 0.000 | 0.000 | 0.000 | 0.000 | 0.000  | 5295.000  | 6841.000  | 12136.000     | 6068.000  |
| 1      | 0   | 1      | 0     | 0    | 0   | GET    | /isu/eb104b95-3532-4828-8550-89da717b9667/graph     | 0.000 | 0.000 | 0.000    | 0.000 | 0.000 | 0.000 | 0.000 | 0.000  | 528.000   | 528.000   | 528.000       | 528.000   |
| 1      | 0   | 1      | 0     | 0    | 0   | GET    | /api/isu/eb104b95-3532-4828-8550-89da717b9667       | 0.000 | 0.000 | 0.000    | 0.000 | 0.000 | 0.000 | 0.000 | 0.000  | 138.000   | 138.000   | 138.000       | 138.000   |
| 1      | 0   | 1      | 0     | 0    | 0   | GET    | /isu/eb104b95-3532-4828-8550-89da717b9667           | 0.000 | 0.000 | 0.000    | 0.000 | 0.000 | 0.000 | 0.000 | 0.000  | 528.000   | 528.000   | 528.000       | 528.000   |
| 2      | 0   | 0      | 0     | 2    | 0   | GET    | /api/isu/b93d4a52-532a-482b-95fa-0eec3e219009/icon  | 0.000 | 0.000 | 0.000    | 0.000 | 0.000 | 0.000 | 0.000 | 0.000  | 14.000    | 21.000    | 35.000        | 17.500    |
| 2      | 0   | 0      | 0     | 2    | 0   | GET    | /api/isu/ac5b7148-dc38-4de9-8e4d-1ca25e9ffeb8/icon  | 0.000 | 0.000 | 0.000    | 0.000 | 0.000 | 0.000 | 0.000 | 0.000  | 14.000    | 21.000    | 35.000        | 17.500    |
| 2      | 0   | 2      | 0     | 0    | 0   | GET    | /api/isu/f1efd1e7-1f65-4599-b7a7-f60832618f41/graph | 0.000 | 0.000 | 0.000    | 0.000 | 0.000 | 0.000 | 0.000 | 0.000  | 2691.000  | 4865.000  | 7556.000      | 3778.000  |
| 3      | 0   | 1      | 2     | 0    | 0   | GET    | /isu/b82dcff4-8fae-4773-9956-22ab354adb7e/condition | 0.000 | 0.000 | 0.000    | 0.000 | 0.000 | 0.000 | 0.000 | 0.000  | 0.000     | 528.000   | 528.000       | 176.000   |
+--------+-----+--------+-------+------+-----+--------+-----------------------------------------------------+-------+-------+----------+-------+-------+-------+-------+--------+-----------+-----------+---------------+-----------+
