+--------+-----+--------+-------+------+-----+--------+-----------------------------------------------------+-------+-------+----------+-------+-------+-------+-------+--------+-----------+-----------+---------------+-----------+
| COUNT  | 1XX |  2XX   |  3XX  | 4XX  | 5XX | METHOD |                         URI                         |  MIN  |  MAX  |   SUM    |  AVG  |  P90  |  P95  |  P99  | STDDEV | MIN(BODY) | MAX(BODY) |   SUM(BODY)   | AVG(BODY) |
+--------+-----+--------+-------+------+-----+--------+-----------------------------------------------------+-------+-------+----------+-------+-------+-------+-------+--------+-----------+-----------+---------------+-----------+
| 1      | 0   | 1      | 0     | 0    | 0   | GET    | /api/isu/a3900512-af88-42ce-90bc-f997ff77dba1       | 0.980 | 0.980 | 0.980    | 0.980 | 0.980 | 0.980 | 0.980 | 0.000  | 128.000   | 128.000   | 128.000       | 128.000   |
| 2      | 0   | 1      | 0     | 1    | 0   | GET    | /api/isu/d099974d-a506-4424-8a60-3664e91d4b4b       | 0.704 | 1.004 | 1.708    | 0.854 | 1.004 | 1.004 | 1.004 | 0.150  | 134.000   | 134.000   | 134.000       | 67.000    |
| 1      | 0   | 0      | 0     | 1    | 0   | GET    | /api/isu/e996146b-a2ae-4b76-96d6-9d70e870986e/icon  | 0.728 | 0.728 | 0.728    | 0.728 | 0.728 | 0.728 | 0.728 | 0.000  | 0.000     | 0.000     | 0.000         | 0.000     |
| 1      | 0   | 1      | 0     | 0    | 0   | GET    | /api/isu/b6037303-d671-4deb-8e6c-af1f70d722b2       | 0.720 | 0.720 | 0.720    | 0.720 | 0.720 | 0.720 | 0.720 | 0.000  | 134.000   | 134.000   | 134.000       | 134.000   |
| 1      | 0   | 1      | 0     | 0    | 0   | GET    | /api/isu/c08fe35e-f22a-45f3-927d-f50c7d027151       | 0.624 | 0.624 | 0.624    | 0.624 | 0.624 | 0.624 | 0.624 | 0.000  | 143.000   | 143.000   | 143.000       | 143.000   |
| 1      | 0   | 1      | 0     | 0    | 0   | GET    | /api/isu/b6444939-0c1a-41c0-ab8d-439ecbe9c513       | 0.516 | 0.516 | 0.516    | 0.516 | 0.516 | 0.516 | 0.516 | 0.000  | 155.000   | 155.000   | 155.000       | 155.000   |
| 8      | 0   | 4      | 0     | 4    | 0   | GET    | /api/isu/a11b3d04-864d-4eb6-abce-092e07dde206/graph | 0.088 | 1.012 | 3.836    | 0.480 | 1.012 | 1.012 | 1.012 | 0.413  | 0.000     | 4731.000  | 17010.000     | 2126.250  |
| 11     | 0   | 8      | 0     | 3    | 0   | GET    | /api/isu/a11b3d04-864d-4eb6-abce-092e07dde206       | 0.008 | 1.012 | 5.257    | 0.478 | 1.001 | 1.012 | 1.012 | 0.428  | 137.000   | 137.000   | 1096.000      | 99.636    |
| 8      | 0   | 6      | 0     | 2    | 0   | GET    | /api/isu/e996146b-a2ae-4b76-96d6-9d70e870986e       | 0.016 | 1.005 | 3.633    | 0.454 | 1.005 | 1.005 | 1.005 | 0.432  | 137.000   | 137.000   | 822.000       | 102.750   |
| 7      | 0   | 5      | 0     | 2    | 0   | GET    | /api/isu/fc6f09af-8404-47f5-8dcf-1f0a5c25298d       | 0.016 | 1.004 | 3.056    | 0.437 | 1.004 | 1.004 | 1.004 | 0.391  | 134.000   | 134.000   | 670.000       | 95.714    |
| 6      | 0   | 5      | 0     | 1    | 0   | GET    | /api/isu/ca58c991-e446-4fb9-b355-79c2715284ae       | 0.020 | 0.996 | 2.488    | 0.415 | 0.996 | 0.996 | 0.996 | 0.384  | 143.000   | 143.000   | 715.000       | 119.167   |
| 1      | 0   | 1      | 0     | 0    | 0   | GET    | /api/isu/c16320b4-e00d-4ba5-819c-e49ef430a84b       | 0.412 | 0.412 | 0.412    | 0.412 | 0.412 | 0.412 | 0.412 | 0.000  | 137.000   | 137.000   | 137.000       | 137.000   |
| 1      | 0   | 1      | 0     | 0    | 0   | GET    | /api/isu/e3a70377-6708-4ee9-8324-ce6aa9dbf99d       | 0.392 | 0.392 | 0.392    | 0.392 | 0.392 | 0.392 | 0.392 | 0.000  | 143.000   | 143.000   | 143.000       | 143.000   |
| 2      | 0   | 2      | 0     | 0    | 0   | GET    | /api/isu/e84b3233-80ad-435a-ad22-739a1c58c96d       | 0.368 | 0.384 | 0.752    | 0.376 | 0.384 | 0.384 | 0.384 | 0.008  | 140.000   | 140.000   | 280.000       | 140.000   |
| 1      | 0   | 1      | 0     | 0    | 0   | GET    | /api/isu/a111da57-7937-462b-8366-d4e8477203bf       | 0.368 | 0.368 | 0.368    | 0.368 | 0.368 | 0.368 | 0.368 | 0.000  | 143.000   | 143.000   | 143.000       | 143.000   |
| 1      | 0   | 1      | 0     | 0    | 0   | GET    | /api/isu/e426e2c5-1b56-43fc-9f5d-976fb6d00949       | 0.364 | 0.364 | 0.364    | 0.364 | 0.364 | 0.364 | 0.364 | 0.000  | 140.000   | 140.000   | 140.000       | 140.000   |
| 1      | 0   | 1      | 0     | 0    | 0   | GET    | /api/isu/bada37ec-4d2d-449c-a6db-f009041a4f24       | 0.360 | 0.360 | 0.360    | 0.360 | 0.360 | 0.360 | 0.360 | 0.000  | 131.000   | 131.000   | 131.000       | 131.000   |
| 6      | 0   | 6      | 0     | 0    | 0   | GET    | /api/isu/c4161879-df6f-431a-b869-956ffac4ac96       | 0.084 | 0.588 | 2.124    | 0.354 | 0.588 | 0.588 | 0.588 | 0.196  | 149.000   | 149.000   | 894.000       | 149.000   |
| 1      | 0   | 1      | 0     | 0    | 0   | GET    | /api/isu/b82f4a40-658a-4dff-be6c-c32c1473d14a       | 0.348 | 0.348 | 0.348    | 0.348 | 0.348 | 0.348 | 0.348 | 0.000  | 131.000   | 131.000   | 131.000       | 131.000   |
| 1      | 0   | 1      | 0     | 0    | 0   | GET    | /api/isu/cd704e45-4714-46b1-9ad7-e73644f8655e       | 0.332 | 0.332 | 0.332    | 0.332 | 0.332 | 0.332 | 0.332 | 0.000  | 143.000   | 143.000   | 143.000       | 143.000   |
| 9      | 0   | 9      | 0     | 0    | 0   | GET    | /api/isu/e0e613bb-d2b4-4fff-a00e-07e8a8fdd302/graph | 0.028 | 0.969 | 2.969    | 0.330 | 0.969 | 0.969 | 0.969 | 0.349  | 3029.000  | 5539.000  | 38107.000     | 4234.111  |
| 13     | 0   | 11     | 0     | 2    | 0   | GET    | /api/isu/c3cae32b-f920-435d-85b5-ac5e1c10f135/graph | 0.052 | 1.000 | 4.220    | 0.325 | 0.996 | 1.000 | 1.000 | 0.326  | 3177.000  | 6438.000  | 49047.000     | 3772.846  |
| 6      | 0   | 6      | 0     | 0    | 0   | GET    | /api/isu/f0c26580-704f-4ec2-a3fe-efbc1c743b77/graph | 0.088 | 0.840 | 1.936    | 0.323 | 0.840 | 0.840 | 0.840 | 0.274  | 3359.000  | 4700.000  | 23333.000     | 3888.833  |
| 10     | 0   | 9      | 0     | 1    | 0   | GET    | /api/isu/fc6f09af-8404-47f5-8dcf-1f0a5c25298d/graph | 0.008 | 1.005 | 3.161    | 0.316 | 0.720 | 1.005 | 1.005 | 0.307  | 4031.000  | 5181.000  | 41382.000     | 4138.200  |
| 1      | 0   | 1      | 0     | 0    | 0   | GET    | /api/isu/f806158d-251c-4021-8f86-ab0b25149478       | 0.305 | 0.305 | 0.305    | 0.305 | 0.305 | 0.305 | 0.305 | 0.000  | 143.000   | 143.000   | 143.000       | 143.000   |
| 5      | 0   | 4      | 0     | 1    | 0   | GET    | /api/isu/f0c26580-704f-4ec2-a3fe-efbc1c743b77       | 0.028 | 1.001 | 1.505    | 0.301 | 1.001 | 1.001 | 1.001 | 0.355  | 143.000   | 143.000   | 572.000       | 114.400   |
| 1      | 0   | 1      | 0     | 0    | 0   | GET    | /api/isu/c190e059-e974-4179-9d16-4486058ba74d       | 0.288 | 0.288 | 0.288    | 0.288 | 0.288 | 0.288 | 0.288 | 0.000  | 140.000   | 140.000   | 140.000       | 140.000   |
| 8      | 0   | 6      | 0     | 2    | 0   | GET    | /api/isu/c3cae32b-f920-435d-85b5-ac5e1c10f135       | 0.016 | 1.004 | 2.272    | 0.284 | 1.004 | 1.004 | 1.004 | 0.415  | 143.000   | 143.000   | 858.000       | 107.250   |
| 2      | 0   | 2      | 0     | 0    | 0   | GET    | /api/isu/f1689d95-eaca-4d34-ab95-8e78329b65ad/graph | 0.092 | 0.476 | 0.568    | 0.284 | 0.476 | 0.476 | 0.476 | 0.192  | 3360.000  | 4715.000  | 8075.000      | 4037.500  |
| 12     | 0   | 11     | 0     | 1    | 0   | GET    | /api/isu/ebb91c18-5dee-432c-8389-a183828e90e1       | 0.004 | 0.996 | 3.276    | 0.273 | 0.852 | 0.996 | 0.996 | 0.368  | 131.000   | 131.000   | 1441.000      | 120.083   |
| 6      | 0   | 6      | 0     | 0    | 0   | GET    | /api/isu/e0e613bb-d2b4-4fff-a00e-07e8a8fdd302       | 0.004 | 0.720 | 1.604    | 0.267 | 0.720 | 0.720 | 0.720 | 0.305  | 140.000   | 140.000   | 840.000       | 140.000   |
| 2      | 0   | 2      | 0     | 0    | 0   | GET    | /api/isu/fd6edb05-a9b4-4228-b9c2-30b4713d45ff/graph | 0.132 | 0.392 | 0.524    | 0.262 | 0.392 | 0.392 | 0.392 | 0.130  | 3025.000  | 3027.000  | 6052.000      | 3026.000  |
| 19     | 0   | 17     | 0     | 2    | 0   | GET    | /api/isu/c9bd5e71-6094-4d37-9766-ce761d3aa628/graph | 0.004 | 1.012 | 4.929    | 0.259 | 1.005 | 1.012 | 1.012 | 0.328  | 3027.000  | 4883.000  | 67996.000     | 3578.737  |
| 11     | 0   | 9      | 0     | 2    | 0   | GET    | /api/isu/c4161879-df6f-431a-b869-956ffac4ac96/graph | 0.044 | 1.004 | 2.752    | 0.250 | 0.460 | 1.004 | 1.004 | 0.275  | 0.000     | 5377.000  | 41381.000     | 3761.909  |
| 1      | 0   | 1      | 0     | 0    | 0   | GET    | /api/isu/ec38f5a5-3322-482f-94f0-be410859abaf       | 0.236 | 0.236 | 0.236    | 0.236 | 0.236 | 0.236 | 0.236 | 0.000  | 134.000   | 134.000   | 134.000       | 134.000   |
| 5      | 0   | 4      | 0     | 1    | 0   | GET    | /api/isu/e01d466c-d022-4b2a-8c68-590e59a44b7a       | 0.004 | 1.004 | 1.160    | 0.232 | 1.004 | 1.004 | 1.004 | 0.387  | 137.000   | 137.000   | 548.000       | 109.600   |
| 5      | 0   | 4      | 0     | 1    | 0   | GET    | /api/isu/c0ebfe41-b12b-46d3-a8e1-a55fa8a522f9       | 0.000 | 1.000 | 1.156    | 0.231 | 1.000 | 1.000 | 1.000 | 0.386  | 134.000   | 134.000   | 536.000       | 107.200   |
| 7      | 0   | 7      | 0     | 0    | 0   | GET    | /api/isu/d9026dc9-335b-42c7-935b-f4d1f348ec35       | 0.008 | 0.424 | 1.540    | 0.220 | 0.424 | 0.424 | 0.424 | 0.130  | 131.000   | 131.000   | 917.000       | 131.000   |
| 14     | 0   | 13     | 0     | 1    | 0   | GET    | /api/isu/d72b73eb-f14f-45cb-9c13-582eff071a22/graph | 0.004 | 0.840 | 2.960    | 0.211 | 0.648 | 0.840 | 0.840 | 0.253  | 0.000     | 6017.000  | 54351.000     | 3882.214  |
| 5      | 0   | 5      | 0     | 0    | 0   | GET    | /api/isu/fee9cfba-d735-4703-8693-7a63dae96f38       | 0.028 | 0.624 | 1.056    | 0.211 | 0.624 | 0.624 | 0.624 | 0.233  | 140.000   | 140.000   | 700.000       | 140.000   |
| 3      | 0   | 3      | 0     | 0    | 0   | GET    | /api/isu/eee19093-2cfd-46b4-a759-ada0aae08b45/graph | 0.096 | 0.276 | 0.600    | 0.200 | 0.276 | 0.276 | 0.276 | 0.076  | 3025.000  | 4028.000  | 10569.000     | 3523.000  |
| 4      | 0   | 4      | 0     | 0    | 0   | GET    | /api/isu/e01d466c-d022-4b2a-8c68-590e59a44b7a/graph | 0.040 | 0.372 | 0.800    | 0.200 | 0.372 | 0.372 | 0.372 | 0.156  | 2691.000  | 4534.000  | 13949.000     | 3487.250  |
| 1      | 0   | 1      | 0     | 0    | 0   | GET    | /api/isu/c4188ab5-5865-45aa-ac1c-91a5c7b35c59       | 0.200 | 0.200 | 0.200    | 0.200 | 0.200 | 0.200 | 0.200 | 0.000  | 140.000   | 140.000   | 140.000       | 140.000   |
| 330    | 0   | 318    | 0     | 12   | 0   | POST   | /api/isu                                            | 0.004 | 1.012 | 63.913   | 0.194 | 0.352 | 0.504 | 1.001 | 0.162  | 146.000   | 158.000   | 44251.000     | 134.094   |
| 21     | 0   | 20     | 0     | 1    | 0   | GET    | /api/isu/ba867782-838a-48cc-86fc-43f7a8e3d8b2/graph | 0.004 | 1.037 | 4.009    | 0.191 | 0.428 | 0.676 | 1.037 | 0.259  | 3360.000  | 5363.000  | 80143.000     | 3816.333  |
| 6      | 0   | 6      | 0     | 0    | 0   | GET    | /api/isu/e996146b-a2ae-4b76-96d6-9d70e870986e/graph | 0.004 | 0.704 | 1.136    | 0.189 | 0.704 | 0.704 | 0.704 | 0.240  | 2691.000  | 4369.000  | 21493.000     | 3582.167  |
| 3      | 0   | 3      | 0     | 0    | 0   | GET    | /api/isu/aa514abc-f184-4b88-8f83-be6328fd4e17/graph | 0.016 | 0.508 | 0.568    | 0.189 | 0.508 | 0.508 | 0.508 | 0.226  | 3925.000  | 4521.000  | 12837.000     | 4279.000  |
| 7      | 0   | 7      | 0     | 0    | 0   | GET    | /api/isu/fef1e110-fe04-4059-81a7-fe1bff8f1211       | 0.016 | 0.888 | 1.308    | 0.187 | 0.888 | 0.888 | 0.888 | 0.289  | 140.000   | 140.000   | 980.000       | 140.000   |
| 36     | 0   | 32     | 0     | 4    | 0   | GET    | /api/isu/caab827a-f39b-4043-a4ab-96b51d220f43/graph | 0.008 | 1.008 | 6.572    | 0.183 | 0.932 | 1.004 | 1.008 | 0.332  | 0.000     | 6030.000  | 128570.000    | 3571.389  |
| 8      | 0   | 8      | 0     | 0    | 0   | GET    | /api/isu/ca58c991-e446-4fb9-b355-79c2715284ae/graph | 0.016 | 0.616 | 1.440    | 0.180 | 0.616 | 0.616 | 0.616 | 0.191  | 2691.000  | 4530.000  | 27687.000     | 3460.875  |
| 1      | 0   | 1      | 0     | 0    | 0   | POST   | /initialize                                         | 0.180 | 0.180 | 0.180    | 0.180 | 0.180 | 0.180 | 0.180 | 0.000  | 23.000    | 23.000    | 23.000        | 23.000    |
| 6      | 0   | 6      | 0     | 0    | 0   | GET    | /api/isu/fd6edb05-a9b4-4228-b9c2-30b4713d45ff       | 0.016 | 0.600 | 1.076    | 0.179 | 0.600 | 0.600 | 0.600 | 0.202  | 137.000   | 137.000   | 822.000       | 137.000   |
| 9      | 0   | 9      | 0     | 0    | 0   | GET    | /api/isu/dbb98d0e-29b9-4433-be60-b3a1ca52bcc7       | 0.016 | 0.664 | 1.592    | 0.177 | 0.664 | 0.664 | 0.664 | 0.212  | 143.000   | 143.000   | 1287.000      | 143.000   |
| 15     | 0   | 14     | 0     | 1    | 0   | GET    | /api/isu/dc811641-28b6-4db9-bec2-e9d38e09547b/graph | 0.004 | 0.616 | 2.640    | 0.176 | 0.608 | 0.616 | 0.616 | 0.230  | 0.000     | 6065.000  | 60388.000     | 4025.867  |
| 8      | 0   | 7      | 0     | 1    | 0   | GET    | /api/isu/e51e4683-2392-4bb3-af22-2a03b137c8da       | 0.004 | 1.004 | 1.248    | 0.156 | 1.004 | 1.004 | 1.004 | 0.322  | 143.000   | 143.000   | 1001.000      | 125.125   |
| 6      | 0   | 6      | 0     | 0    | 0   | GET    | /api/isu/fef1e110-fe04-4059-81a7-fe1bff8f1211/graph | 0.008 | 0.420 | 0.904    | 0.151 | 0.420 | 0.420 | 0.420 | 0.151  | 2691.000  | 5711.000  | 24175.000     | 4029.167  |
| 5      | 0   | 5      | 0     | 0    | 0   | GET    | /api/isu/c624f7ef-cc23-4d3b-8a9d-14ee960a5244/graph | 0.052 | 0.384 | 0.744    | 0.149 | 0.384 | 0.384 | 0.384 | 0.125  | 3525.000  | 4381.000  | 19991.000     | 3998.200  |
| 2      | 0   | 2      | 0     | 0    | 0   | GET    | /api/isu/cdb4eebd-a207-424d-b931-7e263763c36a/graph | 0.124 | 0.168 | 0.292    | 0.146 | 0.168 | 0.168 | 0.168 | 0.022  | 3518.000  | 4013.000  | 7531.000      | 3765.500  |
| 3      | 0   | 3      | 0     | 0    | 0   | GET    | /api/isu/ac01d9bb-16ef-4af0-9ba4-e302d59e1630/graph | 0.064 | 0.184 | 0.428    | 0.143 | 0.184 | 0.184 | 0.184 | 0.056  | 3025.000  | 3699.000  | 9751.000      | 3250.333  |
| 13     | 0   | 13     | 0     | 0    | 0   | GET    | /api/isu/b81923d9-cca0-4513-9266-c7989225096c/graph | 0.004 | 0.468 | 1.800    | 0.138 | 0.404 | 0.468 | 0.468 | 0.158  | 2691.000  | 5749.000  | 56664.000     | 4358.769  |
| 2      | 0   | 2      | 0     | 0    | 0   | GET    | /api/isu/f0d77732-32a4-4f30-aedd-65c4e32b1b73       | 0.040 | 0.216 | 0.256    | 0.128 | 0.216 | 0.216 | 0.216 | 0.088  | 134.000   | 134.000   | 268.000       | 134.000   |
| 1      | 0   | 1      | 0     | 0    | 0   | GET    | /api/isu/e7d6d41d-e636-4dcc-b358-9c598bd1838d       | 0.124 | 0.124 | 0.124    | 0.124 | 0.124 | 0.124 | 0.124 | 0.000  | 143.000   | 143.000   | 143.000       | 143.000   |
| 4      | 0   | 4      | 0     | 0    | 0   | GET    | /api/isu/dab2ae8e-3b6a-4277-8ac5-b88a37b4c3b0/graph | 0.036 | 0.200 | 0.488    | 0.122 | 0.200 | 0.200 | 0.200 | 0.059  | 3367.000  | 4699.000  | 15767.000     | 3941.750  |
| 4      | 0   | 4      | 0     | 0    | 0   | GET    | /api/isu/dab2ae8e-3b6a-4277-8ac5-b88a37b4c3b0       | 0.020 | 0.412 | 0.476    | 0.119 | 0.412 | 0.412 | 0.412 | 0.170  | 140.000   | 140.000   | 560.000       | 140.000   |
| 1      | 0   | 1      | 0     | 0    | 0   | GET    | /api/isu/d996d6b4-d074-47f5-877f-d3f284c42629       | 0.116 | 0.116 | 0.116    | 0.116 | 0.116 | 0.116 | 0.116 | 0.000  | 143.000   | 143.000   | 143.000       | 143.000   |
| 5      | 0   | 5      | 0     | 0    | 0   | GET    | /api/isu/a6a96510-c1e9-4218-844e-46231d68b31f/graph | 0.004 | 0.280 | 0.576    | 0.115 | 0.280 | 0.280 | 0.280 | 0.116  | 3025.000  | 5197.000  | 20166.000     | 4033.200  |
| 18     | 0   | 18     | 0     | 0    | 0   | GET    | /api/isu/dc811641-28b6-4db9-bec2-e9d38e09547b       | 0.048 | 0.917 | 2.017    | 0.112 | 0.312 | 0.917 | 0.917 | 0.212  | 137.000   | 137.000   | 2466.000      | 137.000   |
| 2      | 0   | 2      | 0     | 0    | 0   | GET    | /api/isu/db1653c0-fa28-4ee8-8ea0-04e855d6ac2e/graph | 0.064 | 0.160 | 0.224    | 0.112 | 0.160 | 0.160 | 0.160 | 0.048  | 2691.000  | 3849.000  | 6540.000      | 3270.000  |
| 4      | 0   | 4      | 0     | 0    | 0   | GET    | /api/isu/c0a6e9e3-a749-4806-85ab-fc1315c24f2a       | 0.036 | 0.252 | 0.440    | 0.110 | 0.252 | 0.252 | 0.252 | 0.084  | 140.000   | 140.000   | 560.000       | 140.000   |
| 28     | 0   | 27     | 0     | 1    | 0   | GET    | /api/isu/f1456a12-7a66-46bc-9de8-f96e8f3bfbc6       | 0.032 | 1.000 | 3.032    | 0.108 | 0.752 | 0.784 | 1.000 | 0.261  | 124.000   | 124.000   | 3348.000      | 119.571   |
| 1      | 0   | 1      | 0     | 0    | 0   | GET    | /api/isu/b06e8f81-19ed-4cc6-b057-530cf5891c26       | 0.108 | 0.108 | 0.108    | 0.108 | 0.108 | 0.108 | 0.108 | 0.000  | 137.000   | 137.000   | 137.000       | 137.000   |
| 4      | 0   | 4      | 0     | 0    | 0   | GET    | /api/isu/a3741bd7-8684-432a-a274-358b82ea4963       | 0.024 | 0.236 | 0.428    | 0.107 | 0.236 | 0.236 | 0.236 | 0.078  | 146.000   | 146.000   | 584.000       | 146.000   |
| 8      | 0   | 8      | 0     | 0    | 0   | GET    | /api/isu/d0ec59c8-28ff-4b98-a582-106b79f89b78/graph | 0.004 | 0.268 | 0.820    | 0.103 | 0.268 | 0.268 | 0.268 | 0.105  | 2691.000  | 5188.000  | 28892.000     | 3611.500  |
| 4      | 0   | 4      | 0     | 0    | 0   | GET    | /api/isu/c624f7ef-cc23-4d3b-8a9d-14ee960a5244       | 0.016 | 0.200 | 0.404    | 0.101 | 0.200 | 0.200 | 0.200 | 0.067  | 137.000   | 137.000   | 548.000       | 137.000   |
| 16     | 0   | 16     | 0     | 0    | 0   | GET    | /api/isu/d3e17a31-e8b8-423a-99e2-04694a4bb00d/graph | 0.004 | 0.924 | 1.616    | 0.101 | 0.280 | 0.924 | 0.924 | 0.222  | 2691.000  | 5214.000  | 63632.000     | 3977.000  |
| 4      | 0   | 4      | 0     | 0    | 0   | GET    | /api/isu/c32d7b17-efb3-4a1c-93f0-5998ce5a43df       | 0.024 | 0.216 | 0.392    | 0.098 | 0.216 | 0.216 | 0.216 | 0.076  | 143.000   | 143.000   | 572.000       | 143.000   |
| 7      | 0   | 7      | 0     | 0    | 0   | GET    | /api/isu/b9d0b818-7180-426e-94de-15873ea5b1bd/graph | 0.004 | 0.324 | 0.680    | 0.097 | 0.324 | 0.324 | 0.324 | 0.122  | 2691.000  | 5040.000  | 28036.000     | 4005.143  |
| 9      | 0   | 9      | 0     | 0    | 0   | GET    | /api/isu/e51e4683-2392-4bb3-af22-2a03b137c8da/graph | 0.016 | 0.248 | 0.864    | 0.096 | 0.248 | 0.248 | 0.248 | 0.067  | 2691.000  | 4355.000  | 33448.000     | 3716.444  |
| 17     | 0   | 16     | 0     | 1    | 0   | GET    | /api/isu/c9b5c9f7-53b0-4f07-afd4-490e28bb9d86       | 0.008 | 1.040 | 1.596    | 0.094 | 0.096 | 1.040 | 1.040 | 0.239  | 137.000   | 137.000   | 2192.000      | 128.941   |
| 1      | 0   | 1      | 0     | 0    | 0   | GET    | /api/isu/da886e62-7f69-4038-90b8-1608b2cb6523       | 0.092 | 0.092 | 0.092    | 0.092 | 0.092 | 0.092 | 0.092 | 0.000  | 137.000   | 137.000   | 137.000       | 137.000   |
| 4      | 0   | 4      | 0     | 0    | 0   | GET    | /api/isu/a7590b28-db98-44d5-be54-e1e281dba211       | 0.012 | 0.244 | 0.364    | 0.091 | 0.244 | 0.244 | 0.244 | 0.095  | 149.000   | 149.000   | 596.000       | 149.000   |
| 9      | 0   | 9      | 0     | 0    | 0   | GET    | /api/isu/c75bf410-b6a1-4260-837f-fcd2f982997e/graph | 0.004 | 0.160 | 0.800    | 0.089 | 0.160 | 0.160 | 0.160 | 0.051  | 2691.000  | 5041.000  | 34647.000     | 3849.667  |
| 7      | 0   | 7      | 0     | 0    | 0   | GET    | /api/isu/a1d37158-31db-4937-9c96-c6303d633f96/graph | 0.028 | 0.212 | 0.612    | 0.087 | 0.212 | 0.212 | 0.212 | 0.069  | 3025.000  | 5215.000  | 28712.000     | 4101.714  |
| 6510   | 0   | 6141   | 0     | 369  | 0   | GET    | /api/condition/[a-z0-9-]+                           | 0.004 | 1.088 | 566.835  | 0.087 | 0.248 | 0.500 | 1.000 | 0.196  | 0.000     | 7303.000  | 28720415.000  | 4411.738  |
| 6      | 0   | 6      | 0     | 0    | 0   | GET    | /api/isu/d52e421b-9503-4796-8e75-36300ded942c       | 0.012 | 0.356 | 0.516    | 0.086 | 0.356 | 0.356 | 0.356 | 0.121  | 143.000   | 143.000   | 858.000       | 143.000   |
| 4      | 0   | 4      | 0     | 0    | 0   | GET    | /api/isu/eee19093-2cfd-46b4-a759-ada0aae08b45       | 0.016 | 0.220 | 0.344    | 0.086 | 0.220 | 0.220 | 0.220 | 0.080  | 138.000   | 138.000   | 552.000       | 138.000   |
| 1      | 0   | 1      | 0     | 0    | 0   | GET    | /api/isu/abc5322a-3433-42bd-b4f9-11e00c0f496f       | 0.084 | 0.084 | 0.084    | 0.084 | 0.084 | 0.084 | 0.084 | 0.000  | 143.000   | 143.000   | 143.000       | 143.000   |
| 5      | 0   | 5      | 0     | 0    | 0   | GET    | /api/isu/a9ded1b2-d471-45fc-9b5c-61aa51a5d29e       | 0.012 | 0.172 | 0.420    | 0.084 | 0.172 | 0.172 | 0.172 | 0.060  | 143.000   | 143.000   | 715.000       | 143.000   |
| 2      | 0   | 2      | 0     | 0    | 0   | GET    | /api/isu/a9ded1b2-d471-45fc-9b5c-61aa51a5d29e/graph | 0.024 | 0.140 | 0.164    | 0.082 | 0.140 | 0.140 | 0.140 | 0.058  | 3695.000  | 4189.000  | 7884.000      | 3942.000  |
| 8      | 0   | 8      | 0     | 0    | 0   | GET    | /api/isu/c75bf410-b6a1-4260-837f-fcd2f982997e       | 0.012 | 0.208 | 0.640    | 0.080 | 0.208 | 0.208 | 0.208 | 0.080  | 131.000   | 131.000   | 1048.000      | 131.000   |
| 4      | 0   | 4      | 0     | 0    | 0   | GET    | /api/isu/f4b9ca28-5ab5-47c7-b7e1-d988518303ff       | 0.004 | 0.224 | 0.320    | 0.080 | 0.224 | 0.224 | 0.224 | 0.086  | 140.000   | 140.000   | 560.000       | 140.000   |
| 10     | 0   | 10     | 0     | 0    | 0   | GET    | /api/isu/c9bd5e71-6094-4d37-9766-ce761d3aa628       | 0.024 | 0.228 | 0.800    | 0.080 | 0.180 | 0.228 | 0.228 | 0.078  | 140.000   | 140.000   | 1400.000      | 140.000   |
| 63     | 0   | 62     | 0     | 1    | 0   | GET    | /api/isu/dda796e2-6b77-47c7-94ba-458310ddb39d/graph | 0.004 | 1.000 | 4.740    | 0.075 | 0.192 | 0.300 | 1.000 | 0.155  | 5655.000  | 5655.000  | 252211.000    | 4003.349  |
| 4      | 0   | 4      | 0     | 0    | 0   | GET    | /api/isu/db1653c0-fa28-4ee8-8ea0-04e855d6ac2e       | 0.036 | 0.112 | 0.296    | 0.074 | 0.112 | 0.112 | 0.112 | 0.030  | 143.000   | 143.000   | 572.000       | 143.000   |
| 2      | 0   | 2      | 0     | 0    | 0   | GET    | /api/isu/dbb98d0e-29b9-4433-be60-b3a1ca52bcc7/graph | 0.060 | 0.088 | 0.148    | 0.074 | 0.088 | 0.088 | 0.088 | 0.014  | 4371.000  | 5173.000  | 9544.000      | 4772.000  |
| 4      | 0   | 4      | 0     | 0    | 0   | GET    | /api/isu/d6493299-4062-46d2-95ee-dec311ec5d5f       | 0.008 | 0.136 | 0.296    | 0.074 | 0.136 | 0.136 | 0.136 | 0.052  | 143.000   | 143.000   | 572.000       | 143.000   |
| 16536  | 0   | 16375  | 0     | 161  | 0   | GET    | /api/trend                                          | 0.004 | 1.080 | 1204.614 | 0.073 | 0.184 | 0.316 | 0.984 | 0.151  | 0.000     | 27563.000 | 243552376.000 | 14728.615 |
| 1      | 0   | 1      | 0     | 0    | 0   | GET    | /api/isu/aea2ee5f-2b47-4ad1-8a20-b20ed0908170       | 0.072 | 0.072 | 0.072    | 0.072 | 0.072 | 0.072 | 0.072 | 0.000  | 137.000   | 137.000   | 137.000       | 137.000   |
| 3      | 0   | 3      | 0     | 0    | 0   | GET    | /api/isu/ae65e56b-fd39-4c71-b507-6a5de6e9e5ab/graph | 0.048 | 0.108 | 0.216    | 0.072 | 0.108 | 0.108 | 0.108 | 0.026  | 3025.000  | 3998.000  | 10390.000     | 3463.333  |
| 2      | 0   | 2      | 0     | 0    | 0   | GET    | /api/isu/a3741bd7-8684-432a-a274-358b82ea4963/graph | 0.052 | 0.092 | 0.144    | 0.072 | 0.092 | 0.092 | 0.092 | 0.020  | 3359.000  | 4155.000  | 7514.000      | 3757.000  |
| 2      | 0   | 2      | 0     | 0    | 0   | GET    | /api/isu/aefd6e44-cd2c-469a-970c-2dc92d20d8b1/graph | 0.140 | 0.140 | 0.140    | 0.070 | 0.140 | 0.140 | 0.140 | 0.070  | 4531.000  | 5043.000  | 9574.000      | 4787.000  |
| 46     | 0   | 46     | 0     | 0    | 0   | GET    | /api/isu/d90b87a4-756f-4db1-be2d-0c6ca4f7095d/graph | 0.004 | 0.681 | 3.097    | 0.067 | 0.280 | 0.408 | 0.681 | 0.159  | 2691.000  | 5711.000  | 180621.000    | 3926.543  |
| 4      | 0   | 4      | 0     | 0    | 0   | GET    | /api/isu/f8613236-4c15-42f3-8123-2d7c7ff715d0       | 0.044 | 0.096 | 0.256    | 0.064 | 0.096 | 0.096 | 0.096 | 0.020  | 140.000   | 140.000   | 560.000       | 140.000   |
| 13     | 0   | 11     | 0     | 2    | 0   | GET    | /api/isu/d72b73eb-f14f-45cb-9c13-582eff071a22       | 0.008 | 0.232 | 0.824    | 0.063 | 0.124 | 0.232 | 0.232 | 0.065  | 14.000    | 137.000   | 1542.000      | 118.615   |
| 84     | 0   | 84     | 0     | 0    | 0   | GET    | /api/isu/dda796e2-6b77-47c7-94ba-458310ddb39d       | 0.004 | 0.588 | 5.244    | 0.062 | 0.176 | 0.256 | 0.588 | 0.111  | 148.000   | 148.000   | 12432.000     | 148.000   |
| 12     | 0   | 12     | 0     | 0    | 0   | GET    | /api/isu/bd51219f-8ff8-495c-aca0-f24b9882a6b0/graph | 0.000 | 0.244 | 0.740    | 0.062 | 0.192 | 0.244 | 0.244 | 0.078  | 2691.000  | 5033.000  | 45153.000     | 3762.750  |
| 4      | 0   | 4      | 0     | 0    | 0   | GET    | /api/isu/a1d37158-31db-4937-9c96-c6303d633f96       | 0.024 | 0.084 | 0.244    | 0.061 | 0.084 | 0.084 | 0.084 | 0.022  | 146.000   | 146.000   | 584.000       | 146.000   |
| 4      | 0   | 4      | 0     | 0    | 0   | GET    | /api/isu/f8613236-4c15-42f3-8123-2d7c7ff715d0/graph | 0.044 | 0.188 | 0.244    | 0.061 | 0.188 | 0.188 | 0.188 | 0.075  | 3513.000  | 6003.000  | 19122.000     | 4780.500  |
| 4      | 0   | 4      | 0     | 0    | 0   | GET    | /api/isu/ae65e56b-fd39-4c71-b507-6a5de6e9e5ab       | 0.008 | 0.172 | 0.232    | 0.058 | 0.172 | 0.172 | 0.172 | 0.067  | 132.000   | 132.000   | 528.000       | 132.000   |
| 11     | 0   | 11     | 0     | 0    | 0   | GET    | /api/isu/f773db8c-0776-4e13-a1fd-01c353ced9f2       | 0.008 | 0.340 | 0.616    | 0.056 | 0.084 | 0.340 | 0.340 | 0.094  | 143.000   | 143.000   | 1573.000      | 143.000   |
| 1      | 0   | 1      | 0     | 0    | 0   | GET    | /api/isu/d6ba953d-1456-40ed-be4d-6a6f9ccdffe5       | 0.056 | 0.056 | 0.056    | 0.056 | 0.056 | 0.056 | 0.056 | 0.000  | 140.000   | 140.000   | 140.000       | 140.000   |
| 2      | 0   | 2      | 0     | 0    | 0   | GET    | /api/isu/e71e08c9-8053-4ba1-8dc7-e08aabad1361/graph | 0.048 | 0.064 | 0.112    | 0.056 | 0.064 | 0.064 | 0.064 | 0.008  | 2691.000  | 5553.000  | 8244.000      | 4122.000  |
| 4      | 0   | 4      | 0     | 0    | 0   | GET    | /api/isu/a6a96510-c1e9-4218-844e-46231d68b31f       | 0.052 | 0.096 | 0.224    | 0.056 | 0.096 | 0.096 | 0.096 | 0.036  | 143.000   | 143.000   | 572.000       | 143.000   |
| 4      | 0   | 4      | 0     | 0    | 0   | GET    | /api/isu/e71e08c9-8053-4ba1-8dc7-e08aabad1361       | 0.008 | 0.096 | 0.220    | 0.055 | 0.096 | 0.096 | 0.096 | 0.032  | 140.000   | 140.000   | 560.000       | 140.000   |
| 4152   | 0   | 3878   | 0     | 274  | 0   | GET    | /api/isu/[0-9]+                                     | 0.004 | 1.248 | 224.567  | 0.054 | 0.124 | 0.280 | 0.996 | 0.152  | 0.000     | 7054.000  | 6605485.000   | 1590.916  |
| 2      | 0   | 2      | 0     | 0    | 0   | GET    | /api/isu/c0a6e9e3-a749-4806-85ab-fc1315c24f2a/graph | 0.028 | 0.080 | 0.108    | 0.054 | 0.080 | 0.080 | 0.080 | 0.026  | 3359.000  | 4028.000  | 7387.000      | 3693.500  |
| 2      | 0   | 2      | 0     | 0    | 0   | GET    | /api/isu/cc8025f3-790a-4f03-97f5-3a4c0583307c/graph | 0.044 | 0.064 | 0.108    | 0.054 | 0.064 | 0.064 | 0.064 | 0.010  | 3025.000  | 4364.000  | 7389.000      | 3694.500  |
| 4      | 0   | 4      | 0     | 0    | 0   | GET    | /api/isu/cc8025f3-790a-4f03-97f5-3a4c0583307c       | 0.016 | 0.080 | 0.212    | 0.053 | 0.080 | 0.080 | 0.080 | 0.026  | 137.000   | 137.000   | 548.000       | 137.000   |
| 4      | 0   | 4      | 0     | 0    | 0   | GET    | /api/isu/ac01d9bb-16ef-4af0-9ba4-e302d59e1630       | 0.008 | 0.136 | 0.208    | 0.052 | 0.136 | 0.136 | 0.136 | 0.050  | 137.000   | 137.000   | 548.000       | 137.000   |
| 1      | 0   | 1      | 0     | 0    | 0   | GET    | /api/isu/d05b1f10-6f52-4e7f-a082-a1692086c0cf       | 0.052 | 0.052 | 0.052    | 0.052 | 0.052 | 0.052 | 0.052 | 0.000  | 146.000   | 146.000   | 146.000       | 146.000   |
| 1      | 0   | 1      | 0     | 0    | 0   | GET    | /api/isu/fe168108-5fbe-4945-8c2f-718b14a61f11       | 0.052 | 0.052 | 0.052    | 0.052 | 0.052 | 0.052 | 0.052 | 0.000  | 129.000   | 129.000   | 129.000       | 129.000   |
| 3      | 0   | 3      | 0     | 0    | 0   | GET    | /api/isu/f4b9ca28-5ab5-47c7-b7e1-d988518303ff/graph | 0.040 | 0.060 | 0.156    | 0.052 | 0.060 | 0.060 | 0.060 | 0.009  | 3358.000  | 5381.000  | 13954.000     | 4651.333  |
| 17     | 0   | 13     | 0     | 4    | 0   | GET    | /api/isu/d73e6a8f-eb8e-4b7a-b627-24cb25654613/graph | 0.008 | 0.172 | 0.832    | 0.049 | 0.168 | 0.172 | 0.172 | 0.058  | 14.000    | 5860.000  | 52099.000     | 3064.647  |
| 30     | 0   | 26     | 0     | 4    | 0   | GET    | /api/isu/e46e6938-8241-45ec-b948-25e37dabcd60/graph | 0.004 | 0.648 | 1.444    | 0.048 | 0.088 | 0.380 | 0.648 | 0.132  | 14.000    | 6378.000  | 101110.000    | 3370.333  |
| 2      | 0   | 2      | 0     | 0    | 0   | GET    | /api/isu/e8d3d3f0-af89-4d20-8e69-634fac5aa6bd       | 0.032 | 0.064 | 0.096    | 0.048 | 0.064 | 0.064 | 0.064 | 0.016  | 134.000   | 134.000   | 268.000       | 134.000   |
| 1      | 0   | 1      | 0     | 0    | 0   | GET    | /api/isu/c2beae23-3d59-4bea-94d7-2b423728fdd4       | 0.048 | 0.048 | 0.048    | 0.048 | 0.048 | 0.048 | 0.048 | 0.000  | 146.000   | 146.000   | 146.000       | 146.000   |
| 1      | 0   | 1      | 0     | 0    | 0   | GET    | /api/isu/e8a85e48-276d-488e-b19e-03b9746a4237       | 0.048 | 0.048 | 0.048    | 0.048 | 0.048 | 0.048 | 0.048 | 0.000  | 140.000   | 140.000   | 140.000       | 140.000   |
| 1      | 0   | 1      | 0     | 0    | 0   | GET    | /api/isu/ee5e8ee9-a82f-435c-b7b9-f812147047db       | 0.048 | 0.048 | 0.048    | 0.048 | 0.048 | 0.048 | 0.048 | 0.000  | 143.000   | 143.000   | 143.000       | 143.000   |
| 30     | 0   | 30     | 0     | 0    | 0   | GET    | /api/isu/ba867782-838a-48cc-86fc-43f7a8e3d8b2       | 0.008 | 0.440 | 1.424    | 0.047 | 0.140 | 0.164 | 0.440 | 0.086  | 140.000   | 140.000   | 4200.000      | 140.000   |
| 4      | 0   | 4      | 0     | 0    | 0   | GET    | /api/isu/f1689d95-eaca-4d34-ab95-8e78329b65ad       | 0.008 | 0.088 | 0.188    | 0.047 | 0.088 | 0.088 | 0.088 | 0.030  | 140.000   | 140.000   | 560.000       | 140.000   |
| 4      | 0   | 4      | 0     | 0    | 0   | GET    | /api/isu/aa514abc-f184-4b88-8f83-be6328fd4e17       | 0.016 | 0.104 | 0.188    | 0.047 | 0.104 | 0.104 | 0.104 | 0.034  | 137.000   | 137.000   | 548.000       | 137.000   |
| 35     | 0   | 31     | 0     | 4    | 0   | GET    | /api/isu/f45cb012-d769-4d19-a53e-cc1332c3673e/graph | 0.004 | 0.504 | 1.636    | 0.047 | 0.120 | 0.392 | 0.504 | 0.117  | 14.000    | 5715.000  | 125273.000    | 3579.229  |
| 4345   | 0   | 4260   | 0     | 85   | 0   | GET    | /api/isu                                            | 0.004 | 1.016 | 191.030  | 0.044 | 0.088 | 0.220 | 0.996 | 0.140  | 0.000     | 4691.000  | 11394609.000  | 2622.465  |
| 1091   | 0   | 843    | 0     | 248  | 0   | POST   | /api/auth                                           | 0.004 | 1.668 | 47.788   | 0.044 | 0.084 | 0.204 | 0.896 | 0.140  | 0.000     | 19.000    | 2760.000      | 2.530     |
| 7      | 0   | 7      | 0     | 0    | 0   | GET    | /api/isu/d0ec59c8-28ff-4b98-a582-106b79f89b78       | 0.016 | 0.092 | 0.296    | 0.042 | 0.092 | 0.092 | 0.092 | 0.030  | 149.000   | 149.000   | 1043.000      | 149.000   |
| 6      | 0   | 4      | 0     | 2    | 0   | GET    | /api/isu/cdb4eebd-a207-424d-b931-7e263763c36a       | 0.004 | 0.144 | 0.252    | 0.042 | 0.144 | 0.144 | 0.144 | 0.047  | 14.000    | 134.000   | 571.000       | 95.167    |
| 6      | 0   | 6      | 0     | 0    | 0   | GET    | /api/isu/f773db8c-0776-4e13-a1fd-01c353ced9f2/graph | 0.000 | 0.104 | 0.236    | 0.039 | 0.104 | 0.104 | 0.104 | 0.035  | 2691.000  | 5003.000  | 25771.000     | 4295.167  |
| 4      | 0   | 4      | 0     | 0    | 0   | GET    | /api/isu/e61b4193-05f0-45fb-b781-568c5aebc590       | 0.032 | 0.052 | 0.156    | 0.039 | 0.052 | 0.052 | 0.052 | 0.008  | 140.000   | 140.000   | 560.000       | 140.000   |
| 9      | 0   | 9      | 0     | 0    | 0   | GET    | /api/isu/eda06f13-86ae-44ef-bcb5-20eaa01622f6/graph | 0.048 | 0.140 | 0.344    | 0.038 | 0.140 | 0.140 | 0.140 | 0.040  | 3025.000  | 5383.000  | 38815.000     | 4312.778  |
| 14     | 0   | 14     | 0     | 0    | 0   | GET    | /api/isu/c9b5c9f7-53b0-4f07-afd4-490e28bb9d86/graph | 0.016 | 0.196 | 0.512    | 0.037 | 0.096 | 0.196 | 0.196 | 0.052  | 2691.000  | 6390.000  | 57921.000     | 4137.214  |
| 16     | 0   | 16     | 0     | 0    | 0   | GET    | /api/isu/f29f0547-88ce-4a03-a6b5-1dbefc0eed0d/graph | 0.004 | 0.152 | 0.568    | 0.036 | 0.128 | 0.152 | 0.152 | 0.045  | 2691.000  | 6874.000  | 67131.000     | 4195.688  |
| 7      | 0   | 7      | 0     | 0    | 0   | GET    | /api/isu/b9d0b818-7180-426e-94de-15873ea5b1bd       | 0.004 | 0.104 | 0.236    | 0.034 | 0.104 | 0.104 | 0.104 | 0.035  | 143.000   | 143.000   | 1001.000      | 143.000   |
| 35     | 0   | 31     | 0     | 4    | 0   | GET    | /api/isu/a78380b5-052e-49d4-a71a-8f8995e5c9cf/graph | 0.004 | 0.412 | 1.152    | 0.033 | 0.088 | 0.252 | 0.412 | 0.081  | 14.000    | 6480.000  | 126693.000    | 3619.800  |
| 18     | 0   | 18     | 0     | 0    | 0   | GET    | /api/isu/d3e17a31-e8b8-423a-99e2-04694a4bb00d       | 0.028 | 0.312 | 0.592    | 0.033 | 0.064 | 0.312 | 0.312 | 0.070  | 140.000   | 140.000   | 2520.000      | 140.000   |
| 2      | 0   | 0      | 0     | 2    | 0   | GET    | /api/isu/ba867782-838a-48cc-86fc-43f7a8e3d8b2/icon  | 0.004 | 0.060 | 0.064    | 0.032 | 0.060 | 0.060 | 0.060 | 0.028  | 14.000    | 21.000    | 35.000        | 17.500    |
| 3      | 0   | 2      | 0     | 1    | 0   | GET    | /api/isu/ebb91c18-5dee-432c-8389-a183828e90e1/graph | 0.004 | 0.080 | 0.096    | 0.032 | 0.080 | 0.080 | 0.080 | 0.034  | 0.000     | 2691.000  | 5382.000      | 1794.000  |
| 74     | 0   | 74     | 0     | 0    | 0   | GET    | /api/isu/cbbdb675-6b23-499a-87ae-5e13fd4efb2f       | 0.016 | 0.416 | 2.332    | 0.032 | 0.096 | 0.192 | 0.416 | 0.071  | 133.000   | 133.000   | 9842.000      | 133.000   |
| 4      | 0   | 4      | 0     | 0    | 0   | GET    | /api/isu/e3f04b03-be3c-4e9d-bcf3-f843da8a1a41       | 0.000 | 0.080 | 0.124    | 0.031 | 0.080 | 0.080 | 0.080 | 0.031  | 137.000   | 137.000   | 548.000       | 137.000   |
| 7      | 0   | 7      | 0     | 0    | 0   | GET    | /api/isu/dd10c433-f8e7-4877-9266-75b4ec941f4e/graph | 0.076 | 0.076 | 0.200    | 0.029 | 0.076 | 0.076 | 0.076 | 0.027  | 2691.000  | 5648.000  | 29187.000     | 4169.571  |
| 16     | 0   | 16     | 0     | 0    | 0   | GET    | /api/isu/bd51219f-8ff8-495c-aca0-f24b9882a6b0       | 0.116 | 0.136 | 0.452    | 0.028 | 0.116 | 0.136 | 0.136 | 0.040  | 136.000   | 136.000   | 2176.000      | 136.000   |
| 1      | 0   | 1      | 0     | 0    | 0   | GET    | /api/isu/a7277ebf-a918-4da3-b81b-1032ac215125       | 0.028 | 0.028 | 0.028    | 0.028 | 0.028 | 0.028 | 0.028 | 0.000  | 128.000   | 128.000   | 128.000       | 128.000   |
| 39     | 0   | 39     | 0     | 0    | 0   | GET    | /api/isu/aeab0f6c-9834-4ecc-8ea4-e3188832a78d/graph | 0.012 | 0.392 | 1.092    | 0.028 | 0.052 | 0.352 | 0.392 | 0.081  | 2691.000  | 5509.000  | 155772.000    | 3994.154  |
| 1      | 0   | 1      | 0     | 0    | 0   | GET    | /api/isu/d77a4a57-31dc-41b4-a99f-11afae45be3a       | 0.028 | 0.028 | 0.028    | 0.028 | 0.028 | 0.028 | 0.028 | 0.000  | 131.000   | 131.000   | 131.000       | 131.000   |
| 2      | 0   | 2      | 0     | 0    | 0   | GET    | /api/isu/a4d46a62-7931-4895-8abd-75e5b60e2e4c/graph | 0.020 | 0.032 | 0.052    | 0.026 | 0.032 | 0.032 | 0.032 | 0.006  | 2691.000  | 4725.000  | 7416.000      | 3708.000  |
| 45     | 0   | 44     | 0     | 1    | 0   | GET    | /api/isu/cbbdb675-6b23-499a-87ae-5e13fd4efb2f/graph | 0.004 | 0.312 | 1.136    | 0.025 | 0.040 | 0.048 | 0.312 | 0.061  | 0.000     | 6390.000  | 180493.000    | 4010.956  |
| 4      | 0   | 0      | 0     | 4    | 0   | GET    | /api/isu/f45cb012-d769-4d19-a53e-cc1332c3673e/icon  | 0.028 | 0.068 | 0.100    | 0.025 | 0.068 | 0.068 | 0.068 | 0.027  | 14.000    | 21.000    | 70.000        | 17.500    |
| 1      | 0   | 1      | 0     | 0    | 0   | GET    | /api/isu/b4ca2e99-7fb3-4591-ab18-cb653963fd28       | 0.024 | 0.024 | 0.024    | 0.024 | 0.024 | 0.024 | 0.024 | 0.000  | 137.000   | 137.000   | 137.000       | 137.000   |
| 2      | 0   | 0      | 0     | 2    | 0   | GET    | /api/isu/cdb4eebd-a207-424d-b931-7e263763c36a/icon  | 0.008 | 0.036 | 0.044    | 0.022 | 0.036 | 0.036 | 0.036 | 0.014  | 14.000    | 21.000    | 35.000        | 17.500    |
| 2      | 0   | 2      | 0     | 0    | 0   | GET    | /api/isu/d6493299-4062-46d2-95ee-dec311ec5d5f/graph | 0.016 | 0.028 | 0.044    | 0.022 | 0.028 | 0.028 | 0.028 | 0.006  | 2691.000  | 3360.000  | 6051.000      | 3025.500  |
| 38     | 0   | 38     | 0     | 0    | 0   | GET    | /api/isu/caab827a-f39b-4043-a4ab-96b51d220f43       | 0.012 | 0.301 | 0.821    | 0.022 | 0.064 | 0.160 | 0.301 | 0.057  | 142.000   | 142.000   | 5396.000      | 142.000   |
| 4      | 0   | 4      | 0     | 0    | 0   | GET    | /api/isu/c012924b-7a6d-4cca-a50e-9185c29c38ac       | 0.004 | 0.068 | 0.084    | 0.021 | 0.068 | 0.068 | 0.068 | 0.027  | 128.000   | 128.000   | 512.000       | 128.000   |
| 1      | 0   | 1      | 0     | 0    | 0   | GET    | /api/isu/fe499f88-0d59-4913-9f55-e72732c4b5e5       | 0.020 | 0.020 | 0.020    | 0.020 | 0.020 | 0.020 | 0.020 | 0.000  | 138.000   | 138.000   | 138.000       | 138.000   |
| 1      | 0   | 1      | 0     | 0    | 0   | GET    | /api/isu/e695ec18-0401-4ddb-b113-ee5692db8751       | 0.020 | 0.020 | 0.020    | 0.020 | 0.020 | 0.020 | 0.020 | 0.000  | 140.000   | 140.000   | 140.000       | 140.000   |
| 2      | 0   | 2      | 0     | 0    | 0   | GET    | /api/isu/e61b4193-05f0-45fb-b781-568c5aebc590/graph | 0.008 | 0.032 | 0.040    | 0.020 | 0.032 | 0.032 | 0.032 | 0.012  | 3025.000  | 4810.000  | 7835.000      | 3917.500  |
| 71     | 0   | 67     | 0     | 4    | 0   | GET    | /api/isu/ae82a65c-a7ca-4b12-86f3-c19f26341126       | 0.004 | 0.804 | 1.408    | 0.020 | 0.020 | 0.040 | 0.804 | 0.096  | 14.000    | 142.000   | 9584.000      | 134.986   |
| 2      | 0   | 0      | 0     | 2    | 0   | GET    | /api/isu/d72b73eb-f14f-45cb-9c13-582eff071a22/icon  | 0.012 | 0.024 | 0.036    | 0.018 | 0.024 | 0.024 | 0.024 | 0.006  | 14.000    | 21.000    | 35.000        | 17.500    |
| 4      | 0   | 4      | 0     | 0    | 0   | GET    | /api/isu/ad7f478a-81d8-4f56-b439-de298b1bc31e       | 0.028 | 0.032 | 0.068    | 0.017 | 0.032 | 0.032 | 0.032 | 0.013  | 149.000   | 149.000   | 596.000       | 149.000   |
| 13     | 0   | 13     | 0     | 0    | 0   | GET    | /api/isu/d73e6a8f-eb8e-4b7a-b627-24cb25654613       | 0.020 | 0.120 | 0.220    | 0.017 | 0.040 | 0.120 | 0.120 | 0.032  | 139.000   | 139.000   | 1807.000      | 139.000   |
| 50     | 0   | 48     | 0     | 2    | 0   | GET    | /api/isu/d0ce4f16-3a9e-476a-a7bb-f98f6a8724d0       | 0.016 | 0.520 | 0.844    | 0.017 | 0.012 | 0.040 | 0.520 | 0.074  | 14.000    | 139.000   | 6707.000      | 134.140   |
| 1      | 0   | 1      | 0     | 0    | 0   | GET    | /api/isu/f300917f-aeee-4aa9-926a-2fda6cb12e0f       | 0.016 | 0.016 | 0.016    | 0.016 | 0.016 | 0.016 | 0.016 | 0.000  | 149.000   | 149.000   | 149.000       | 149.000   |
| 4      | 0   | 4      | 0     | 0    | 0   | GET    | /api/isu/c012924b-7a6d-4cca-a50e-9185c29c38ac/graph | 0.016 | 0.028 | 0.064    | 0.016 | 0.028 | 0.028 | 0.028 | 0.010  | 2691.000  | 5038.000  | 14776.000     | 3694.000  |
| 2      | 0   | 2      | 0     | 0    | 0   | GET    | /api/isu/e3f04b03-be3c-4e9d-bcf3-f843da8a1a41/graph | 0.012 | 0.020 | 0.032    | 0.016 | 0.020 | 0.020 | 0.020 | 0.004  | 2691.000  | 4027.000  | 6718.000      | 3359.000  |
| 4      | 0   | 4      | 0     | 0    | 0   | GET    | /api/isu/aefd6e44-cd2c-469a-970c-2dc92d20d8b1       | 0.004 | 0.024 | 0.064    | 0.016 | 0.024 | 0.024 | 0.024 | 0.007  | 146.000   | 146.000   | 584.000       | 146.000   |
| 5      | 0   | 5      | 0     | 0    | 0   | GET    | /api/isu/c0ebfe41-b12b-46d3-a8e1-a55fa8a522f9/graph | 0.004 | 0.064 | 0.076    | 0.015 | 0.064 | 0.064 | 0.064 | 0.024  | 3028.000  | 5522.000  | 21856.000     | 4371.200  |
| 190785 | 0   | 182450 | 0     | 8335 | 0   | POST   | /api/condition/[a-z0-9-]+                           | 0.004 | 0.232 | 2876.497 | 0.015 | 0.040 | 0.080 | 0.108 | 0.024  | 0.000     | 14.000    | 84.000        | 0.000     |
| 22     | 0   | 22     | 0     | 0    | 0   | GET    | /api/isu/f29f0547-88ce-4a03-a6b5-1dbefc0eed0d       | 0.012 | 0.132 | 0.320    | 0.015 | 0.024 | 0.056 | 0.132 | 0.028  | 139.000   | 139.000   | 3058.000      | 139.000   |
| 7      | 0   | 7      | 0     | 0    | 0   | GET    | /api/isu/dad40f71-517e-4680-ae75-c1b930a995d4       | 0.004 | 0.040 | 0.100    | 0.014 | 0.040 | 0.040 | 0.040 | 0.014  | 134.000   | 134.000   | 938.000       | 134.000   |
| 11     | 0   | 11     | 0     | 0    | 0   | GET    | /api/isu/ab90e90a-054c-42b0-bb74-01d4bbca3dab/graph | 0.004 | 0.032 | 0.156    | 0.014 | 0.020 | 0.032 | 0.032 | 0.008  | 2691.000  | 6367.000  | 45460.000     | 4132.727  |
| 2      | 0   | 2      | 0     | 0    | 0   | GET    | /api/isu/d52e421b-9503-4796-8e75-36300ded942c/graph | 0.012 | 0.016 | 0.028    | 0.014 | 0.016 | 0.016 | 0.016 | 0.002  | 2691.000  | 3360.000  | 6051.000      | 3025.500  |
| 57     | 0   | 55     | 0     | 2    | 0   | GET    | /api/isu/d90b87a4-756f-4db1-be2d-0c6ca4f7095d       | 0.012 | 0.244 | 0.796    | 0.014 | 0.032 | 0.124 | 0.244 | 0.039  | 14.000    | 139.000   | 7680.000      | 134.737   |
| 4      | 0   | 4      | 0     | 0    | 0   | GET    | /api/isu/a4d46a62-7931-4895-8abd-75e5b60e2e4c       | 0.004 | 0.024 | 0.052    | 0.013 | 0.024 | 0.024 | 0.024 | 0.009  | 134.000   | 134.000   | 536.000       | 134.000   |
| 63     | 0   | 61     | 0     | 2    | 0   | GET    | /api/isu/b728fb7e-8bfb-4cc5-87a4-541cf3922367       | 0.020 | 0.172 | 0.808    | 0.013 | 0.024 | 0.032 | 0.172 | 0.024  | 14.000    | 124.000   | 7599.000      | 120.619   |
| 70     | 0   | 70     | 0     | 0    | 0   | GET    | /api/isu/d80f5ad3-d5ce-4636-8adb-a3165e0547b3       | 0.000 | 0.540 | 0.892    | 0.013 | 0.008 | 0.028 | 0.540 | 0.065  | 142.000   | 142.000   | 9940.000      | 142.000   |
| 7      | 0   | 7      | 0     | 0    | 0   | GET    | /api/isu/eda06f13-86ae-44ef-bcb5-20eaa01622f6       | 0.004 | 0.024 | 0.088    | 0.013 | 0.024 | 0.024 | 0.024 | 0.007  | 140.000   | 140.000   | 980.000       | 140.000   |
| 26     | 0   | 26     | 0     | 0    | 0   | GET    | /api/isu/cca7d2a7-0661-46bf-bc0d-243a598f5a07/graph | 0.004 | 0.100 | 0.324    | 0.012 | 0.036 | 0.044 | 0.100 | 0.021  | 2691.000  | 5535.000  | 98919.000     | 3804.577  |
| 5      | 0   | 5      | 0     | 0    | 0   | GET    | /api/isu/dad40f71-517e-4680-ae75-c1b930a995d4/graph | 0.004 | 0.020 | 0.060    | 0.012 | 0.020 | 0.020 | 0.020 | 0.007  | 2691.000  | 5908.000  | 23859.000     | 4771.800  |
| 1      | 0   | 1      | 0     | 0    | 0   | GET    | /api/isu/f80f6a96-671b-43b5-ba27-610d56308bf8       | 0.012 | 0.012 | 0.012    | 0.012 | 0.012 | 0.012 | 0.012 | 0.000  | 143.000   | 143.000   | 143.000       | 143.000   |
| 44     | 0   | 44     | 0     | 0    | 0   | GET    | /api/isu/f45cb012-d769-4d19-a53e-cc1332c3673e       | 0.004 | 0.204 | 0.524    | 0.012 | 0.012 | 0.076 | 0.204 | 0.036  | 139.000   | 139.000   | 6116.000      | 139.000   |
| 38     | 0   | 38     | 0     | 0    | 0   | GET    | /api/isu/b728fb7e-8bfb-4cc5-87a4-541cf3922367/graph | 0.004 | 0.076 | 0.436    | 0.011 | 0.024 | 0.028 | 0.076 | 0.013  | 2691.000  | 6033.000  | 155184.000    | 4083.789  |
| 10     | 0   | 10     | 0     | 0    | 0   | GET    | /api/isu/b81923d9-cca0-4513-9266-c7989225096c       | 0.028 | 0.028 | 0.112    | 0.011 | 0.020 | 0.028 | 0.028 | 0.008  | 133.000   | 133.000   | 1330.000      | 133.000   |
| 46     | 0   | 46     | 0     | 0    | 0   | GET    | /api/isu/a78380b5-052e-49d4-a71a-8f8995e5c9cf       | 0.004 | 0.280 | 0.500    | 0.011 | 0.016 | 0.016 | 0.280 | 0.041  | 127.000   | 127.000   | 5842.000      | 127.000   |
| 52     | 0   | 52     | 0     | 0    | 0   | GET    | /api/isu/ae82a65c-a7ca-4b12-86f3-c19f26341126/graph | 0.116 | 0.116 | 0.552    | 0.011 | 0.024 | 0.044 | 0.116 | 0.021  | 2691.000  | 5698.000  | 207248.000    | 3985.538  |
| 17337  | 0   | 1699   | 15636 | 2    | 0   | GET    | /                                                   | 0.000 | 1.008 | 181.248  | 0.010 | 0.028 | 0.044 | 0.068 | 0.020  | 0.000     | 528.000   | 897072.000    | 51.743    |
| 18     | 0   | 14     | 0     | 4    | 0   | GET    | /api/isu/c53232a6-c380-4d96-9aca-400cfe18f3f4/graph | 0.004 | 0.084 | 0.188    | 0.010 | 0.016 | 0.084 | 0.084 | 0.019  | 14.000    | 6311.000  | 57767.000     | 3209.278  |
| 2      | 0   | 2      | 0     | 0    | 0   | GET    | /api/isu/ad7f478a-81d8-4f56-b439-de298b1bc31e/graph | 0.004 | 0.016 | 0.020    | 0.010 | 0.016 | 0.016 | 0.016 | 0.006  | 3941.000  | 4999.000  | 8940.000      | 4470.000  |
| 37     | 0   | 37     | 0     | 0    | 0   | GET    | /api/isu/e46e6938-8241-45ec-b948-25e37dabcd60       | 0.016 | 0.232 | 0.336    | 0.009 | 0.012 | 0.016 | 0.232 | 0.037  | 133.000   | 133.000   | 4921.000      | 133.000   |
| 19     | 0   | 19     | 0     | 0    | 0   | GET    | /api/isu/cc306072-871b-4e8c-9177-80dc64a3856f/graph | 0.004 | 0.060 | 0.172    | 0.009 | 0.020 | 0.060 | 0.060 | 0.014  | 2691.000  | 5192.000  | 76693.000     | 4036.474  |
| 10     | 0   | 10     | 0     | 0    | 0   | GET    | /api/isu/dd10c433-f8e7-4877-9266-75b4ec941f4e       | 0.012 | 0.028 | 0.084    | 0.008 | 0.020 | 0.028 | 0.028 | 0.009  | 146.000   | 146.000   | 1460.000      | 146.000   |
| 1      | 0   | 1      | 0     | 0    | 0   | GET    | /api/isu/e9af848b-ebd4-4356-b10c-9664708395aa       | 0.008 | 0.008 | 0.008    | 0.008 | 0.008 | 0.008 | 0.008 | 0.000  | 131.000   | 131.000   | 131.000       | 131.000   |
| 1      | 0   | 0      | 0     | 1    | 0   | GET    | /api/isu/bd38fc2a-4ba0-4d36-b226-26865e0caef8       | 0.008 | 0.008 | 0.008    | 0.008 | 0.008 | 0.008 | 0.008 | 0.000  | 0.000     | 0.000     | 0.000         | 0.000     |
| 22     | 0   | 18     | 0     | 4    | 0   | GET    | /api/isu/cd2dd2b6-033b-49b4-92bc-f6cad416ea16/graph | 0.004 | 0.072 | 0.168    | 0.008 | 0.012 | 0.020 | 0.072 | 0.015  | 14.000    | 6316.000  | 74136.000     | 3369.818  |
| 43     | 0   | 43     | 0     | 0    | 0   | GET    | /api/isu/cca7d2a7-0661-46bf-bc0d-243a598f5a07       | 0.004 | 0.160 | 0.308    | 0.007 | 0.016 | 0.020 | 0.160 | 0.024  | 139.000   | 139.000   | 5977.000      | 139.000   |
| 55     | 0   | 55     | 0     | 0    | 0   | GET    | /api/isu/aeab0f6c-9834-4ecc-8ea4-e3188832a78d       | 0.004 | 0.076 | 0.388    | 0.007 | 0.012 | 0.064 | 0.076 | 0.016  | 139.000   | 139.000   | 7645.000      | 139.000   |
| 20     | 0   | 20     | 0     | 0    | 0   | GET    | /api/isu/b182aa74-0861-4344-8fe8-4e711d1d8e91/graph | 0.008 | 0.032 | 0.124    | 0.006 | 0.012 | 0.016 | 0.032 | 0.007  | 2691.000  | 4719.000  | 69083.000     | 3454.150  |
| 2      | 0   | 2      | 0     | 0    | 0   | GET    | /api/isu/a7590b28-db98-44d5-be54-e1e281dba211/graph | 0.000 | 0.012 | 0.012    | 0.006 | 0.012 | 0.012 | 0.012 | 0.006  | 2691.000  | 4359.000  | 7050.000      | 3525.000  |
| 18     | 0   | 16     | 0     | 2    | 0   | GET    | /api/isu/ab90e90a-054c-42b0-bb74-01d4bbca3dab       | 0.004 | 0.024 | 0.108    | 0.006 | 0.012 | 0.024 | 0.024 | 0.006  | 14.000    | 133.000   | 2163.000      | 120.167   |
| 52     | 0   | 52     | 0     | 0    | 0   | GET    | /api/isu/d80f5ad3-d5ce-4636-8adb-a3165e0547b3/graph | 0.004 | 0.024 | 0.300    | 0.006 | 0.020 | 0.020 | 0.024 | 0.007  | 2691.000  | 5967.000  | 200368.000    | 3853.231  |
| 31     | 0   | 31     | 0     | 0    | 0   | GET    | /api/isu/cc306072-871b-4e8c-9177-80dc64a3856f       | 0.004 | 0.032 | 0.172    | 0.006 | 0.016 | 0.028 | 0.032 | 0.008  | 154.000   | 154.000   | 4774.000      | 154.000   |
| 1470   | 0   | 751    | 0     | 719  | 0   | GET    | /api/user/me                                        | 0.000 | 0.096 | 8.152    | 0.006 | 0.016 | 0.024 | 0.052 | 0.010  | 21.000    | 45.000    | 43959.000     | 29.904    |
| 34     | 0   | 34     | 0     | 0    | 0   | GET    | /api/isu/f0317b14-c5a8-4ea2-a82a-1fea0854c222       | 0.020 | 0.040 | 0.184    | 0.005 | 0.020 | 0.024 | 0.040 | 0.009  | 127.000   | 127.000   | 4318.000      | 127.000   |
| 6      | 0   | 2      | 0     | 4    | 0   | GET    | /api/isu/b82dcff4-8fae-4773-9956-22ab354adb7e/graph | 0.004 | 0.008 | 0.032    | 0.005 | 0.008 | 0.008 | 0.008 | 0.003  | 14.000    | 6875.000  | 12244.000     | 2040.667  |
| 724    | 0   | 692    | 0     | 32   | 0   | POST   | /api/signout                                        | 0.008 | 0.112 | 3.816    | 0.005 | 0.016 | 0.024 | 0.048 | 0.010  | 0.000     | 21.000    | 672.000       | 0.928     |
| 21     | 0   | 21     | 0     | 0    | 0   | GET    | /api/isu/ebd7a0dd-cde3-45fa-a54d-b94a46894d1e/graph | 0.004 | 0.020 | 0.108    | 0.005 | 0.008 | 0.012 | 0.020 | 0.004  | 2691.000  | 6220.000  | 82272.000     | 3917.714  |
| 19     | 0   | 19     | 0     | 0    | 0   | GET    | /api/isu/f0317b14-c5a8-4ea2-a82a-1fea0854c222/graph | 0.016 | 0.016 | 0.088    | 0.005 | 0.016 | 0.016 | 0.016 | 0.006  | 2691.000  | 5698.000  | 74020.000     | 3895.789  |
| 20     | 0   | 20     | 0     | 0    | 0   | GET    | /api/isu/c2a00e33-8a83-4151-8ffd-5105a46fb039/graph | 0.004 | 0.016 | 0.092    | 0.005 | 0.008 | 0.012 | 0.016 | 0.004  | 2691.000  | 5517.000  | 75513.000     | 3775.650  |
| 25     | 0   | 25     | 0     | 0    | 0   | GET    | /api/isu/d0ce4f16-3a9e-476a-a7bb-f98f6a8724d0/graph | 0.004 | 0.016 | 0.112    | 0.004 | 0.012 | 0.012 | 0.016 | 0.005  | 2691.000  | 5854.000  | 97176.000     | 3887.040  |
| 18     | 0   | 18     | 0     | 0    | 0   | GET    | /api/isu/fdd3498d-4e33-413c-9d57-2a0ac2059097/graph | 0.008 | 0.024 | 0.080    | 0.004 | 0.012 | 0.024 | 0.024 | 0.006  | 2691.000  | 6239.000  | 70510.000     | 3917.222  |
| 31     | 0   | 31     | 0     | 0    | 0   | GET    | /api/isu/b182aa74-0861-4344-8fe8-4e711d1d8e91       | 0.004 | 0.056 | 0.136    | 0.004 | 0.008 | 0.016 | 0.056 | 0.010  | 145.000   | 145.000   | 4495.000      | 145.000   |
| 34     | 0   | 34     | 0     | 0    | 0   | GET    | /api/isu/c2a00e33-8a83-4151-8ffd-5105a46fb039       | 0.012 | 0.020 | 0.144    | 0.004 | 0.012 | 0.016 | 0.020 | 0.005  | 139.000   | 139.000   | 4726.000      | 139.000   |
| 2      | 0   | 2      | 0     | 0    | 0   | GET    | /api/isu/e6c95189-c9b9-4827-8d5a-054accc57be5/graph | 0.004 | 0.004 | 0.008    | 0.004 | 0.004 | 0.004 | 0.004 | 0.000  | 2691.000  | 3697.000  | 6388.000      | 3194.000  |
| 4      | 0   | 4      | 0     | 0    | 0   | GET    | /api/isu/e6c95189-c9b9-4827-8d5a-054accc57be5       | 0.004 | 0.012 | 0.016    | 0.004 | 0.012 | 0.012 | 0.012 | 0.005  | 149.000   | 149.000   | 596.000       | 149.000   |
| 1      | 0   | 1      | 0     | 0    | 0   | GET    | /isu/b82dcff4-8fae-4773-9956-22ab354adb7e           | 0.004 | 0.004 | 0.004    | 0.004 | 0.004 | 0.004 | 0.004 | 0.000  | 528.000   | 528.000   | 528.000       | 528.000   |
| 1      | 0   | 1      | 0     | 0    | 0   | GET    | /isu/8469e6f6-0d29-4052-87cf-dd9bfde45014           | 0.004 | 0.004 | 0.004    | 0.004 | 0.004 | 0.004 | 0.004 | 0.000  | 528.000   | 528.000   | 528.000       | 528.000   |
| 16     | 0   | 12     | 0     | 4    | 0   | GET    | /api/isu/f1456a12-7a66-46bc-9de8-f96e8f3bfbc6/graph | 0.004 | 0.016 | 0.060    | 0.004 | 0.012 | 0.016 | 0.016 | 0.004  | 14.000    | 6190.000  | 46741.000     | 2921.312  |
| 19     | 0   | 19     | 0     | 0    | 0   | GET    | /api/isu/c53232a6-c380-4d96-9aca-400cfe18f3f4       | 0.000 | 0.032 | 0.068    | 0.004 | 0.004 | 0.032 | 0.032 | 0.007  | 142.000   | 142.000   | 2698.000      | 142.000   |
| 36     | 0   | 34     | 0     | 2    | 0   | GET    | /api/isu/ebd7a0dd-cde3-45fa-a54d-b94a46894d1e       | 0.000 | 0.024 | 0.120    | 0.003 | 0.008 | 0.016 | 0.024 | 0.005  | 14.000    | 139.000   | 4761.000      | 132.250   |
| 31     | 0   | 31     | 0     | 0    | 0   | GET    | /api/isu/fdd3498d-4e33-413c-9d57-2a0ac2059097       | 0.004 | 0.008 | 0.096    | 0.003 | 0.004 | 0.008 | 0.008 | 0.002  | 142.000   | 142.000   | 4402.000      | 142.000   |
| 33     | 0   | 31     | 0     | 2    | 0   | GET    | /api/isu/cd2dd2b6-033b-49b4-92bc-f6cad416ea16       | 0.004 | 0.020 | 0.088    | 0.003 | 0.008 | 0.008 | 0.020 | 0.004  | 14.000    | 136.000   | 4251.000      | 128.818   |
| 2      | 0   | 0      | 0     | 2    | 0   | GET    | /api/isu/d80f5ad3-d5ce-4636-8adb-a3165e0547b3/icon  | 0.000 | 0.004 | 0.004    | 0.002 | 0.004 | 0.004 | 0.004 | 0.002  | 14.000    | 21.000    | 35.000        | 17.500    |
| 2      | 0   | 0      | 0     | 2    | 0   | GET    | /api/isu/c648b087-fe00-4ea2-a524-b2e80555893f       | 0.004 | 0.004 | 0.004    | 0.002 | 0.004 | 0.004 | 0.004 | 0.002  | 14.000    | 21.000    | 35.000        | 17.500    |
| 2      | 0   | 0      | 0     | 2    | 0   | GET    | /api/isu/f1456a12-7a66-46bc-9de8-f96e8f3bfbc6/icon  | 0.000 | 0.004 | 0.004    | 0.002 | 0.004 | 0.004 | 0.004 | 0.002  | 14.000    | 21.000    | 35.000        | 17.500    |
| 4      | 0   | 0      | 0     | 4    | 0   | GET    | /api/isu/b728fb7e-8bfb-4cc5-87a4-541cf3922367/icon  | 0.000 | 0.004 | 0.008    | 0.002 | 0.004 | 0.004 | 0.004 | 0.002  | 14.000    | 21.000    | 70.000        | 17.500    |
| 3      | 0   | 1      | 2     | 0    | 0   | GET    | /isu/8469e6f6-0d29-4052-87cf-dd9bfde45014/condition | 0.000 | 0.004 | 0.004    | 0.001 | 0.004 | 0.004 | 0.004 | 0.002  | 0.000     | 528.000   | 528.000       | 176.000   |
| 10     | 0   | 2      | 0     | 8    | 0   | GET    | /api/isu/cab99f63-bb3a-4648-b6df-376396f2c7ab/graph | 0.000 | 0.004 | 0.012    | 0.001 | 0.004 | 0.004 | 0.004 | 0.002  | 14.000    | 3108.000  | 5943.000      | 594.300   |
| 4      | 0   | 0      | 0     | 4    | 0   | GET    | /api/isu/cab99f63-bb3a-4648-b6df-376396f2c7ab/icon  | 0.000 | 0.004 | 0.004    | 0.001 | 0.004 | 0.004 | 0.004 | 0.002  | 14.000    | 21.000    | 70.000        | 17.500    |
| 4      | 0   | 0      | 0     | 4    | 0   | GET    | /api/isu/c648b087-fe00-4ea2-a524-b2e80555893f/graph | 0.000 | 0.004 | 0.004    | 0.001 | 0.004 | 0.004 | 0.004 | 0.002  | 14.000    | 21.000    | 72.000        | 18.000    |
| 5      | 0   | 1      | 0     | 4    | 0   | GET    | /api/isu/cab99f63-bb3a-4648-b6df-376396f2c7ab       | 0.000 | 0.004 | 0.004    | 0.001 | 0.004 | 0.004 | 0.004 | 0.002  | 14.000    | 145.000   | 215.000       | 43.000    |
| 1      | 0   | 1      | 0     | 0    | 0   | GET    | /isu/15063e10-26fc-4dac-ae3a-1f195e0c6c4a           | 0.000 | 0.000 | 0.000    | 0.000 | 0.000 | 0.000 | 0.000 | 0.000  | 528.000   | 528.000   | 528.000       | 528.000   |
| 3      | 0   | 1      | 2     | 0    | 0   | GET    | /isu/eb104b95-3532-4828-8550-89da717b9667/condition | 0.000 | 0.000 | 0.000    | 0.000 | 0.000 | 0.000 | 0.000 | 0.000  | 0.000     | 528.000   | 528.000       | 176.000   |
| 6      | 0   | 2      | 0     | 4    | 0   | GET    | /api/isu/eb104b95-3532-4828-8550-89da717b9667/graph | 0.000 | 0.000 | 0.000    | 0.000 | 0.000 | 0.000 | 0.000 | 0.000  | 14.000    | 6841.000  | 12208.000     | 2034.667  |
| 1      | 0   | 1      | 0     | 0    | 0   | GET    | /isu/eb104b95-3532-4828-8550-89da717b9667/graph     | 0.000 | 0.000 | 0.000    | 0.000 | 0.000 | 0.000 | 0.000 | 0.000  | 528.000   | 528.000   | 528.000       | 528.000   |
| 3      | 0   | 1      | 0     | 2    | 0   | GET    | /api/isu/eb104b95-3532-4828-8550-89da717b9667       | 0.000 | 0.000 | 0.000    | 0.000 | 0.000 | 0.000 | 0.000 | 0.000  | 14.000    | 138.000   | 173.000       | 57.667    |
| 1      | 0   | 1      | 0     | 0    | 0   | GET    | /isu/eb104b95-3532-4828-8550-89da717b9667           | 0.000 | 0.000 | 0.000    | 0.000 | 0.000 | 0.000 | 0.000 | 0.000  | 528.000   | 528.000   | 528.000       | 528.000   |
| 3      | 0   | 1      | 2     | 0    | 0   | GET    | /isu/b82dcff4-8fae-4773-9956-22ab354adb7e/condition | 0.000 | 0.000 | 0.000    | 0.000 | 0.000 | 0.000 | 0.000 | 0.000  | 0.000     | 528.000   | 528.000       | 176.000   |
| 1      | 0   | 1      | 0     | 0    | 0   | GET    | /isu/15063e10-26fc-4dac-ae3a-1f195e0c6c4a/graph     | 0.000 | 0.000 | 0.000    | 0.000 | 0.000 | 0.000 | 0.000 | 0.000  | 528.000   | 528.000   | 528.000       | 528.000   |
| 1      | 0   | 1      | 0     | 0    | 0   | GET    | /isu/b82dcff4-8fae-4773-9956-22ab354adb7e/graph     | 0.000 | 0.000 | 0.000    | 0.000 | 0.000 | 0.000 | 0.000 | 0.000  | 528.000   | 528.000   | 528.000       | 528.000   |
| 1      | 0   | 1      | 0     | 0    | 0   | GET    | /api/isu/b82dcff4-8fae-4773-9956-22ab354adb7e       | 0.000 | 0.000 | 0.000    | 0.000 | 0.000 | 0.000 | 0.000 | 0.000  | 136.000   | 136.000   | 136.000       | 136.000   |
| 3      | 0   | 1      | 2     | 0    | 0   | GET    | /isu/15063e10-26fc-4dac-ae3a-1f195e0c6c4a/condition | 0.000 | 0.000 | 0.000    | 0.000 | 0.000 | 0.000 | 0.000 | 0.000  | 0.000     | 528.000   | 528.000       | 176.000   |
| 3      | 0   | 1      | 2     | 0    | 0   | GET    | /isu/8fb74e6e-4f8d-4a33-9862-dbcdc0712c7e/condition | 0.000 | 0.000 | 0.000    | 0.000 | 0.000 | 0.000 | 0.000 | 0.000  | 0.000     | 528.000   | 528.000       | 176.000   |
| 1      | 0   | 1      | 0     | 0    | 0   | GET    | /isu/8fb74e6e-4f8d-4a33-9862-dbcdc0712c7e/graph     | 0.000 | 0.000 | 0.000    | 0.000 | 0.000 | 0.000 | 0.000 | 0.000  | 528.000   | 528.000   | 528.000       | 528.000   |
| 2      | 0   | 0      | 0     | 2    | 0   | GET    | /api/isu/a78380b5-052e-49d4-a71a-8f8995e5c9cf/icon  | 0.000 | 0.000 | 0.000    | 0.000 | 0.000 | 0.000 | 0.000 | 0.000  | 14.000    | 21.000    | 35.000        | 17.500    |
| 1      | 0   | 1      | 0     | 0    | 0   | GET    | /isu/8fb74e6e-4f8d-4a33-9862-dbcdc0712c7e           | 0.000 | 0.000 | 0.000    | 0.000 | 0.000 | 0.000 | 0.000 | 0.000  | 528.000   | 528.000   | 528.000       | 528.000   |
| 1      | 0   | 1      | 0     | 0    | 0   | GET    | /isu/cab99f63-bb3a-4648-b6df-376396f2c7ab           | 0.000 | 0.000 | 0.000    | 0.000 | 0.000 | 0.000 | 0.000 | 0.000  | 528.000   | 528.000   | 528.000       | 528.000   |
| 1      | 0   | 1      | 0     | 0    | 0   | GET    | /api/isu/a8cfab7d-9050-437a-a7f8-293c6a7371cd       | 0.000 | 0.000 | 0.000    | 0.000 | 0.000 | 0.000 | 0.000 | 0.000  | 137.000   | 137.000   | 137.000       | 137.000   |
| 1      | 0   | 1      | 0     | 0    | 0   | GET    | /isu/8469e6f6-0d29-4052-87cf-dd9bfde45014/graph     | 0.000 | 0.000 | 0.000    | 0.000 | 0.000 | 0.000 | 0.000 | 0.000  | 528.000   | 528.000   | 528.000       | 528.000   |
| 1      | 0   | 1      | 0     | 0    | 0   | GET    | /isu/cab99f63-bb3a-4648-b6df-376396f2c7ab/graph     | 0.000 | 0.000 | 0.000    | 0.000 | 0.000 | 0.000 | 0.000 | 0.000  | 528.000   | 528.000   | 528.000       | 528.000   |
| 3      | 0   | 1      | 2     | 0    | 0   | GET    | /isu/cab99f63-bb3a-4648-b6df-376396f2c7ab/condition | 0.000 | 0.000 | 0.000    | 0.000 | 0.000 | 0.000 | 0.000 | 0.000  | 0.000     | 528.000   | 528.000       | 176.000   |
| 2      | 0   | 0      | 0     | 2    | 0   | GET    | /api/isu/b82dcff4-8fae-4773-9956-22ab354adb7e/icon  | 0.000 | 0.000 | 0.000    | 0.000 | 0.000 | 0.000 | 0.000 | 0.000  | 14.000    | 21.000    | 35.000        | 17.500    |
| 3      | 0   | 1      | 2     | 0    | 0   | GET    | /register                                           | 0.000 | 0.000 | 0.000    | 0.000 | 0.000 | 0.000 | 0.000 | 0.000  | 0.000     | 528.000   | 528.000       | 176.000   |
| 2      | 0   | 0      | 0     | 2    | 0   | GET    | /api/isu/dd10c433-f8e7-4877-9266-75b4ec941f4e/icon  | 0.000 | 0.000 | 0.000    | 0.000 | 0.000 | 0.000 | 0.000 | 0.000  | 14.000    | 21.000    | 35.000        | 17.500    |
| 2      | 0   | 0      | 0     | 2    | 0   | GET    | /api/isu/c648b087-fe00-4ea2-a524-b2e80555893f/icon  | 0.000 | 0.000 | 0.000    | 0.000 | 0.000 | 0.000 | 0.000 | 0.000  | 14.000    | 21.000    | 35.000        | 17.500    |
+--------+-----+--------+-------+------+-----+--------+-----------------------------------------------------+-------+-------+----------+-------+-------+-------+-------+--------+-----------+-----------+---------------+-----------+
