+--------+-----+--------+-----+-----+-----+--------+-----------------------------------------------------+-------+-------+---------+-------+-------+-------+-------+--------+-----------+-----------+--------------+-----------+
| COUNT  | 1XX |  2XX   | 3XX | 4XX | 5XX | METHOD |                         URI                         |  MIN  |  MAX  |   SUM   |  AVG  |  P90  |  P95  |  P99  | STDDEV | MIN(BODY) | MAX(BODY) |  SUM(BODY)   | AVG(BODY) |
+--------+-----+--------+-----+-----+-----+--------+-----------------------------------------------------+-------+-------+---------+-------+-------+-------+-------+--------+-----------+-----------+--------------+-----------+
| 412    | 0   | 408    | 0   | 4   | 0   | POST   | /api/isu                                            | 0.048 | 0.544 | 57.495  | 0.140 | 0.244 | 0.280 | 0.412 | 0.080  | 15.000    | 141.000   | 49742.000    | 120.733   |
| 1      | 0   | 1      | 0   | 0   | 0   | POST   | /initialize                                         | 0.136 | 0.136 | 0.136   | 0.136 | 0.136 | 0.136 | 0.136 | 0.000  | 18.000    | 18.000    | 18.000       | 18.000    |
| 1      | 0   | 1      | 0   | 0   | 0   | GET    | /api/isu/fb822dae-af35-490c-b6b4-bf03fab0d5b1       | 0.032 | 0.032 | 0.032   | 0.032 | 0.032 | 0.032 | 0.032 | 0.000  | 123.000   | 123.000   | 123.000      | 123.000   |
| 3      | 0   | 3      | 0   | 0   | 0   | GET    | /api/isu/bc22c08a-b1df-488d-acde-cc6c9053e2da/graph | 0.016 | 0.056 | 0.096   | 0.032 | 0.056 | 0.056 | 0.056 | 0.017  | 424.000   | 566.000   | 1488.000     | 496.000   |
| 1      | 0   | 1      | 0   | 0   | 0   | GET    | /api/isu/c1b5abf5-8cc7-461c-af7f-235bbfe9cb4d       | 0.028 | 0.028 | 0.028   | 0.028 | 0.028 | 0.028 | 0.028 | 0.000  | 120.000   | 120.000   | 120.000      | 120.000   |
| 1      | 0   | 1      | 0   | 0   | 0   | GET    | /api/isu/fc1ec2fd-500a-4f82-aff5-009ceb56bbe1       | 0.028 | 0.028 | 0.028   | 0.028 | 0.028 | 0.028 | 0.028 | 0.000  | 117.000   | 117.000   | 117.000      | 117.000   |
| 11     | 0   | 11     | 0   | 0   | 0   | GET    | /api/isu/cbc3a11a-5d13-49f9-8db0-cf5fad74223c/graph | 0.024 | 0.168 | 0.272   | 0.025 | 0.044 | 0.168 | 0.168 | 0.047  | 265.000   | 906.000   | 5885.000     | 535.000   |
| 10     | 0   | 10     | 0   | 0   | 0   | GET    | /api/isu/ebb827fa-f50b-47bc-a971-8bd4973b9ea3/graph | 0.000 | 0.152 | 0.244   | 0.024 | 0.072 | 0.152 | 0.152 | 0.047  | 267.000   | 645.000   | 4689.000     | 468.900   |
| 10     | 0   | 10     | 0   | 0   | 0   | GET    | /api/isu/ebf1d233-4ba1-4921-8326-45e4e534cd24/graph | 0.000 | 0.100 | 0.236   | 0.024 | 0.056 | 0.100 | 0.100 | 0.030  | 379.000   | 737.000   | 5113.000     | 511.300   |
| 4      | 0   | 4      | 0   | 0   | 0   | GET    | /api/isu/c717dbbd-26ac-49eb-90f5-898be7508e5c/graph | 0.000 | 0.060 | 0.080   | 0.020 | 0.060 | 0.060 | 0.060 | 0.024  | 386.000   | 501.000   | 1704.000     | 426.000   |
| 1      | 0   | 1      | 0   | 0   | 0   | GET    | /api/isu/fd1322e2-c16b-4e6e-aee1-5316ceefcf4c       | 0.020 | 0.020 | 0.020   | 0.020 | 0.020 | 0.020 | 0.020 | 0.000  | 123.000   | 123.000   | 123.000      | 123.000   |
| 10     | 0   | 10     | 0   | 0   | 0   | GET    | /api/isu/fcc6c7fc-3926-4e63-9c9d-45d2867614ce       | 0.000 | 0.140 | 0.196   | 0.020 | 0.020 | 0.140 | 0.140 | 0.041  | 132.000   | 132.000   | 1320.000     | 132.000   |
| 7      | 0   | 7      | 0   | 0   | 0   | GET    | /api/isu/d62704f9-c66d-496a-88ec-6eef2c961a60       | 0.004 | 0.112 | 0.124   | 0.018 | 0.112 | 0.112 | 0.112 | 0.039  | 123.000   | 123.000   | 861.000      | 123.000   |
| 8      | 0   | 8      | 0   | 0   | 0   | GET    | /api/isu/b58489e6-3b5b-4cfa-909f-f1b1d726e940/graph | 0.004 | 0.064 | 0.140   | 0.018 | 0.064 | 0.064 | 0.064 | 0.020  | 421.000   | 669.000   | 4046.000     | 505.750   |
| 2      | 0   | 2      | 0   | 0   | 0   | GET    | /api/isu/e21988cf-1488-42ff-9e05-96eb353f6f7e/graph | 0.004 | 0.028 | 0.032   | 0.016 | 0.028 | 0.028 | 0.028 | 0.012  | 412.000   | 475.000   | 887.000      | 443.500   |
| 4      | 0   | 4      | 0   | 0   | 0   | GET    | /api/isu/eaaf2219-c200-4103-80bd-a2cdff9ec18b/graph | 0.000 | 0.056 | 0.064   | 0.016 | 0.056 | 0.056 | 0.056 | 0.023  | 436.000   | 724.000   | 2235.000     | 558.750   |
| 4      | 0   | 4      | 0   | 0   | 0   | GET    | /api/isu/cd41e55a-6ff5-4b8e-99dd-fa5b0af6a4fb/graph | 0.000 | 0.040 | 0.064   | 0.016 | 0.040 | 0.040 | 0.040 | 0.016  | 272.000   | 558.000   | 1861.000     | 465.250   |
| 2      | 0   | 2      | 0   | 0   | 0   | GET    | /api/isu/f6364762-6f92-40f6-a55e-18863585e843       | 0.004 | 0.028 | 0.032   | 0.016 | 0.028 | 0.028 | 0.028 | 0.012  | 126.000   | 126.000   | 252.000      | 126.000   |
| 14     | 0   | 14     | 0   | 0   | 0   | GET    | /api/isu/ee4d83a8-3b4f-48b1-b73c-f20d8ef23062/graph | 0.004 | 0.140 | 0.220   | 0.016 | 0.032 | 0.140 | 0.140 | 0.036  | 271.000   | 759.000   | 7757.000     | 554.071   |
| 8      | 0   | 8      | 0   | 0   | 0   | GET    | /api/isu/e0b9782d-ebc0-46bd-8933-2175283a5c5d/graph | 0.004 | 0.072 | 0.120   | 0.015 | 0.072 | 0.072 | 0.072 | 0.023  | 272.000   | 499.000   | 3439.000     | 429.875   |
| 2      | 0   | 2      | 0   | 0   | 0   | GET    | /api/isu/dd77a8aa-782d-406d-8708-fe4bd8e1d0e7/graph | 0.008 | 0.020 | 0.028   | 0.014 | 0.020 | 0.020 | 0.020 | 0.006  | 492.000   | 497.000   | 989.000      | 494.500   |
| 6      | 0   | 6      | 0   | 0   | 0   | GET    | /api/isu/e17f66bc-95ad-44c1-92c3-ed989908d58f/graph | 0.004 | 0.028 | 0.080   | 0.013 | 0.028 | 0.028 | 0.028 | 0.008  | 270.000   | 669.000   | 2650.000     | 441.667   |
| 3      | 0   | 3      | 0   | 0   | 0   | GET    | /api/isu/c91a9ccd-1aaf-408f-ac74-b516680df3b6/graph | 0.008 | 0.020 | 0.040   | 0.013 | 0.020 | 0.020 | 0.020 | 0.005  | 379.000   | 564.000   | 1376.000     | 458.667   |
| 3      | 0   | 3      | 0   | 0   | 0   | GET    | /api/isu/c1500be4-685c-41aa-8667-e4fff8bba843/graph | 0.000 | 0.040 | 0.040   | 0.013 | 0.040 | 0.040 | 0.040 | 0.019  | 371.000   | 582.000   | 1433.000     | 477.667   |
| 9      | 0   | 9      | 0   | 0   | 0   | GET    | /api/isu/e96a2862-e11a-49dd-a27d-3e333bb2a74e/graph | 0.008 | 0.060 | 0.120   | 0.013 | 0.060 | 0.060 | 0.060 | 0.019  | 264.000   | 731.000   | 4160.000     | 462.222   |
| 18     | 0   | 16     | 0   | 2   | 0   | GET    | /api/isu/cbc3a11a-5d13-49f9-8db0-cf5fad74223c       | 0.004 | 0.072 | 0.236   | 0.013 | 0.040 | 0.072 | 0.072 | 0.018  | 14.000    | 120.000   | 1955.000     | 108.611   |
| 4      | 0   | 4      | 0   | 0   | 0   | GET    | /api/isu/a701a3c1-ccd6-44c9-a93f-b34c44f220c7       | 0.000 | 0.048 | 0.052   | 0.013 | 0.048 | 0.048 | 0.048 | 0.020  | 123.000   | 123.000   | 492.000      | 123.000   |
| 6      | 0   | 6      | 0   | 0   | 0   | GET    | /api/isu/d03ae288-5ad0-4e99-98f8-51ee83a1e4a2/graph | 0.004 | 0.024 | 0.072   | 0.012 | 0.024 | 0.024 | 0.024 | 0.006  | 373.000   | 653.000   | 3055.000     | 509.167   |
| 4      | 0   | 4      | 0   | 0   | 0   | GET    | /api/isu/d1c7dbb4-d6e0-409b-a0c6-0bd52677199c       | 0.004 | 0.036 | 0.048   | 0.012 | 0.036 | 0.036 | 0.036 | 0.014  | 126.000   | 126.000   | 504.000      | 126.000   |
| 4      | 0   | 4      | 0   | 0   | 0   | GET    | /api/isu/d5a886b6-aba3-4f0c-9457-59456b78874e/graph | 0.004 | 0.028 | 0.048   | 0.012 | 0.028 | 0.028 | 0.028 | 0.011  | 267.000   | 596.000   | 1829.000     | 457.250   |
| 1      | 0   | 1      | 0   | 0   | 0   | GET    | /api/isu/fa133164-5fac-4fd8-bac4-4e0a5450cee3       | 0.012 | 0.012 | 0.012   | 0.012 | 0.012 | 0.012 | 0.012 | 0.000  | 111.000   | 111.000   | 111.000      | 111.000   |
| 1      | 0   | 1      | 0   | 0   | 0   | GET    | /api/isu/b617f3b5-d9c9-40cf-80f2-1468df0415c8       | 0.012 | 0.012 | 0.012   | 0.012 | 0.012 | 0.012 | 0.012 | 0.000  | 120.000   | 120.000   | 120.000      | 120.000   |
| 4      | 0   | 4      | 0   | 0   | 0   | GET    | /api/isu/a8680374-01bc-4241-8ed6-5a774ccb2b11       | 0.004 | 0.036 | 0.048   | 0.012 | 0.036 | 0.036 | 0.036 | 0.014  | 129.000   | 129.000   | 516.000      | 129.000   |
| 7      | 0   | 7      | 0   | 0   | 0   | GET    | /api/isu/d12813da-ab80-42e3-b3d9-b86c8295a960       | 0.004 | 0.048 | 0.084   | 0.012 | 0.048 | 0.048 | 0.048 | 0.015  | 117.000   | 117.000   | 819.000      | 117.000   |
| 7      | 0   | 7      | 0   | 0   | 0   | GET    | /api/isu/de22b254-59e0-4403-9060-8f4257ed9c1d       | 0.012 | 0.036 | 0.084   | 0.012 | 0.036 | 0.036 | 0.036 | 0.013  | 114.000   | 114.000   | 798.000      | 114.000   |
| 7      | 0   | 7      | 0   | 0   | 0   | GET    | /api/isu/de22b254-59e0-4403-9060-8f4257ed9c1d/graph | 0.004 | 0.040 | 0.080   | 0.011 | 0.040 | 0.040 | 0.040 | 0.012  | 267.000   | 566.000   | 2794.000     | 399.143   |
| 7      | 0   | 7      | 0   | 0   | 0   | GET    | /api/isu/d2c0ba65-b030-47bb-a1f0-dd1841c54c59       | 0.004 | 0.052 | 0.076   | 0.011 | 0.052 | 0.052 | 0.052 | 0.017  | 112.000   | 112.000   | 784.000      | 112.000   |
| 15     | 0   | 15     | 0   | 0   | 0   | GET    | /api/isu/d664291d-c80c-4556-aba9-05d18331d60d       | 0.004 | 0.092 | 0.160   | 0.011 | 0.028 | 0.092 | 0.092 | 0.023  | 123.000   | 123.000   | 1845.000     | 123.000   |
| 27     | 0   | 27     | 0   | 0   | 0   | GET    | /api/isu/cac9a5cc-af6b-42df-8213-63d7fbc14382/graph | 0.024 | 0.168 | 0.272   | 0.010 | 0.020 | 0.024 | 0.168 | 0.032  | 273.000   | 829.000   | 14330.000    | 530.741   |
| 2      | 0   | 2      | 0   | 0   | 0   | GET    | /api/isu/bda8c362-f484-4676-8477-f792cc803827/graph | 0.004 | 0.016 | 0.020   | 0.010 | 0.016 | 0.016 | 0.016 | 0.006  | 272.000   | 444.000   | 716.000      | 358.000   |
| 10     | 0   | 10     | 0   | 0   | 0   | GET    | /api/isu/d664291d-c80c-4556-aba9-05d18331d60d/graph | 0.000 | 0.044 | 0.100   | 0.010 | 0.032 | 0.044 | 0.044 | 0.014  | 272.000   | 652.000   | 4774.000     | 477.400   |
| 4      | 0   | 4      | 0   | 0   | 0   | GET    | /api/isu/a8760214-d8e8-43dd-8b66-e17797a5fee1       | 0.016 | 0.020 | 0.040   | 0.010 | 0.020 | 0.020 | 0.020 | 0.008  | 117.000   | 117.000   | 468.000      | 117.000   |
| 6      | 0   | 6      | 0   | 0   | 0   | GET    | /api/isu/d12813da-ab80-42e3-b3d9-b86c8295a960/graph | 0.024 | 0.024 | 0.060   | 0.010 | 0.024 | 0.024 | 0.024 | 0.009  | 270.000   | 592.000   | 2701.000     | 450.167   |
| 8      | 0   | 8      | 0   | 0   | 0   | GET    | /api/isu/f95ad1f4-ca2e-490b-9b41-cb94cfd1c406/graph | 0.012 | 0.028 | 0.080   | 0.010 | 0.028 | 0.028 | 0.028 | 0.009  | 266.000   | 760.000   | 3964.000     | 495.500   |
| 10     | 0   | 10     | 0   | 0   | 0   | GET    | /api/isu/f95ad1f4-ca2e-490b-9b41-cb94cfd1c406       | 0.004 | 0.024 | 0.100   | 0.010 | 0.020 | 0.024 | 0.024 | 0.009  | 111.000   | 111.000   | 1110.000     | 111.000   |
| 2      | 0   | 2      | 0   | 0   | 0   | GET    | /api/isu/b20f61c2-2b74-4f22-bec6-a1c96001b97b/graph | 0.004 | 0.016 | 0.020   | 0.010 | 0.016 | 0.016 | 0.016 | 0.006  | 376.000   | 496.000   | 872.000      | 436.000   |
| 4      | 0   | 4      | 0   | 0   | 0   | GET    | /api/isu/f8e2053c-eb55-4f55-8758-0b0eabe5be89       | 0.004 | 0.036 | 0.040   | 0.010 | 0.036 | 0.036 | 0.036 | 0.015  | 129.000   | 129.000   | 516.000      | 129.000   |
| 4      | 0   | 4      | 0   | 0   | 0   | GET    | /api/isu/eaaf2219-c200-4103-80bd-a2cdff9ec18b       | 0.004 | 0.036 | 0.040   | 0.010 | 0.036 | 0.036 | 0.036 | 0.015  | 120.000   | 120.000   | 480.000      | 120.000   |
| 4      | 0   | 4      | 0   | 0   | 0   | GET    | /api/isu/dc3672cb-9f72-4825-af4b-305cd60e973b       | 0.004 | 0.036 | 0.040   | 0.010 | 0.036 | 0.036 | 0.036 | 0.015  | 123.000   | 123.000   | 492.000      | 123.000   |
| 16     | 0   | 16     | 0   | 0   | 0   | GET    | /api/isu/f5ae158b-70cf-40e4-89c8-709979715e46       | 0.004 | 0.088 | 0.156   | 0.010 | 0.020 | 0.088 | 0.088 | 0.021  | 125.000   | 125.000   | 2000.000     | 125.000   |
| 29     | 0   | 29     | 0   | 0   | 0   | GET    | /api/isu/e70c89e2-4c30-4260-9cf0-bff990ad4faa/graph | 0.024 | 0.152 | 0.280   | 0.010 | 0.020 | 0.024 | 0.152 | 0.027  | 271.000   | 882.000   | 16061.000    | 553.828   |
| 3      | 0   | 3      | 0   | 0   | 0   | GET    | /api/isu/e1722bbc-885f-49c6-9a90-20fd06d23912       | 0.004 | 0.012 | 0.028   | 0.009 | 0.012 | 0.012 | 0.012 | 0.004  | 120.000   | 120.000   | 360.000      | 120.000   |
| 3      | 0   | 3      | 0   | 0   | 0   | GET    | /api/isu/e2d93110-6616-4136-abfc-a0c6c579e591/graph | 0.000 | 0.016 | 0.028   | 0.009 | 0.016 | 0.016 | 0.016 | 0.007  | 264.000   | 375.000   | 906.000      | 302.000   |
| 12     | 0   | 12     | 0   | 0   | 0   | GET    | /api/isu/bbf77bf3-46f7-478a-94ea-02d72ab4559d/graph | 0.004 | 0.064 | 0.112   | 0.009 | 0.020 | 0.064 | 0.064 | 0.018  | 270.000   | 501.000   | 4857.000     | 404.750   |
| 3      | 0   | 3      | 0   | 0   | 0   | GET    | /api/isu/cbef00f5-91bd-49ff-b5ef-a312bd0df9c6/graph | 0.000 | 0.020 | 0.028   | 0.009 | 0.020 | 0.020 | 0.020 | 0.008  | 477.000   | 693.000   | 1738.000     | 579.333   |
| 3      | 0   | 3      | 0   | 0   | 0   | GET    | /api/isu/f8e2053c-eb55-4f55-8758-0b0eabe5be89/graph | 0.000 | 0.016 | 0.028   | 0.009 | 0.016 | 0.016 | 0.016 | 0.007  | 417.000   | 492.000   | 1360.000     | 453.333   |
| 4      | 0   | 4      | 0   | 0   | 0   | GET    | /api/isu/ca8eaedd-7bc1-4b92-867b-cb3201491c33       | 0.000 | 0.016 | 0.036   | 0.009 | 0.016 | 0.016 | 0.016 | 0.006  | 124.000   | 124.000   | 496.000      | 124.000   |
| 11     | 0   | 11     | 0   | 0   | 0   | GET    | /api/isu/f53b6cee-50a5-4f18-9f06-da7242798c1a/graph | 0.004 | 0.040 | 0.096   | 0.009 | 0.032 | 0.040 | 0.040 | 0.013  | 265.000   | 931.000   | 6334.000     | 575.818   |
| 17     | 0   | 17     | 0   | 0   | 0   | GET    | /api/isu/e100a05d-9b2a-4ffa-b8b8-6340becb0b80/graph | 0.004 | 0.024 | 0.140   | 0.008 | 0.020 | 0.024 | 0.024 | 0.007  | 265.000   | 895.000   | 9450.000     | 555.882   |
| 2      | 0   | 2      | 0   | 0   | 0   | GET    | /api/isu/ede4b6da-6d2e-4f55-a729-3680b787777c       | 0.000 | 0.016 | 0.016   | 0.008 | 0.016 | 0.016 | 0.016 | 0.008  | 120.000   | 120.000   | 240.000      | 120.000   |
| 1      | 0   | 1      | 0   | 0   | 0   | GET    | /api/isu/c59501bd-c614-4731-b2a2-f96edece2860       | 0.008 | 0.008 | 0.008   | 0.008 | 0.008 | 0.008 | 0.008 | 0.000  | 135.000   | 135.000   | 135.000      | 135.000   |
| 4      | 0   | 4      | 0   | 0   | 0   | GET    | /api/isu/dc54721a-0fbd-44d7-9cf4-88a2be635c48       | 0.000 | 0.016 | 0.032   | 0.008 | 0.016 | 0.016 | 0.016 | 0.006  | 132.000   | 132.000   | 528.000      | 132.000   |
| 11     | 0   | 7      | 0   | 4   | 0   | GET    | /api/isu/d62704f9-c66d-496a-88ec-6eef2c961a60/graph | 0.012 | 0.044 | 0.088   | 0.008 | 0.012 | 0.044 | 0.044 | 0.012  | 14.000    | 619.000   | 3678.000     | 334.364   |
| 1      | 0   | 1      | 0   | 0   | 0   | GET    | /api/isu/c617bab7-7d34-4c50-a083-25cbf74644df       | 0.008 | 0.008 | 0.008   | 0.008 | 0.008 | 0.008 | 0.008 | 0.000  | 114.000   | 114.000   | 114.000      | 114.000   |
| 1      | 0   | 1      | 0   | 0   | 0   | GET    | /api/isu/e2e9407b-517e-4726-ba40-48534a63d3e7       | 0.008 | 0.008 | 0.008   | 0.008 | 0.008 | 0.008 | 0.008 | 0.000  | 123.000   | 123.000   | 123.000      | 123.000   |
| 1      | 0   | 1      | 0   | 0   | 0   | GET    | /api/isu/c1c3fcda-8437-407d-a8bf-c766341935d2       | 0.008 | 0.008 | 0.008   | 0.008 | 0.008 | 0.008 | 0.008 | 0.000  | 120.000   | 120.000   | 120.000      | 120.000   |
| 1      | 0   | 1      | 0   | 0   | 0   | GET    | /api/isu/a23fe56a-0010-47f0-9d73-24826e7e2d20       | 0.008 | 0.008 | 0.008   | 0.008 | 0.008 | 0.008 | 0.008 | 0.000  | 126.000   | 126.000   | 126.000      | 126.000   |
| 3      | 0   | 3      | 0   | 0   | 0   | GET    | /api/isu/f4e97958-02b3-40cf-9a6c-0233e4746b9c/graph | 0.004 | 0.020 | 0.024   | 0.008 | 0.020 | 0.020 | 0.020 | 0.009  | 389.000   | 624.000   | 1492.000     | 497.333   |
| 4      | 0   | 4      | 0   | 0   | 0   | GET    | /api/isu/d5c98123-da71-4b29-acc4-56f182b0985e       | 0.004 | 0.020 | 0.032   | 0.008 | 0.020 | 0.020 | 0.020 | 0.007  | 120.000   | 120.000   | 480.000      | 120.000   |
| 4      | 0   | 4      | 0   | 0   | 0   | GET    | /api/isu/ff2d9279-fe49-43b1-984d-b2b8450b05d8       | 0.008 | 0.012 | 0.032   | 0.008 | 0.012 | 0.012 | 0.012 | 0.005  | 120.000   | 120.000   | 480.000      | 120.000   |
| 5      | 0   | 5      | 0   | 0   | 0   | GET    | /api/isu/ca42c813-30ad-450d-bc15-c4982e9771b3/graph | 0.004 | 0.016 | 0.040   | 0.008 | 0.016 | 0.016 | 0.016 | 0.004  | 269.000   | 604.000   | 2414.000     | 482.800   |
| 1      | 0   | 1      | 0   | 0   | 0   | GET    | /api/isu/cb2861ba-1772-4ede-a1ad-738075b24e7b       | 0.008 | 0.008 | 0.008   | 0.008 | 0.008 | 0.008 | 0.008 | 0.000  | 114.000   | 114.000   | 114.000      | 114.000   |
| 4      | 0   | 4      | 0   | 0   | 0   | GET    | /api/isu/bc22c08a-b1df-488d-acde-cc6c9053e2da       | 0.000 | 0.012 | 0.032   | 0.008 | 0.012 | 0.012 | 0.012 | 0.005  | 123.000   | 123.000   | 492.000      | 123.000   |
| 4      | 0   | 4      | 0   | 0   | 0   | GET    | /api/isu/cd41e55a-6ff5-4b8e-99dd-fa5b0af6a4fb       | 0.008 | 0.020 | 0.032   | 0.008 | 0.020 | 0.020 | 0.020 | 0.007  | 126.000   | 126.000   | 504.000      | 126.000   |
| 26985  | 0   | 26968  | 0   | 17  | 0   | GET    | /api/trend                                          | 0.000 | 0.308 | 197.188 | 0.007 | 0.016 | 0.028 | 0.072 | 0.016  | 0.000     | 3751.000  | 57648506.000 | 2136.317  |
| 5      | 0   | 5      | 0   | 0   | 0   | GET    | /api/isu/a65ff5f6-b3e5-4f47-ac76-12eb632a171b/graph | 0.004 | 0.008 | 0.036   | 0.007 | 0.008 | 0.008 | 0.008 | 0.002  | 270.000   | 725.000   | 2583.000     | 516.600   |
| 10     | 0   | 10     | 0   | 0   | 0   | GET    | /api/isu/ebb827fa-f50b-47bc-a971-8bd4973b9ea3       | 0.004 | 0.044 | 0.072   | 0.007 | 0.012 | 0.044 | 0.044 | 0.013  | 126.000   | 126.000   | 1260.000     | 126.000   |
| 4      | 0   | 4      | 0   | 0   | 0   | GET    | /api/isu/e001ec34-ffa7-48cb-897e-fe118d73bb9c       | 0.004 | 0.012 | 0.028   | 0.007 | 0.012 | 0.012 | 0.012 | 0.003  | 120.000   | 120.000   | 480.000      | 120.000   |
| 7      | 0   | 7      | 0   | 0   | 0   | GET    | /api/isu/c61c7666-c8cd-4bb3-9403-fef7b3275c33/graph | 0.004 | 0.024 | 0.048   | 0.007 | 0.024 | 0.024 | 0.024 | 0.007  | 272.000   | 589.000   | 3144.000     | 449.143   |
| 7      | 0   | 7      | 0   | 0   | 0   | GET    | /api/isu/ebf1d233-4ba1-4921-8326-45e4e534cd24       | 0.000 | 0.044 | 0.048   | 0.007 | 0.044 | 0.044 | 0.044 | 0.015  | 135.000   | 135.000   | 945.000      | 135.000   |
| 3      | 0   | 3      | 0   | 0   | 0   | GET    | /api/isu/dedc2733-1822-4002-92bf-508ba94b9474       | 0.004 | 0.008 | 0.020   | 0.007 | 0.008 | 0.008 | 0.008 | 0.002  | 126.000   | 126.000   | 378.000      | 126.000   |
| 56     | 0   | 56     | 0   | 0   | 0   | GET    | /api/isu/d4fb8797-73f3-4d17-a1d9-322f82166c6a/graph | 0.004 | 0.068 | 0.360   | 0.006 | 0.012 | 0.016 | 0.068 | 0.010  | 273.000   | 796.000   | 30584.000    | 546.143   |
| 10     | 0   | 10     | 0   | 0   | 0   | GET    | /api/isu/e96a2862-e11a-49dd-a27d-3e333bb2a74e       | 0.004 | 0.024 | 0.064   | 0.006 | 0.020 | 0.024 | 0.024 | 0.008  | 129.000   | 129.000   | 1290.000     | 129.000   |
| 5      | 0   | 5      | 0   | 0   | 0   | GET    | /api/isu/d2c0ba65-b030-47bb-a1f0-dd1841c54c59/graph | 0.000 | 0.024 | 0.032   | 0.006 | 0.024 | 0.024 | 0.024 | 0.009  | 272.000   | 622.000   | 2300.000     | 460.000   |
| 7      | 0   | 7      | 0   | 0   | 0   | GET    | /api/isu/b2bf19ef-25c7-4f01-b774-6c06c58678cf       | 0.024 | 0.024 | 0.044   | 0.006 | 0.024 | 0.024 | 0.024 | 0.008  | 117.000   | 117.000   | 819.000      | 117.000   |
| 50     | 0   | 48     | 0   | 2   | 0   | GET    | /api/isu/db06ea1c-e7ad-4bef-b0a1-f26de5a5b113       | 0.008 | 0.180 | 0.308   | 0.006 | 0.008 | 0.016 | 0.180 | 0.025  | 14.000    | 128.000   | 6179.000     | 123.580   |
| 42     | 0   | 42     | 0   | 0   | 0   | GET    | /api/isu/df65d261-1a79-4b1d-9ebc-1c454c3df7fc       | 0.004 | 0.140 | 0.256   | 0.006 | 0.008 | 0.016 | 0.140 | 0.021  | 120.000   | 120.000   | 5040.000     | 120.000   |
| 9818   | 0   | 9563   | 0   | 255 | 0   | GET    | /api/condition/[a-z0-9-]+                           | 0.000 | 0.252 | 59.716  | 0.006 | 0.016 | 0.024 | 0.056 | 0.013  | 0.000     | 1018.000  | 2917668.000  | 297.175   |
| 12     | 0   | 12     | 0   | 0   | 0   | GET    | /api/isu/a851cb2b-5761-44bb-9216-a53099b56c79/graph | 0.004 | 0.020 | 0.072   | 0.006 | 0.016 | 0.020 | 0.020 | 0.006  | 272.000   | 692.000   | 6399.000     | 533.250   |
| 10     | 0   | 10     | 0   | 0   | 0   | GET    | /api/isu/db910b0c-5a9e-4b24-94dd-2019bf03415d       | 0.004 | 0.028 | 0.060   | 0.006 | 0.012 | 0.028 | 0.028 | 0.008  | 126.000   | 126.000   | 1260.000     | 126.000   |
| 4      | 0   | 0      | 0   | 4   | 0   | GET    | /api/isu/aa00da9d-111b-4c51-b28d-cea36e68da26/icon  | 0.004 | 0.016 | 0.024   | 0.006 | 0.016 | 0.016 | 0.016 | 0.006  | 14.000    | 21.000    | 70.000       | 17.500    |
| 4      | 0   | 0      | 0   | 4   | 0   | GET    | /api/isu/fc99593a-d852-4ba6-9688-53c817f8a1cd/graph | 0.004 | 0.016 | 0.024   | 0.006 | 0.016 | 0.016 | 0.016 | 0.006  | 14.000    | 21.000    | 72.000       | 18.000    |
| 4      | 0   | 4      | 0   | 0   | 0   | GET    | /api/isu/ab85e7b7-0e01-42c4-ad01-6509ec408ef4       | 0.004 | 0.012 | 0.024   | 0.006 | 0.012 | 0.012 | 0.012 | 0.003  | 120.000   | 120.000   | 480.000      | 120.000   |
| 4      | 0   | 0      | 0   | 4   | 0   | GET    | /api/isu/c9add5fc-28ca-4eea-9b77-6cb90852508a/graph | 0.004 | 0.008 | 0.024   | 0.006 | 0.008 | 0.008 | 0.008 | 0.002  | 14.000    | 21.000    | 72.000       | 18.000    |
| 2      | 0   | 2      | 0   | 0   | 0   | GET    | /api/isu/c4f0b4ca-db87-45fc-9681-a8ef1f536922/graph | 0.012 | 0.012 | 0.012   | 0.006 | 0.012 | 0.012 | 0.012 | 0.006  | 386.000   | 456.000   | 842.000      | 421.000   |
| 2      | 0   | 2      | 0   | 0   | 0   | GET    | /api/isu/dc54721a-0fbd-44d7-9cf4-88a2be635c48/graph | 0.004 | 0.008 | 0.012   | 0.006 | 0.008 | 0.008 | 0.008 | 0.002  | 270.000   | 525.000   | 795.000      | 397.500   |
| 4      | 0   | 4      | 0   | 0   | 0   | GET    | /api/isu/a792ee37-2796-4caf-a63d-d41f5db4d453       | 0.000 | 0.024 | 0.024   | 0.006 | 0.024 | 0.024 | 0.024 | 0.010  | 120.000   | 120.000   | 480.000      | 120.000   |
| 4      | 0   | 4      | 0   | 0   | 0   | GET    | /api/isu/d926ae1b-4611-4bbf-8349-17cdce529be2       | 0.008 | 0.016 | 0.024   | 0.006 | 0.016 | 0.016 | 0.016 | 0.007  | 117.000   | 117.000   | 468.000      | 117.000   |
| 24     | 0   | 24     | 0   | 0   | 0   | GET    | /api/isu/df65d261-1a79-4b1d-9ebc-1c454c3df7fc/graph | 0.000 | 0.032 | 0.140   | 0.006 | 0.012 | 0.016 | 0.032 | 0.007  | 267.000   | 780.000   | 10299.000    | 429.125   |
| 40     | 0   | 40     | 0   | 0   | 0   | GET    | /api/isu/cac9a5cc-af6b-42df-8213-63d7fbc14382       | 0.072 | 0.072 | 0.232   | 0.006 | 0.012 | 0.044 | 0.072 | 0.014  | 128.000   | 128.000   | 5120.000     | 128.000   |
| 32     | 0   | 32     | 0   | 0   | 0   | GET    | /api/isu/df16bd21-af45-4d62-9e13-4a8755dcb517/graph | 0.008 | 0.016 | 0.184   | 0.006 | 0.016 | 0.016 | 0.016 | 0.006  | 271.000   | 905.000   | 16426.000    | 513.312   |
| 10     | 0   | 10     | 0   | 0   | 0   | GET    | /api/isu/f29ffd1d-c33c-40e6-a849-f5f0d577b075/graph | 0.008 | 0.024 | 0.056   | 0.006 | 0.008 | 0.024 | 0.024 | 0.007  | 272.000   | 647.000   | 4773.000     | 477.300   |
| 13     | 0   | 13     | 0   | 0   | 0   | GET    | /api/isu/e0b9782d-ebc0-46bd-8933-2175283a5c5d       | 0.000 | 0.032 | 0.072   | 0.006 | 0.008 | 0.032 | 0.032 | 0.008  | 120.000   | 120.000   | 1560.000     | 120.000   |
| 47     | 0   | 47     | 0   | 0   | 0   | GET    | /api/isu/c936ba46-7984-484d-b3c3-00a8199f6f7d/graph | 0.000 | 0.096 | 0.260   | 0.006 | 0.008 | 0.012 | 0.096 | 0.015  | 273.000   | 968.000   | 27743.000    | 590.277   |
| 8      | 0   | 8      | 0   | 0   | 0   | GET    | /api/isu/f5a367ca-7327-498c-acff-d956d60f8efb/graph | 0.004 | 0.032 | 0.044   | 0.006 | 0.032 | 0.032 | 0.032 | 0.010  | 267.000   | 830.000   | 3695.000     | 461.875   |
| 8      | 0   | 8      | 0   | 0   | 0   | GET    | /api/isu/b2bf19ef-25c7-4f01-b774-6c06c58678cf/graph | 0.000 | 0.028 | 0.044   | 0.005 | 0.028 | 0.028 | 0.028 | 0.009  | 378.000   | 617.000   | 3925.000     | 490.625   |
| 6212   | 0   | 5946   | 0   | 266 | 0   | GET    | /api/isu/[0-9]+                                     | 0.000 | 0.252 | 33.784  | 0.005 | 0.012 | 0.020 | 0.052 | 0.013  | 0.000     | 1037.000  | 1742802.000  | 280.554   |
| 163102 | 0   | 162221 | 0   | 874 | 7   | POST   | /api/condition/[a-z0-9-]+                           | 0.000 | 0.316 | 881.094 | 0.005 | 0.012 | 0.020 | 0.056 | 0.014  | 0.000     | 0.000     | 0.000        | 0.000     |
| 96     | 0   | 92     | 0   | 4   | 0   | GET    | /api/isu/b17201ee-499d-4d5c-bc2d-6591e4f75f20/graph | 0.004 | 0.060 | 0.512   | 0.005 | 0.016 | 0.024 | 0.060 | 0.009  | 14.000    | 837.000   | 50490.000    | 525.938   |
| 12     | 0   | 12     | 0   | 0   | 0   | GET    | /api/isu/ec18d417-4a4b-498e-aac2-35101cb28e19/graph | 0.004 | 0.016 | 0.064   | 0.005 | 0.012 | 0.016 | 0.016 | 0.005  | 266.000   | 664.000   | 5996.000     | 499.667   |
| 3      | 0   | 3      | 0   | 0   | 0   | GET    | /api/isu/ff2d9279-fe49-43b1-984d-b2b8450b05d8/graph | 0.004 | 0.012 | 0.016   | 0.005 | 0.012 | 0.012 | 0.012 | 0.005  | 442.000   | 670.000   | 1603.000     | 534.333   |
| 6      | 0   | 6      | 0   | 0   | 0   | GET    | /api/isu/e5d27220-fd74-4126-b38f-ebd294c4d7a8/graph | 0.004 | 0.012 | 0.032   | 0.005 | 0.012 | 0.012 | 0.012 | 0.004  | 272.000   | 669.000   | 3052.000     | 508.667   |
| 13     | 0   | 13     | 0   | 0   | 0   | GET    | /api/isu/db910b0c-5a9e-4b24-94dd-2019bf03415d/graph | 0.000 | 0.016 | 0.068   | 0.005 | 0.012 | 0.016 | 0.016 | 0.005  | 272.000   | 671.000   | 6128.000     | 471.385   |
| 10     | 0   | 10     | 0   | 0   | 0   | GET    | /api/isu/d7476401-0e49-4339-86ed-2768e0e9e8b3/graph | 0.004 | 0.012 | 0.052   | 0.005 | 0.008 | 0.012 | 0.012 | 0.004  | 265.000   | 827.000   | 5639.000     | 563.900   |
| 44     | 0   | 36     | 0   | 8   | 0   | GET    | /api/isu/cafe178f-0619-4550-bb3e-602cabb48251/graph | 0.004 | 0.088 | 0.228   | 0.005 | 0.012 | 0.024 | 0.088 | 0.014  | 14.000    | 829.000   | 20372.000    | 463.000   |
| 7      | 0   | 7      | 0   | 0   | 0   | GET    | /api/isu/e2d93110-6616-4136-abfc-a0c6c579e591       | 0.004 | 0.016 | 0.036   | 0.005 | 0.016 | 0.016 | 0.016 | 0.005  | 117.000   | 117.000   | 819.000      | 117.000   |
| 7      | 0   | 7      | 0   | 0   | 0   | GET    | /api/isu/cfaee45c-f22c-43e7-b5c6-933fdcb13fb4       | 0.000 | 0.012 | 0.036   | 0.005 | 0.012 | 0.012 | 0.012 | 0.004  | 117.000   | 117.000   | 819.000      | 117.000   |
| 7      | 0   | 7      | 0   | 0   | 0   | GET    | /api/isu/d2eb70e7-58eb-4254-b61b-7ed28f9939fd       | 0.004 | 0.020 | 0.036   | 0.005 | 0.020 | 0.020 | 0.020 | 0.007  | 126.000   | 126.000   | 882.000      | 126.000   |
| 7      | 0   | 7      | 0   | 0   | 0   | GET    | /api/isu/b58489e6-3b5b-4cfa-909f-f1b1d726e940       | 0.004 | 0.020 | 0.036   | 0.005 | 0.020 | 0.020 | 0.020 | 0.006  | 126.000   | 126.000   | 882.000      | 126.000   |
| 8      | 0   | 8      | 0   | 0   | 0   | GET    | /api/isu/e5d27220-fd74-4126-b38f-ebd294c4d7a8       | 0.004 | 0.016 | 0.040   | 0.005 | 0.016 | 0.016 | 0.016 | 0.006  | 138.000   | 138.000   | 1104.000     | 138.000   |
| 4      | 0   | 4      | 0   | 0   | 0   | GET    | /api/isu/f34bf685-1703-47aa-849e-0d48f5e0f2fc/graph | 0.004 | 0.008 | 0.020   | 0.005 | 0.008 | 0.008 | 0.008 | 0.003  | 438.000   | 556.000   | 2034.000     | 508.500   |
| 4      | 0   | 4      | 0   | 0   | 0   | GET    | /api/isu/bda8c362-f484-4676-8477-f792cc803827       | 0.000 | 0.012 | 0.020   | 0.005 | 0.012 | 0.012 | 0.012 | 0.004  | 120.000   | 120.000   | 480.000      | 120.000   |
| 4      | 0   | 4      | 0   | 0   | 0   | GET    | /api/isu/c91a9ccd-1aaf-408f-ac74-b516680df3b6       | 0.004 | 0.008 | 0.020   | 0.005 | 0.008 | 0.008 | 0.008 | 0.002  | 129.000   | 129.000   | 516.000      | 129.000   |
| 13     | 0   | 13     | 0   | 0   | 0   | GET    | /api/isu/cc7f50de-ec0b-4ca4-bbaa-5f3cdb801f22/graph | 0.004 | 0.016 | 0.064   | 0.005 | 0.012 | 0.016 | 0.016 | 0.005  | 264.000   | 675.000   | 6303.000     | 484.846   |
| 14     | 0   | 14     | 0   | 0   | 0   | GET    | /api/isu/fcf71e93-64da-42d4-b4ab-7695580d7305/graph | 0.000 | 0.016 | 0.068   | 0.005 | 0.016 | 0.016 | 0.016 | 0.006  | 265.000   | 845.000   | 7971.000     | 569.357   |
| 59     | 0   | 59     | 0   | 0   | 0   | GET    | /api/isu/e7ef02f5-31a6-4d0a-a1b9-7c5125f9996a/graph | 0.004 | 0.028 | 0.284   | 0.005 | 0.020 | 0.020 | 0.028 | 0.007  | 271.000   | 795.000   | 30008.000    | 508.610   |
| 5      | 0   | 1      | 0   | 4   | 0   | GET    | /api/isu/cab99f63-bb3a-4648-b6df-376396f2c7ab       | 0.024 | 0.024 | 0.024   | 0.005 | 0.024 | 0.024 | 0.024 | 0.010  | 14.000    | 128.000   | 198.000      | 39.600    |
| 16     | 0   | 16     | 0   | 0   | 0   | GET    | /api/isu/f53b6cee-50a5-4f18-9f06-da7242798c1a       | 0.000 | 0.028 | 0.076   | 0.005 | 0.016 | 0.028 | 0.028 | 0.008  | 134.000   | 134.000   | 2144.000     | 134.000   |
| 50     | 0   | 50     | 0   | 0   | 0   | GET    | /api/isu/ec7c5127-e759-4365-a901-5c648aa899aa/graph | 0.004 | 0.028 | 0.236   | 0.005 | 0.012 | 0.020 | 0.028 | 0.006  | 270.000   | 803.000   | 26032.000    | 520.640   |
| 13     | 0   | 13     | 0   | 0   | 0   | GET    | /api/isu/cc7f50de-ec0b-4ca4-bbaa-5f3cdb801f22       | 0.000 | 0.024 | 0.060   | 0.005 | 0.012 | 0.024 | 0.024 | 0.006  | 117.000   | 117.000   | 1521.000     | 117.000   |
| 13     | 0   | 13     | 0   | 0   | 0   | GET    | /api/isu/fcf71e93-64da-42d4-b4ab-7695580d7305       | 0.004 | 0.012 | 0.060   | 0.005 | 0.012 | 0.012 | 0.012 | 0.004  | 126.000   | 126.000   | 1638.000     | 126.000   |
| 5691   | 0   | 5656   | 0   | 35  | 0   | GET    | /api/isu                                            | 0.000 | 0.212 | 25.776  | 0.005 | 0.012 | 0.016 | 0.040 | 0.009  | 3.000     | 1213.000  | 4252065.000  | 747.156   |
| 16     | 0   | 16     | 0   | 0   | 0   | GET    | /api/isu/e100a05d-9b2a-4ffa-b8b8-6340becb0b80       | 0.000 | 0.028 | 0.072   | 0.005 | 0.016 | 0.028 | 0.028 | 0.007  | 117.000   | 117.000   | 1872.000     | 117.000   |
| 16     | 0   | 12     | 0   | 4   | 0   | GET    | /api/isu/f5ae158b-70cf-40e4-89c8-709979715e46/graph | 0.008 | 0.020 | 0.072   | 0.005 | 0.008 | 0.020 | 0.020 | 0.005  | 14.000    | 1096.000  | 6939.000     | 433.688   |
| 1421   | 0   | 1133   | 0   | 288 | 0   | POST   | /api/auth                                           | 0.004 | 0.252 | 6.368   | 0.004 | 0.012 | 0.016 | 0.044 | 0.010  | 0.000     | 19.000    | 3312.000     | 2.331     |
| 10     | 0   | 10     | 0   | 0   | 0   | GET    | /api/isu/ec18d417-4a4b-498e-aac2-35101cb28e19       | 0.000 | 0.032 | 0.044   | 0.004 | 0.008 | 0.032 | 0.032 | 0.010  | 126.000   | 126.000   | 1260.000     | 126.000   |
| 10     | 0   | 10     | 0   | 0   | 0   | GET    | /api/isu/e860aefb-e041-4322-b312-811034d63fd8/graph | 0.008 | 0.012 | 0.044   | 0.004 | 0.012 | 0.012 | 0.012 | 0.005  | 375.000   | 836.000   | 5163.000     | 516.300   |
| 76     | 0   | 76     | 0   | 0   | 0   | GET    | /api/isu/ec7c5127-e759-4365-a901-5c648aa899aa       | 0.008 | 0.052 | 0.332   | 0.004 | 0.012 | 0.012 | 0.052 | 0.008  | 131.000   | 131.000   | 9956.000     | 131.000   |
| 29     | 0   | 29     | 0   | 0   | 0   | GET    | /api/isu/ee4d83a8-3b4f-48b1-b73c-f20d8ef23062       | 0.004 | 0.032 | 0.124   | 0.004 | 0.016 | 0.016 | 0.032 | 0.007  | 123.000   | 123.000   | 3567.000     | 123.000   |
| 105    | 0   | 103    | 0   | 2   | 0   | GET    | /api/isu/b17201ee-499d-4d5c-bc2d-6591e4f75f20       | 0.000 | 0.060 | 0.448   | 0.004 | 0.008 | 0.024 | 0.052 | 0.009  | 14.000    | 122.000   | 12601.000    | 120.010   |
| 48     | 0   | 48     | 0   | 0   | 0   | GET    | /api/isu/b4370ae0-b63b-43c0-8581-868f1aac3624/graph | 0.004 | 0.024 | 0.204   | 0.004 | 0.012 | 0.020 | 0.024 | 0.006  | 271.000   | 842.000   | 25626.000    | 533.875   |
| 2007   | 0   | 1022   | 0   | 985 | 0   | GET    | /api/user/me                                        | 0.000 | 0.252 | 8.388   | 0.004 | 0.008 | 0.016 | 0.056 | 0.014  | 21.000    | 42.000    | 54629.000    | 27.219    |
| 10     | 0   | 10     | 0   | 0   | 0   | GET    | /api/isu/b7b855db-c877-43db-89b2-b4962b5a4f6d/graph | 0.004 | 0.020 | 0.040   | 0.004 | 0.004 | 0.020 | 0.020 | 0.006  | 272.000   | 843.000   | 5026.000     | 502.600   |
| 1      | 0   | 1      | 0   | 0   | 0   | GET    | /api/isu/c3256128-e513-4228-80ef-1ce823d616a1       | 0.004 | 0.004 | 0.004   | 0.004 | 0.004 | 0.004 | 0.004 | 0.000  | 123.000   | 123.000   | 123.000      | 123.000   |
| 3      | 0   | 3      | 0   | 0   | 0   | GET    | /api/isu/c00e0eeb-8263-42f8-a752-df27c620b95c/graph | 0.000 | 0.008 | 0.012   | 0.004 | 0.008 | 0.008 | 0.008 | 0.003  | 547.000   | 675.000   | 1859.000     | 619.667   |
| 2      | 0   | 2      | 0   | 0   | 0   | GET    | /api/isu/f0bb2bc7-b631-4c30-9c6f-7edfe82dcee0/graph | 0.004 | 0.004 | 0.008   | 0.004 | 0.004 | 0.004 | 0.004 | 0.000  | 564.000   | 694.000   | 1258.000     | 629.000   |
| 4      | 0   | 4      | 0   | 0   | 0   | GET    | /api/isu/c4f0b4ca-db87-45fc-9681-a8ef1f536922       | 0.004 | 0.008 | 0.016   | 0.004 | 0.008 | 0.008 | 0.008 | 0.003  | 126.000   | 126.000   | 504.000      | 126.000   |
| 1      | 0   | 1      | 0   | 0   | 0   | GET    | /api/isu/c00b3aec-088b-4ef4-9126-0490327ef681       | 0.004 | 0.004 | 0.004   | 0.004 | 0.004 | 0.004 | 0.004 | 0.000  | 132.000   | 132.000   | 132.000      | 132.000   |
| 5      | 0   | 5      | 0   | 0   | 0   | GET    | /api/isu/cbef00f5-91bd-49ff-b5ef-a312bd0df9c6       | 0.004 | 0.008 | 0.020   | 0.004 | 0.008 | 0.008 | 0.008 | 0.004  | 114.000   | 114.000   | 570.000      | 114.000   |
| 1      | 0   | 1      | 0   | 0   | 0   | GET    | /api/isu/f6f7726d-f389-4bb6-9b8d-6c2707c9063a       | 0.004 | 0.004 | 0.004   | 0.004 | 0.004 | 0.004 | 0.004 | 0.000  | 123.000   | 123.000   | 123.000      | 123.000   |
| 1      | 0   | 1      | 0   | 0   | 0   | GET    | /api/isu/abc1e966-3512-4aa8-9e08-ddf254af2de4       | 0.004 | 0.004 | 0.004   | 0.004 | 0.004 | 0.004 | 0.004 | 0.000  | 114.000   | 114.000   | 114.000      | 114.000   |
| 2      | 0   | 2      | 0   | 0   | 0   | GET    | /api/isu/e2e5fb29-3690-45a8-835c-d7e597df9cfd/graph | 0.008 | 0.008 | 0.008   | 0.004 | 0.008 | 0.008 | 0.008 | 0.004  | 439.000   | 443.000   | 882.000      | 441.000   |
| 1      | 0   | 1      | 0   | 0   | 0   | GET    | /api/isu/c0960522-ce08-4ec6-8a77-b36bea787188       | 0.004 | 0.004 | 0.004   | 0.004 | 0.004 | 0.004 | 0.004 | 0.000  | 124.000   | 124.000   | 124.000      | 124.000   |
| 4      | 0   | 4      | 0   | 0   | 0   | GET    | /api/isu/f4e97958-02b3-40cf-9a6c-0233e4746b9c       | 0.012 | 0.012 | 0.016   | 0.004 | 0.012 | 0.012 | 0.012 | 0.005  | 111.000   | 111.000   | 444.000      | 111.000   |
| 13     | 0   | 13     | 0   | 0   | 0   | GET    | /api/isu/a851cb2b-5761-44bb-9216-a53099b56c79       | 0.000 | 0.012 | 0.052   | 0.004 | 0.008 | 0.012 | 0.012 | 0.004  | 126.000   | 126.000   | 1638.000     | 126.000   |
| 2      | 0   | 0      | 0   | 2   | 0   | GET    | /api/isu/c648b087-fe00-4ea2-a524-b2e80555893f       | 0.008 | 0.008 | 0.008   | 0.004 | 0.008 | 0.008 | 0.008 | 0.004  | 14.000    | 21.000    | 35.000       | 17.500    |
| 4      | 0   | 4      | 0   | 0   | 0   | GET    | /api/isu/f34bf685-1703-47aa-849e-0d48f5e0f2fc       | 0.000 | 0.008 | 0.016   | 0.004 | 0.008 | 0.008 | 0.008 | 0.003  | 126.000   | 126.000   | 504.000      | 126.000   |
| 4      | 0   | 4      | 0   | 0   | 0   | GET    | /api/isu/b20f61c2-2b74-4f22-bec6-a1c96001b97b       | 0.004 | 0.012 | 0.016   | 0.004 | 0.012 | 0.012 | 0.012 | 0.005  | 126.000   | 126.000   | 504.000      | 126.000   |
| 2      | 0   | 2      | 0   | 0   | 0   | GET    | /api/isu/a2d56a34-8f1e-4064-b5c3-28c5d2178f70/graph | 0.004 | 0.004 | 0.008   | 0.004 | 0.004 | 0.004 | 0.004 | 0.000  | 388.000   | 492.000   | 880.000      | 440.000   |
| 5      | 0   | 5      | 0   | 0   | 0   | GET    | /api/isu/dd77a8aa-782d-406d-8708-fe4bd8e1d0e7       | 0.004 | 0.008 | 0.020   | 0.004 | 0.008 | 0.008 | 0.008 | 0.003  | 120.000   | 120.000   | 600.000      | 120.000   |
| 1      | 0   | 1      | 0   | 0   | 0   | GET    | /api/isu/ea2c5281-32d8-4f3e-8142-41c3f7a42e30       | 0.004 | 0.004 | 0.004   | 0.004 | 0.004 | 0.004 | 0.004 | 0.000  | 123.000   | 123.000   | 123.000      | 123.000   |
| 1      | 0   | 1      | 0   | 0   | 0   | GET    | /api/isu/b8b6adfa-a789-4339-9a29-fdca8082863e       | 0.004 | 0.004 | 0.004   | 0.004 | 0.004 | 0.004 | 0.004 | 0.000  | 129.000   | 129.000   | 129.000      | 129.000   |
| 1      | 0   | 1      | 0   | 0   | 0   | GET    | /api/isu/d62889a3-7a6d-4dc1-9984-15e916613362       | 0.004 | 0.004 | 0.004   | 0.004 | 0.004 | 0.004 | 0.004 | 0.000  | 117.000   | 117.000   | 117.000      | 117.000   |
| 1      | 0   | 1      | 0   | 0   | 0   | GET    | /api/isu/a61490a6-fd2c-4252-abc3-506363eb5f0a/graph | 0.004 | 0.004 | 0.004   | 0.004 | 0.004 | 0.004 | 0.004 | 0.000  | 444.000   | 444.000   | 444.000      | 444.000   |
| 2      | 0   | 2      | 0   | 0   | 0   | GET    | /api/isu/cf05bb6b-dac5-4ec3-91ba-108148e0a5b8       | 0.008 | 0.008 | 0.008   | 0.004 | 0.008 | 0.008 | 0.008 | 0.004  | 120.000   | 120.000   | 240.000      | 120.000   |
| 1      | 0   | 1      | 0   | 0   | 0   | GET    | /api/isu/c46d1b08-9b9b-4535-8366-025960e4a80f       | 0.004 | 0.004 | 0.004   | 0.004 | 0.004 | 0.004 | 0.004 | 0.000  | 123.000   | 123.000   | 123.000      | 123.000   |
| 4      | 0   | 4      | 0   | 0   | 0   | GET    | /api/isu/c8a8f1ae-b31d-4674-b123-014a1c12ad2f       | 0.000 | 0.008 | 0.016   | 0.004 | 0.008 | 0.008 | 0.008 | 0.003  | 126.000   | 126.000   | 504.000      | 126.000   |
| 1      | 0   | 1      | 0   | 0   | 0   | GET    | /api/isu/a690a443-31a3-4ffd-bf72-7a141cbd0acc       | 0.004 | 0.004 | 0.004   | 0.004 | 0.004 | 0.004 | 0.004 | 0.000  | 123.000   | 123.000   | 123.000      | 123.000   |
| 2      | 0   | 0      | 0   | 2   | 0   | GET    | /api/isu/cac9a5cc-af6b-42df-8213-63d7fbc14382/icon  | 0.004 | 0.004 | 0.008   | 0.004 | 0.004 | 0.004 | 0.004 | 0.000  | 14.000    | 21.000    | 35.000       | 17.500    |
| 7      | 0   | 7      | 0   | 0   | 0   | GET    | /api/isu/d2eb70e7-58eb-4254-b61b-7ed28f9939fd/graph | 0.000 | 0.008 | 0.028   | 0.004 | 0.008 | 0.008 | 0.008 | 0.003  | 270.000   | 539.000   | 3307.000     | 472.429   |
| 1      | 0   | 1      | 0   | 0   | 0   | GET    | /api/isu/a43eabea-5b53-4752-b935-5465e5f9111c       | 0.004 | 0.004 | 0.004   | 0.004 | 0.004 | 0.004 | 0.004 | 0.000  | 123.000   | 123.000   | 123.000      | 123.000   |
| 4      | 0   | 4      | 0   | 0   | 0   | GET    | /api/isu/a701a3c1-ccd6-44c9-a93f-b34c44f220c7/graph | 0.004 | 0.008 | 0.016   | 0.004 | 0.008 | 0.008 | 0.008 | 0.003  | 267.000   | 591.000   | 1980.000     | 495.000   |
| 4      | 0   | 4      | 0   | 0   | 0   | GET    | /api/isu/ea9136ca-0e53-48e1-8a18-d686aec64a66       | 0.000 | 0.008 | 0.016   | 0.004 | 0.008 | 0.008 | 0.008 | 0.004  | 117.000   | 117.000   | 468.000      | 117.000   |
| 46     | 0   | 46     | 0   | 0   | 0   | GET    | /api/isu/df16bd21-af45-4d62-9e13-4a8755dcb517       | 0.000 | 0.024 | 0.180   | 0.004 | 0.012 | 0.016 | 0.024 | 0.005  | 128.000   | 128.000   | 5888.000     | 128.000   |
| 66     | 0   | 62     | 0   | 4   | 0   | GET    | /api/isu/e22fbce2-d368-444d-b040-706f578a2829/graph | 0.004 | 0.028 | 0.256   | 0.004 | 0.012 | 0.020 | 0.028 | 0.007  | 14.000    | 840.000   | 30729.000    | 465.591   |
| 75     | 0   | 73     | 0   | 2   | 0   | GET    | /api/isu/e22fbce2-d368-444d-b040-706f578a2829       | 0.004 | 0.036 | 0.284   | 0.004 | 0.008 | 0.016 | 0.036 | 0.006  | 14.000    | 137.000   | 10036.000    | 133.813   |
| 91     | 0   | 87     | 0   | 4   | 0   | GET    | /api/isu/d792ae9f-cbb5-4fb6-85f6-0c06150c85b5/graph | 0.004 | 0.028 | 0.332   | 0.004 | 0.008 | 0.016 | 0.028 | 0.005  | 14.000    | 777.000   | 48357.000    | 531.396   |
| 10     | 0   | 10     | 0   | 0   | 0   | GET    | /api/isu/c61c7666-c8cd-4bb3-9403-fef7b3275c33       | 0.000 | 0.012 | 0.036   | 0.004 | 0.008 | 0.012 | 0.012 | 0.004  | 120.000   | 120.000   | 1200.000     | 120.000   |
| 64     | 0   | 64     | 0   | 0   | 0   | GET    | /api/isu/c936ba46-7984-484d-b3c3-00a8199f6f7d       | 0.076 | 0.076 | 0.228   | 0.004 | 0.008 | 0.008 | 0.076 | 0.010  | 110.000   | 110.000   | 7040.000     | 110.000   |
| 26     | 0   | 22     | 0   | 4   | 0   | GET    | /api/isu/dcc6c614-360a-4548-a1b4-2baab13073a8/graph | 0.000 | 0.028 | 0.092   | 0.004 | 0.008 | 0.020 | 0.028 | 0.006  | 14.000    | 724.000   | 11670.000    | 448.846   |
| 83     | 0   | 83     | 0   | 0   | 0   | GET    | /api/isu/e7ef02f5-31a6-4d0a-a1b9-7c5125f9996a       | 0.000 | 0.056 | 0.292   | 0.004 | 0.008 | 0.012 | 0.056 | 0.008  | 119.000   | 119.000   | 9877.000     | 119.000   |
| 36     | 0   | 32     | 0   | 4   | 0   | GET    | /api/isu/df635ebb-e377-4d5e-b2c9-30b2549d4485/graph | 0.004 | 0.024 | 0.124   | 0.003 | 0.012 | 0.016 | 0.024 | 0.006  | 14.000    | 851.000   | 17211.000    | 478.083   |
| 43     | 0   | 43     | 0   | 0   | 0   | GET    | /api/isu/e70c89e2-4c30-4260-9cf0-bff990ad4faa       | 0.072 | 0.072 | 0.148   | 0.003 | 0.004 | 0.008 | 0.072 | 0.011  | 128.000   | 128.000   | 5504.000     | 128.000   |
| 7      | 0   | 7      | 0   | 0   | 0   | GET    | /api/isu/c717dbbd-26ac-49eb-90f5-898be7508e5c       | 0.008 | 0.012 | 0.024   | 0.003 | 0.012 | 0.012 | 0.012 | 0.004  | 138.000   | 138.000   | 966.000      | 138.000   |
| 7      | 0   | 7      | 0   | 0   | 0   | GET    | /api/isu/dc3672cb-9f72-4825-af4b-305cd60e973b/graph | 0.012 | 0.012 | 0.024   | 0.003 | 0.012 | 0.012 | 0.012 | 0.004  | 267.000   | 637.000   | 3272.000     | 467.429   |
| 40     | 0   | 40     | 0   | 0   | 0   | GET    | /api/isu/ece3d217-f7a0-408e-88ec-1ae8fe3f8a33/graph | 0.008 | 0.012 | 0.132   | 0.003 | 0.008 | 0.008 | 0.012 | 0.004  | 271.000   | 839.000   | 18957.000    | 473.925   |
| 16     | 0   | 16     | 0   | 0   | 0   | GET    | /api/isu/bbf77bf3-46f7-478a-94ea-02d72ab4559d       | 0.004 | 0.016 | 0.052   | 0.003 | 0.012 | 0.016 | 0.016 | 0.005  | 132.000   | 132.000   | 2112.000     | 132.000   |
| 989    | 0   | 952    | 0   | 37  | 0   | POST   | /api/signout                                        | 0.000 | 0.140 | 3.200   | 0.003 | 0.008 | 0.012 | 0.036 | 0.009  | 0.000     | 21.000    | 777.000      | 0.786     |
| 5      | 0   | 5      | 0   | 0   | 0   | GET    | /api/isu/d926ae1b-4611-4bbf-8349-17cdce529be2/graph | 0.004 | 0.004 | 0.016   | 0.003 | 0.004 | 0.004 | 0.004 | 0.002  | 426.000   | 601.000   | 2471.000     | 494.200   |
| 28     | 0   | 28     | 0   | 0   | 0   | GET    | /api/isu/db06ea1c-e7ad-4bef-b0a1-f26de5a5b113/graph | 0.004 | 0.028 | 0.088   | 0.003 | 0.008 | 0.012 | 0.028 | 0.006  | 271.000   | 847.000   | 13654.000    | 487.643   |
| 50     | 0   | 50     | 0   | 0   | 0   | GET    | /api/isu/bccb2dc9-c682-4f8f-ad96-ed1d17809359/graph | 0.004 | 0.024 | 0.156   | 0.003 | 0.008 | 0.012 | 0.024 | 0.004  | 271.000   | 788.000   | 26922.000    | 538.440   |
| 58     | 0   | 58     | 0   | 0   | 0   | GET    | /api/isu/b4370ae0-b63b-43c0-8581-868f1aac3624       | 0.000 | 0.020 | 0.180   | 0.003 | 0.012 | 0.020 | 0.020 | 0.005  | 116.000   | 116.000   | 6728.000     | 116.000   |
| 102    | 0   | 100    | 0   | 2   | 0   | GET    | /api/isu/d792ae9f-cbb5-4fb6-85f6-0c06150c85b5       | 0.004 | 0.044 | 0.316   | 0.003 | 0.008 | 0.012 | 0.024 | 0.006  | 14.000    | 122.000   | 12235.000    | 119.951   |
| 34     | 0   | 34     | 0   | 0   | 0   | GET    | /api/isu/dcc6c614-360a-4548-a1b4-2baab13073a8       | 0.000 | 0.016 | 0.104   | 0.003 | 0.012 | 0.016 | 0.016 | 0.005  | 122.000   | 122.000   | 4148.000     | 122.000   |
| 4      | 0   | 4      | 0   | 0   | 0   | GET    | /api/isu/de742b67-e303-46c9-ad32-3b7bca56cbfc       | 0.004 | 0.008 | 0.012   | 0.003 | 0.008 | 0.008 | 0.008 | 0.003  | 120.000   | 120.000   | 480.000      | 120.000   |
| 4      | 0   | 0      | 0   | 4   | 0   | GET    | /api/isu/c648b087-fe00-4ea2-a524-b2e80555893f/graph | 0.000 | 0.008 | 0.012   | 0.003 | 0.008 | 0.008 | 0.008 | 0.003  | 14.000    | 21.000    | 72.000       | 18.000    |
| 4      | 0   | 4      | 0   | 0   | 0   | GET    | /api/isu/d5a886b6-aba3-4f0c-9457-59456b78874e       | 0.008 | 0.008 | 0.012   | 0.003 | 0.008 | 0.008 | 0.008 | 0.003  | 120.000   | 120.000   | 480.000      | 120.000   |
| 4      | 0   | 4      | 0   | 0   | 0   | GET    | /api/isu/f0bb2bc7-b631-4c30-9c6f-7edfe82dcee0       | 0.004 | 0.004 | 0.012   | 0.003 | 0.004 | 0.004 | 0.004 | 0.002  | 126.000   | 126.000   | 504.000      | 126.000   |
| 4      | 0   | 4      | 0   | 0   | 0   | GET    | /api/isu/ba907a5a-7d2c-412c-b300-21d03397f6e9/graph | 0.000 | 0.004 | 0.012   | 0.003 | 0.004 | 0.004 | 0.004 | 0.002  | 378.000   | 633.000   | 1980.000     | 495.000   |
| 4      | 0   | 4      | 0   | 0   | 0   | GET    | /api/isu/a61490a6-fd2c-4252-abc3-506363eb5f0a       | 0.004 | 0.008 | 0.012   | 0.003 | 0.008 | 0.008 | 0.008 | 0.003  | 123.000   | 123.000   | 492.000      | 123.000   |
| 4      | 0   | 4      | 0   | 0   | 0   | GET    | /api/isu/d03ae288-5ad0-4e99-98f8-51ee83a1e4a2       | 0.000 | 0.008 | 0.012   | 0.003 | 0.008 | 0.008 | 0.008 | 0.003  | 120.000   | 120.000   | 480.000      | 120.000   |
| 40     | 0   | 40     | 0   | 0   | 0   | GET    | /api/isu/aa00da9d-111b-4c51-b28d-cea36e68da26       | 0.004 | 0.016 | 0.116   | 0.003 | 0.008 | 0.012 | 0.016 | 0.004  | 137.000   | 137.000   | 5480.000     | 137.000   |
| 7      | 0   | 7      | 0   | 0   | 0   | GET    | /api/isu/f5a367ca-7327-498c-acff-d956d60f8efb       | 0.000 | 0.016 | 0.020   | 0.003 | 0.016 | 0.016 | 0.016 | 0.006  | 123.000   | 123.000   | 861.000      | 123.000   |
| 10     | 0   | 10     | 0   | 0   | 0   | GET    | /api/isu/b7b855db-c877-43db-89b2-b4962b5a4f6d       | 0.000 | 0.012 | 0.028   | 0.003 | 0.004 | 0.012 | 0.012 | 0.004  | 120.000   | 120.000   | 1200.000     | 120.000   |
| 3      | 0   | 3      | 0   | 0   | 0   | GET    | /api/isu/e001ec34-ffa7-48cb-897e-fe118d73bb9c/graph | 0.004 | 0.004 | 0.008   | 0.003 | 0.004 | 0.004 | 0.004 | 0.002  | 381.000   | 786.000   | 1701.000     | 567.000   |
| 3      | 0   | 1      | 0   | 2   | 0   | GET    | /api/isu/d3f71611-ded6-4e84-9c97-e196e671d538       | 0.004 | 0.004 | 0.008   | 0.003 | 0.004 | 0.004 | 0.004 | 0.002  | 14.000    | 119.000   | 154.000      | 51.333    |
| 53     | 0   | 53     | 0   | 0   | 0   | GET    | /api/isu/ecddf092-6aa5-4239-837a-5cba1e27be2f       | 0.044 | 0.044 | 0.140   | 0.003 | 0.008 | 0.012 | 0.044 | 0.006  | 122.000   | 122.000   | 6466.000     | 122.000   |
| 64     | 0   | 64     | 0   | 0   | 0   | GET    | /api/isu/bccb2dc9-c682-4f8f-ad96-ed1d17809359       | 0.000 | 0.032 | 0.164   | 0.003 | 0.008 | 0.012 | 0.032 | 0.005  | 122.000   | 122.000   | 7808.000     | 122.000   |
| 51     | 0   | 49     | 0   | 2   | 0   | GET    | /api/isu/cafe178f-0619-4550-bb3e-602cabb48251       | 0.004 | 0.012 | 0.128   | 0.003 | 0.008 | 0.012 | 0.012 | 0.004  | 14.000    | 116.000   | 5719.000     | 112.137   |
| 8      | 0   | 8      | 0   | 0   | 0   | GET    | /api/isu/fcc6c7fc-3926-4e63-9c9d-45d2867614ce/graph | 0.000 | 0.008 | 0.020   | 0.003 | 0.008 | 0.008 | 0.008 | 0.003  | 270.000   | 638.000   | 3919.000     | 489.875   |
| 10     | 0   | 10     | 0   | 0   | 0   | GET    | /api/isu/e17f66bc-95ad-44c1-92c3-ed989908d58f       | 0.000 | 0.012 | 0.024   | 0.002 | 0.004 | 0.012 | 0.012 | 0.004  | 118.000   | 118.000   | 1180.000     | 118.000   |
| 70     | 0   | 70     | 0   | 0   | 0   | GET    | /api/isu/d4fb8797-73f3-4d17-a1d9-322f82166c6a       | 0.000 | 0.024 | 0.160   | 0.002 | 0.004 | 0.012 | 0.024 | 0.004  | 137.000   | 137.000   | 9590.000     | 137.000   |
| 7      | 0   | 7      | 0   | 0   | 0   | GET    | /api/isu/c3df1ea3-4016-4478-85c1-e304467c607b       | 0.004 | 0.004 | 0.016   | 0.002 | 0.004 | 0.004 | 0.004 | 0.002  | 114.000   | 114.000   | 798.000      | 114.000   |
| 7      | 0   | 7      | 0   | 0   | 0   | GET    | /api/isu/e860aefb-e041-4322-b312-811034d63fd8       | 0.000 | 0.016 | 0.016   | 0.002 | 0.016 | 0.016 | 0.016 | 0.006  | 129.000   | 129.000   | 903.000      | 129.000   |
| 33     | 0   | 29     | 0   | 4   | 0   | GET    | /api/isu/aa00da9d-111b-4c51-b28d-cea36e68da26/graph | 0.004 | 0.016 | 0.072   | 0.002 | 0.004 | 0.008 | 0.016 | 0.003  | 14.000    | 738.000   | 15020.000    | 455.152   |
| 55     | 0   | 55     | 0   | 0   | 0   | GET    | /api/isu/ece3d217-f7a0-408e-88ec-1ae8fe3f8a33       | 0.000 | 0.016 | 0.116   | 0.002 | 0.004 | 0.016 | 0.016 | 0.004  | 122.000   | 122.000   | 6710.000     | 122.000   |
| 46     | 0   | 46     | 0   | 0   | 0   | GET    | /api/isu/df635ebb-e377-4d5e-b2c9-30b2549d4485       | 0.004 | 0.020 | 0.092   | 0.002 | 0.004 | 0.004 | 0.020 | 0.004  | 125.000   | 125.000   | 5750.000     | 125.000   |
| 4      | 0   | 4      | 0   | 0   | 0   | GET    | /api/isu/c1500be4-685c-41aa-8667-e4fff8bba843       | 0.008 | 0.008 | 0.008   | 0.002 | 0.008 | 0.008 | 0.008 | 0.003  | 120.000   | 120.000   | 480.000      | 120.000   |
| 2      | 0   | 2      | 0   | 0   | 0   | GET    | /api/isu/d5c98123-da71-4b29-acc4-56f182b0985e/graph | 0.004 | 0.004 | 0.004   | 0.002 | 0.004 | 0.004 | 0.004 | 0.002  | 266.000   | 476.000   | 742.000      | 371.000   |
| 2      | 0   | 2      | 0   | 0   | 0   | GET    | /api/isu/ce05e1b3-0845-4049-9e8f-0a7da59391e0       | 0.000 | 0.004 | 0.004   | 0.002 | 0.004 | 0.004 | 0.004 | 0.002  | 117.000   | 117.000   | 234.000      | 117.000   |
| 2      | 0   | 0      | 0   | 2   | 0   | GET    | /api/isu/c0a0b8b0-23da-4394-ac77-64685821ca38       | 0.004 | 0.004 | 0.004   | 0.002 | 0.004 | 0.004 | 0.004 | 0.002  | 14.000    | 21.000    | 35.000       | 17.500    |
| 6      | 0   | 6      | 0   | 0   | 0   | GET    | /api/isu/c3df1ea3-4016-4478-85c1-e304467c607b/graph | 0.004 | 0.008 | 0.012   | 0.002 | 0.008 | 0.008 | 0.008 | 0.003  | 381.000   | 710.000   | 3085.000     | 514.167   |
| 4      | 0   | 4      | 0   | 0   | 0   | GET    | /api/isu/a65ff5f6-b3e5-4f47-ac76-12eb632a171b       | 0.000 | 0.008 | 0.008   | 0.002 | 0.008 | 0.008 | 0.008 | 0.003  | 123.000   | 123.000   | 492.000      | 123.000   |
| 2      | 0   | 2      | 0   | 0   | 0   | GET    | /api/isu/a8680374-01bc-4241-8ed6-5a774ccb2b11/graph | 0.000 | 0.004 | 0.004   | 0.002 | 0.004 | 0.004 | 0.004 | 0.002  | 267.000   | 733.000   | 1000.000     | 500.000   |
| 4      | 0   | 4      | 0   | 0   | 0   | GET    | /api/isu/e21988cf-1488-42ff-9e05-96eb353f6f7e       | 0.000 | 0.004 | 0.008   | 0.002 | 0.004 | 0.004 | 0.004 | 0.002  | 123.000   | 123.000   | 492.000      | 123.000   |
| 2      | 0   | 2      | 0   | 0   | 0   | GET    | /api/isu/f2f86256-616e-48a6-8b91-3a84767d850d       | 0.004 | 0.004 | 0.004   | 0.002 | 0.004 | 0.004 | 0.004 | 0.002  | 120.000   | 120.000   | 240.000      | 120.000   |
| 2      | 0   | 0      | 0   | 2   | 0   | GET    | /api/isu/ea78c8f4-3b61-4f59-a5e3-2be4d5cc9d00       | 0.004 | 0.004 | 0.004   | 0.002 | 0.004 | 0.004 | 0.004 | 0.002  | 14.000    | 21.000    | 35.000       | 17.500    |
| 2      | 0   | 2      | 0   | 0   | 0   | GET    | /api/isu/ab85e7b7-0e01-42c4-ad01-6509ec408ef4/graph | 0.000 | 0.004 | 0.004   | 0.002 | 0.004 | 0.004 | 0.004 | 0.002  | 267.000   | 383.000   | 650.000      | 325.000   |
| 10     | 0   | 10     | 0   | 0   | 0   | GET    | /api/isu/f29ffd1d-c33c-40e6-a849-f5f0d577b075       | 0.004 | 0.004 | 0.020   | 0.002 | 0.004 | 0.004 | 0.004 | 0.002  | 117.000   | 117.000   | 1170.000     | 117.000   |
| 2      | 0   | 2      | 0   | 0   | 0   | GET    | /api/isu/d1c7dbb4-d6e0-409b-a0c6-0bd52677199c/graph | 0.000 | 0.004 | 0.004   | 0.002 | 0.004 | 0.004 | 0.004 | 0.002  | 268.000   | 390.000   | 658.000      | 329.000   |
| 2      | 0   | 0      | 0   | 2   | 0   | GET    | /api/isu/a65ff5f6-b3e5-4f47-ac76-12eb632a171b/icon  | 0.000 | 0.004 | 0.004   | 0.002 | 0.004 | 0.004 | 0.004 | 0.002  | 14.000    | 21.000    | 35.000       | 17.500    |
| 2      | 0   | 2      | 0   | 0   | 0   | GET    | /api/isu/a792ee37-2796-4caf-a63d-d41f5db4d453/graph | 0.000 | 0.004 | 0.004   | 0.002 | 0.004 | 0.004 | 0.004 | 0.002  | 452.000   | 590.000   | 1042.000     | 521.000   |
| 2      | 0   | 2      | 0   | 0   | 0   | GET    | /api/isu/a8760214-d8e8-43dd-8b66-e17797a5fee1/graph | 0.000 | 0.004 | 0.004   | 0.002 | 0.004 | 0.004 | 0.004 | 0.002  | 435.000   | 540.000   | 975.000      | 487.500   |
| 44     | 0   | 40     | 0   | 4   | 0   | GET    | /api/isu/ecddf092-6aa5-4239-837a-5cba1e27be2f/graph | 0.004 | 0.008 | 0.084   | 0.002 | 0.004 | 0.008 | 0.008 | 0.002  | 14.000    | 826.000   | 19994.000    | 454.409   |
| 5      | 0   | 5      | 0   | 0   | 0   | GET    | /api/isu/c6bd3a87-2d43-4c5e-91b7-de287537e0dd       | 0.000 | 0.004 | 0.008   | 0.002 | 0.004 | 0.004 | 0.004 | 0.002  | 120.000   | 120.000   | 600.000      | 120.000   |
| 5      | 0   | 5      | 0   | 0   | 0   | GET    | /api/isu/cfaee45c-f22c-43e7-b5c6-933fdcb13fb4/graph | 0.004 | 0.004 | 0.008   | 0.002 | 0.004 | 0.004 | 0.004 | 0.002  | 377.000   | 589.000   | 2383.000     | 476.600   |
| 13     | 0   | 13     | 0   | 0   | 0   | GET    | /api/isu/d7476401-0e49-4339-86ed-2768e0e9e8b3       | 0.000 | 0.004 | 0.016   | 0.001 | 0.004 | 0.004 | 0.004 | 0.002  | 123.000   | 123.000   | 1599.000     | 123.000   |
| 10     | 0   | 2      | 0   | 8   | 0   | GET    | /api/isu/cab99f63-bb3a-4648-b6df-376396f2c7ab/graph | 0.000 | 0.008 | 0.012   | 0.001 | 0.004 | 0.008 | 0.008 | 0.003  | 14.000    | 390.000   | 806.000      | 80.600    |
| 4      | 0   | 4      | 0   | 0   | 0   | GET    | /api/isu/ca42c813-30ad-450d-bc15-c4982e9771b3       | 0.000 | 0.004 | 0.004   | 0.001 | 0.004 | 0.004 | 0.004 | 0.002  | 126.000   | 126.000   | 504.000      | 126.000   |
| 4      | 0   | 4      | 0   | 0   | 0   | GET    | /api/isu/a2d56a34-8f1e-4064-b5c3-28c5d2178f70       | 0.000 | 0.004 | 0.004   | 0.001 | 0.004 | 0.004 | 0.004 | 0.002  | 123.000   | 123.000   | 492.000      | 123.000   |
| 4      | 0   | 4      | 0   | 0   | 0   | GET    | /api/isu/c00e0eeb-8263-42f8-a752-df27c620b95c       | 0.004 | 0.004 | 0.004   | 0.001 | 0.004 | 0.004 | 0.004 | 0.002  | 108.000   | 108.000   | 432.000      | 108.000   |
| 4      | 0   | 4      | 0   | 0   | 0   | GET    | /api/isu/e2e5fb29-3690-45a8-835c-d7e597df9cfd       | 0.000 | 0.004 | 0.004   | 0.001 | 0.004 | 0.004 | 0.004 | 0.002  | 121.000   | 121.000   | 484.000      | 121.000   |
| 5      | 0   | 5      | 0   | 0   | 0   | GET    | /api/isu/c8a8f1ae-b31d-4674-b123-014a1c12ad2f/graph | 0.000 | 0.004 | 0.004   | 0.001 | 0.004 | 0.004 | 0.004 | 0.002  | 267.000   | 628.000   | 2359.000     | 471.800   |
| 6      | 0   | 2      | 0   | 4   | 0   | GET    | /api/isu/b82dcff4-8fae-4773-9956-22ab354adb7e/graph | 0.000 | 0.004 | 0.004   | 0.001 | 0.004 | 0.004 | 0.004 | 0.001  | 14.000    | 516.000   | 1103.000     | 183.833   |
| 1      | 0   | 1      | 0   | 0   | 0   | GET    | /api/isu/bbad6205-c96f-49df-a121-31c8e48b6ab2       | 0.000 | 0.000 | 0.000   | 0.000 | 0.000 | 0.000 | 0.000 | 0.000  | 117.000   | 117.000   | 117.000      | 117.000   |
| 3      | 0   | 1      | 0   | 2   | 0   | GET    | /api/isu/eb104b95-3532-4828-8550-89da717b9667       | 0.000 | 0.000 | 0.000   | 0.000 | 0.000 | 0.000 | 0.000 | 0.000  | 14.000    | 121.000   | 156.000      | 52.000    |
| 1      | 0   | 1      | 0   | 0   | 0   | GET    | /api/isu/b44f0e08-2db1-4bda-8a52-e6a980317ce8       | 0.000 | 0.000 | 0.000   | 0.000 | 0.000 | 0.000 | 0.000 | 0.000  | 120.000   | 120.000   | 120.000      | 120.000   |
| 2      | 0   | 2      | 0   | 0   | 0   | GET    | /api/isu/c6bd3a87-2d43-4c5e-91b7-de287537e0dd/graph | 0.000 | 0.000 | 0.000   | 0.000 | 0.000 | 0.000 | 0.000 | 0.000  | 381.000   | 487.000   | 868.000      | 434.000   |
| 4      | 0   | 4      | 0   | 0   | 0   | GET    | /api/isu/ba907a5a-7d2c-412c-b300-21d03397f6e9       | 0.000 | 0.000 | 0.000   | 0.000 | 0.000 | 0.000 | 0.000 | 0.000  | 120.000   | 120.000   | 480.000      | 120.000   |
| 2      | 0   | 0      | 0   | 2   | 0   | GET    | /api/isu/df16bd21-af45-4d62-9e13-4a8755dcb517/icon  | 0.000 | 0.000 | 0.000   | 0.000 | 0.000 | 0.000 | 0.000 | 0.000  | 14.000    | 21.000    | 35.000       | 17.500    |
| 1      | 0   | 1      | 0   | 0   | 0   | GET    | /api/isu/c8e3ae9f-c394-4f5f-8225-53c8f3ad3dc1       | 0.000 | 0.000 | 0.000   | 0.000 | 0.000 | 0.000 | 0.000 | 0.000  | 126.000   | 126.000   | 126.000      | 126.000   |
| 1      | 0   | 1      | 0   | 0   | 0   | GET    | /api/isu/e7f9b82f-afde-4550-a9f3-f18bde4893f1       | 0.000 | 0.000 | 0.000   | 0.000 | 0.000 | 0.000 | 0.000 | 0.000  | 120.000   | 120.000   | 120.000      | 120.000   |
| 1      | 0   | 1      | 0   | 0   | 0   | GET    | /api/isu/c4dbd2b8-5fc6-4473-a6c0-9fd48a2172a0       | 0.000 | 0.000 | 0.000   | 0.000 | 0.000 | 0.000 | 0.000 | 0.000  | 117.000   | 117.000   | 117.000      | 117.000   |
| 2      | 0   | 0      | 0   | 2   | 0   | GET    | /api/isu/dcc6c614-360a-4548-a1b4-2baab13073a8/icon  | 0.000 | 0.000 | 0.000   | 0.000 | 0.000 | 0.000 | 0.000 | 0.000  | 14.000    | 21.000    | 35.000       | 17.500    |
| 2      | 0   | 0      | 0   | 2   | 0   | GET    | /api/isu/c648b087-fe00-4ea2-a524-b2e80555893f/icon  | 0.000 | 0.000 | 0.000   | 0.000 | 0.000 | 0.000 | 0.000 | 0.000  | 14.000    | 21.000    | 35.000       | 17.500    |
| 2      | 0   | 2      | 0   | 0   | 0   | GET    | /api/isu/ea9136ca-0e53-48e1-8a18-d686aec64a66/graph | 0.000 | 0.000 | 0.000   | 0.000 | 0.000 | 0.000 | 0.000 | 0.000  | 381.000   | 623.000   | 1004.000     | 502.000   |
| 1      | 0   | 1      | 0   | 0   | 0   | GET    | /api/isu/d31bff01-310d-45a3-96e9-d4cc45513edd       | 0.000 | 0.000 | 0.000   | 0.000 | 0.000 | 0.000 | 0.000 | 0.000  | 120.000   | 120.000   | 120.000      | 120.000   |
| 1      | 0   | 1      | 0   | 0   | 0   | GET    | /api/isu/a2df69f0-db02-4e49-9595-cec83dcbd18c       | 0.000 | 0.000 | 0.000   | 0.000 | 0.000 | 0.000 | 0.000 | 0.000  | 126.000   | 126.000   | 126.000      | 126.000   |
| 4      | 0   | 0      | 0   | 4   | 0   | GET    | /api/isu/cab99f63-bb3a-4648-b6df-376396f2c7ab/icon  | 0.000 | 0.000 | 0.000   | 0.000 | 0.000 | 0.000 | 0.000 | 0.000  | 14.000    | 21.000    | 70.000       | 17.500    |
| 1      | 0   | 1      | 0   | 0   | 0   | GET    | /api/isu/baae2d5c-0b6b-4746-b41b-b3129850b89d       | 0.000 | 0.000 | 0.000   | 0.000 | 0.000 | 0.000 | 0.000 | 0.000  | 123.000   | 123.000   | 123.000      | 123.000   |
| 1      | 0   | 1      | 0   | 0   | 0   | GET    | /api/isu/b8b5ee8c-7f85-472f-8fd3-054f88bb4210       | 0.000 | 0.000 | 0.000   | 0.000 | 0.000 | 0.000 | 0.000 | 0.000  | 114.000   | 114.000   | 114.000      | 114.000   |
| 1      | 0   | 1      | 0   | 0   | 0   | GET    | /api/isu/b82dcff4-8fae-4773-9956-22ab354adb7e       | 0.000 | 0.000 | 0.000   | 0.000 | 0.000 | 0.000 | 0.000 | 0.000  | 119.000   | 119.000   | 119.000      | 119.000   |
| 1      | 0   | 1      | 0   | 0   | 0   | GET    | /api/isu/a0cfb2e0-480f-41ab-956d-cc82d85d1cea       | 0.000 | 0.000 | 0.000   | 0.000 | 0.000 | 0.000 | 0.000 | 0.000  | 123.000   | 123.000   | 123.000      | 123.000   |
| 2      | 0   | 0      | 0   | 2   | 0   | GET    | /api/isu/e7ef02f5-31a6-4d0a-a1b9-7c5125f9996a/icon  | 0.000 | 0.000 | 0.000   | 0.000 | 0.000 | 0.000 | 0.000 | 0.000  | 14.000    | 21.000    | 35.000       | 17.500    |
| 2      | 0   | 2      | 0   | 0   | 0   | GET    | /api/isu/fc99593a-d852-4ba6-9688-53c817f8a1cd       | 0.000 | 0.000 | 0.000   | 0.000 | 0.000 | 0.000 | 0.000 | 0.000  | 134.000   | 134.000   | 268.000      | 134.000   |
| 2      | 0   | 2      | 0   | 0   | 0   | GET    | /api/isu/cc601c41-bb8d-474d-80f2-dae88741fa5b       | 0.000 | 0.000 | 0.000   | 0.000 | 0.000 | 0.000 | 0.000 | 0.000  | 122.000   | 122.000   | 244.000      | 122.000   |
| 1      | 0   | 1      | 0   | 0   | 0   | GET    | /api/isu/c1c813d6-d983-4612-9a53-957b627d738f       | 0.000 | 0.000 | 0.000   | 0.000 | 0.000 | 0.000 | 0.000 | 0.000  | 135.000   | 135.000   | 135.000      | 135.000   |
| 1      | 0   | 1      | 0   | 0   | 0   | GET    | /api/isu/ed023743-a153-4134-9ac9-80eb9a248ad0       | 0.000 | 0.000 | 0.000   | 0.000 | 0.000 | 0.000 | 0.000 | 0.000  | 123.000   | 123.000   | 123.000      | 123.000   |
| 2      | 0   | 2      | 0   | 0   | 0   | GET    | /api/isu/eb104b95-3532-4828-8550-89da717b9667/graph | 0.000 | 0.000 | 0.000   | 0.000 | 0.000 | 0.000 | 0.000 | 0.000  | 474.000   | 550.000   | 1024.000     | 512.000   |
| 1      | 0   | 1      | 0   | 0   | 0   | GET    | /api/isu/d163d3ae-5573-4720-a691-7b399e9d3f66       | 0.000 | 0.000 | 0.000   | 0.000 | 0.000 | 0.000 | 0.000 | 0.000  | 126.000   | 126.000   | 126.000      | 126.000   |
| 2      | 0   | 2      | 0   | 0   | 0   | GET    | /api/isu/de742b67-e303-46c9-ad32-3b7bca56cbfc/graph | 0.000 | 0.000 | 0.000   | 0.000 | 0.000 | 0.000 | 0.000 | 0.000  | 379.000   | 544.000   | 923.000      | 461.500   |
| 2      | 0   | 0      | 0   | 2   | 0   | GET    | /api/isu/f46ad522-d196-487e-b666-c9b000c3d458/icon  | 0.000 | 0.000 | 0.000   | 0.000 | 0.000 | 0.000 | 0.000 | 0.000  | 14.000    | 21.000    | 35.000       | 17.500    |
| 2      | 0   | 0      | 0   | 2   | 0   | GET    | /api/isu/b82dcff4-8fae-4773-9956-22ab354adb7e/icon  | 0.000 | 0.000 | 0.000   | 0.000 | 0.000 | 0.000 | 0.000 | 0.000  | 14.000    | 21.000    | 35.000       | 17.500    |
+--------+-----+--------+-----+-----+-----+--------+-----------------------------------------------------+-------+-------+---------+-------+-------+-------+-------+--------+-----------+-----------+--------------+-----------+
