+--------+-----+--------+-------+------+-----+--------+-----------------------------------------------------+-------+-------+----------+-------+-------+-------+-------+--------+-----------+-----------+---------------+-----------+
| COUNT  | 1XX |  2XX   |  3XX  | 4XX  | 5XX | METHOD |                         URI                         |  MIN  |  MAX  |   SUM    |  AVG  |  P90  |  P95  |  P99  | STDDEV | MIN(BODY) | MAX(BODY) |   SUM(BODY)   | AVG(BODY) |
+--------+-----+--------+-------+------+-----+--------+-----------------------------------------------------+-------+-------+----------+-------+-------+-------+-------+--------+-----------+-----------+---------------+-----------+
| 2      | 0   | 1      | 0     | 1    | 0   | GET    | /api/isu/cb94fe24-7893-4a8a-860c-95c7f0fd9efe       | 0.888 | 1.000 | 1.888    | 0.944 | 1.000 | 1.000 | 1.000 | 0.056  | 140.000   | 140.000   | 140.000       | 70.000    |
| 2      | 0   | 1      | 0     | 1    | 0   | GET    | /api/isu/ad417f47-5618-426d-9087-ea53cf973929       | 0.092 | 1.012 | 1.104    | 0.552 | 1.012 | 1.012 | 1.012 | 0.460  | 131.000   | 131.000   | 131.000       | 65.500    |
| 12     | 0   | 8      | 0     | 4    | 0   | GET    | /api/isu/d453f170-cf94-4507-b135-3c409116bfa9       | 0.024 | 1.040 | 5.852    | 0.488 | 1.000 | 1.040 | 1.040 | 0.429  | 0.000     | 137.000   | 1096.000      | 91.333    |
| 4      | 0   | 4      | 0     | 0    | 0   | GET    | /api/isu/be06a641-a4d7-4ddf-a25f-313dce61a064/graph | 0.008 | 0.892 | 1.640    | 0.410 | 0.892 | 0.892 | 0.892 | 0.352  | 3360.000  | 5403.000  | 18007.000     | 4501.750  |
| 5      | 0   | 3      | 0     | 2    | 0   | GET    | /api/isu/eb86a844-af12-4dee-ad67-6920e93a8d60       | 0.036 | 1.000 | 2.004    | 0.401 | 1.000 | 1.000 | 1.000 | 0.376  | 0.000     | 131.000   | 393.000       | 78.600    |
| 4      | 0   | 3      | 0     | 1    | 0   | GET    | /api/isu/a0dc5f99-d5c8-4986-bfb6-837e9a6878a0       | 0.020 | 1.004 | 1.404    | 0.351 | 1.004 | 1.004 | 1.004 | 0.389  | 137.000   | 137.000   | 411.000       | 102.750   |
| 2      | 0   | 1      | 0     | 1    | 0   | GET    | /api/isu/c0074527-7bef-4f76-821e-a1872a318444       | 0.076 | 0.624 | 0.700    | 0.350 | 0.624 | 0.624 | 0.624 | 0.274  | 0.000     | 137.000   | 137.000       | 68.500    |
| 1      | 0   | 1      | 0     | 0    | 0   | GET    | /api/isu/a6969cf4-1c60-405d-bbb4-630aba846af5       | 0.348 | 0.348 | 0.348    | 0.348 | 0.348 | 0.348 | 0.348 | 0.000  | 131.000   | 131.000   | 131.000       | 131.000   |
| 6      | 0   | 5      | 0     | 1    | 0   | GET    | /api/isu/f0a56377-9fb6-42e8-a90f-a772903350cd       | 0.028 | 1.000 | 2.076    | 0.346 | 1.000 | 1.000 | 1.000 | 0.422  | 134.000   | 134.000   | 670.000       | 111.667   |
| 1      | 0   | 1      | 0     | 0    | 0   | GET    | /api/isu/b070fd7b-edad-435f-b1cb-c3c4c60a936b       | 0.332 | 0.332 | 0.332    | 0.332 | 0.332 | 0.332 | 0.332 | 0.000  | 128.000   | 128.000   | 128.000       | 128.000   |
| 17     | 0   | 16     | 0     | 1    | 0   | GET    | /api/isu/b4501c20-447c-4079-b9ce-2270aa212b8f/graph | 0.012 | 1.000 | 5.640    | 0.332 | 0.976 | 1.000 | 1.000 | 0.338  | 3187.000  | 5382.000  | 65353.000     | 3844.294  |
| 8      | 0   | 6      | 0     | 2    | 0   | GET    | /api/isu/d1766357-8562-4654-8cd2-4bcab870b608       | 0.012 | 1.012 | 2.460    | 0.307 | 1.012 | 1.012 | 1.012 | 0.409  | 131.000   | 131.000   | 786.000       | 98.250    |
| 5      | 0   | 5      | 0     | 0    | 0   | GET    | /api/isu/e2b92dca-7071-44db-a9c0-6b26670af12c       | 0.012 | 0.544 | 1.520    | 0.304 | 0.544 | 0.544 | 0.544 | 0.189  | 140.000   | 140.000   | 700.000       | 140.000   |
| 18     | 0   | 15     | 0     | 3    | 0   | GET    | /api/isu/f48b4cf2-5a3b-4e29-8d3c-3698d3265845/graph | 0.004 | 1.004 | 5.468    | 0.304 | 1.000 | 1.004 | 1.004 | 0.383  | 4695.000  | 6009.000  | 64354.000     | 3575.222  |
| 6      | 0   | 5      | 0     | 1    | 0   | GET    | /api/isu/f0a56377-9fb6-42e8-a90f-a772903350cd/graph | 0.044 | 1.008 | 1.820    | 0.303 | 1.008 | 1.008 | 1.008 | 0.341  | 3693.000  | 5013.000  | 21510.000     | 3585.000  |
| 7      | 0   | 6      | 0     | 1    | 0   | GET    | /api/isu/d0c2aca0-915b-442f-8f15-77d2ea2d352b       | 0.040 | 1.000 | 2.064    | 0.295 | 1.000 | 1.000 | 1.000 | 0.346  | 140.000   | 140.000   | 840.000       | 120.000   |
| 8      | 0   | 7      | 0     | 1    | 0   | GET    | /api/isu/bcb51a94-309f-4c0f-a678-f17472f5dfd8       | 0.044 | 1.000 | 2.336    | 0.292 | 1.000 | 1.000 | 1.000 | 0.285  | 137.000   | 137.000   | 959.000       | 119.875   |
| 1      | 0   | 1      | 0     | 0    | 0   | GET    | /api/isu/c5f9c076-4e93-429b-bcaf-1bed70c85b3a       | 0.288 | 0.288 | 0.288    | 0.288 | 0.288 | 0.288 | 0.288 | 0.000  | 131.000   | 131.000   | 131.000       | 131.000   |
| 1      | 0   | 1      | 0     | 0    | 0   | GET    | /api/isu/e0d3cfce-7785-4414-ae7a-d26ab89247ae       | 0.288 | 0.288 | 0.288    | 0.288 | 0.288 | 0.288 | 0.288 | 0.000  | 137.000   | 137.000   | 137.000       | 137.000   |
| 1      | 0   | 1      | 0     | 0    | 0   | GET    | /api/isu/ff0e0023-edc6-4d12-a244-25b72acaada3       | 0.280 | 0.280 | 0.280    | 0.280 | 0.280 | 0.280 | 0.280 | 0.000  | 137.000   | 137.000   | 137.000       | 137.000   |
| 5      | 0   | 5      | 0     | 0    | 0   | GET    | /api/isu/fdc4585e-a58e-465a-a914-072ca32373d0       | 0.016 | 0.576 | 1.336    | 0.267 | 0.576 | 0.576 | 0.576 | 0.209  | 131.000   | 131.000   | 655.000       | 131.000   |
| 7      | 0   | 7      | 0     | 0    | 0   | GET    | /api/isu/e2b92dca-7071-44db-a9c0-6b26670af12c/graph | 0.032 | 0.532 | 1.868    | 0.267 | 0.532 | 0.532 | 0.532 | 0.193  | 3026.000  | 5575.000  | 30596.000     | 4370.857  |
| 1      | 0   | 1      | 0     | 0    | 0   | GET    | /api/isu/e8c9a7b4-288c-4b54-a6a6-a6e3b0205bb7       | 0.232 | 0.232 | 0.232    | 0.232 | 0.232 | 0.232 | 0.232 | 0.000  | 143.000   | 143.000   | 143.000       | 143.000   |
| 322    | 0   | 303    | 0     | 19   | 0   | POST   | /api/isu                                            | 0.052 | 1.024 | 72.488   | 0.225 | 0.448 | 0.704 | 1.000 | 0.210  | 128.000   | 161.000   | 41967.000     | 130.332   |
| 4      | 0   | 4      | 0     | 0    | 0   | GET    | /api/isu/f6cb4707-b009-4e0d-afc9-f7619a6fe246/graph | 0.008 | 0.508 | 0.892    | 0.223 | 0.508 | 0.508 | 0.508 | 0.187  | 2691.000  | 3696.000  | 13260.000     | 3315.000  |
| 1      | 0   | 1      | 0     | 0    | 0   | GET    | /api/isu/f161207e-a865-4e56-8a3d-c41b8754eae6       | 0.196 | 0.196 | 0.196    | 0.196 | 0.196 | 0.196 | 0.196 | 0.000  | 146.000   | 146.000   | 146.000       | 146.000   |
| 1      | 0   | 1      | 0     | 0    | 0   | GET    | /api/isu/aa8e7562-f7c6-48bb-af36-23ba8d058359       | 0.188 | 0.188 | 0.188    | 0.188 | 0.188 | 0.188 | 0.188 | 0.000  | 143.000   | 143.000   | 143.000       | 143.000   |
| 3      | 0   | 3      | 0     | 0    | 0   | GET    | /api/isu/a9b31f08-c763-404b-831c-e9590ada3094       | 0.016 | 0.452 | 0.548    | 0.183 | 0.452 | 0.452 | 0.452 | 0.192  | 134.000   | 134.000   | 402.000       | 134.000   |
| 4      | 0   | 4      | 0     | 0    | 0   | GET    | /api/isu/db58a698-665e-49fa-a360-be1104453ddc/graph | 0.084 | 0.360 | 0.716    | 0.179 | 0.360 | 0.360 | 0.360 | 0.108  | 3024.000  | 4891.000  | 16656.000     | 4164.000  |
| 11     | 0   | 11     | 0     | 0    | 0   | GET    | /api/isu/e130b7dd-a2b3-4322-9430-a5897deb5db0/graph | 0.020 | 0.400 | 1.968    | 0.179 | 0.300 | 0.400 | 0.400 | 0.106  | 2691.000  | 5893.000  | 47408.000     | 4309.818  |
| 7      | 0   | 7      | 0     | 0    | 0   | GET    | /api/isu/be06a641-a4d7-4ddf-a25f-313dce61a064       | 0.032 | 0.448 | 1.216    | 0.174 | 0.448 | 0.448 | 0.448 | 0.135  | 134.000   | 134.000   | 938.000       | 134.000   |
| 3      | 0   | 3      | 0     | 0    | 0   | GET    | /api/isu/e69fe689-913d-4d08-b991-291ae131bcc4       | 0.008 | 0.436 | 0.512    | 0.171 | 0.436 | 0.436 | 0.436 | 0.189  | 137.000   | 137.000   | 411.000       | 137.000   |
| 5      | 0   | 5      | 0     | 0    | 0   | GET    | /api/isu/c524804f-96bf-4ad1-9249-ce4b3e9cc367/graph | 0.020 | 0.340 | 0.844    | 0.169 | 0.340 | 0.340 | 0.340 | 0.110  | 2691.000  | 5221.000  | 19865.000     | 3973.000  |
| 4      | 0   | 4      | 0     | 0    | 0   | GET    | /api/isu/c6de712a-5a49-424b-bdfb-af00c0d2e913       | 0.132 | 0.268 | 0.656    | 0.164 | 0.268 | 0.268 | 0.268 | 0.109  | 140.000   | 140.000   | 560.000       | 140.000   |
| 1      | 0   | 1      | 0     | 0    | 0   | POST   | /initialize                                         | 0.164 | 0.164 | 0.164    | 0.164 | 0.164 | 0.164 | 0.164 | 0.000  | 23.000    | 23.000    | 23.000        | 23.000    |
| 7      | 0   | 6      | 0     | 1    | 0   | GET    | /api/isu/bcb51a94-309f-4c0f-a678-f17472f5dfd8/graph | 0.020 | 0.308 | 1.128    | 0.161 | 0.308 | 0.308 | 0.308 | 0.115  | 0.000     | 5869.000  | 25998.000     | 3714.000  |
| 33     | 0   | 32     | 0     | 1    | 0   | GET    | /api/isu/a373f1b2-1150-4436-97b9-c8591e8affc1/graph | 0.008 | 1.008 | 5.256    | 0.159 | 0.308 | 0.832 | 1.008 | 0.238  | 3699.000  | 5212.000  | 132479.000    | 4014.515  |
| 2      | 0   | 2      | 0     | 0    | 0   | GET    | /api/isu/e2b1cea6-f495-4817-ae3a-21c404cd8814/graph | 0.092 | 0.220 | 0.312    | 0.156 | 0.220 | 0.220 | 0.220 | 0.064  | 3694.000  | 3694.000  | 7388.000      | 3694.000  |
| 4      | 0   | 4      | 0     | 0    | 0   | GET    | /api/isu/c908840e-43b5-4168-bb54-81a2f67d14f0/graph | 0.068 | 0.256 | 0.612    | 0.153 | 0.256 | 0.256 | 0.256 | 0.072  | 3999.000  | 5411.000  | 18980.000     | 4745.000  |
| 11     | 0   | 11     | 0     | 0    | 0   | GET    | /api/isu/b46b094e-49e7-415c-9279-de7cb559fe08       | 0.004 | 0.460 | 1.631    | 0.148 | 0.359 | 0.460 | 0.460 | 0.152  | 140.000   | 140.000   | 1540.000      | 140.000   |
| 2      | 0   | 2      | 0     | 0    | 0   | GET    | /api/isu/f6926604-99af-4044-9293-49f182a42e56/graph | 0.092 | 0.204 | 0.296    | 0.148 | 0.204 | 0.204 | 0.204 | 0.056  | 3846.000  | 5057.000  | 8903.000      | 4451.500  |
| 4      | 0   | 4      | 0     | 0    | 0   | GET    | /api/isu/c7b4846e-c77d-4158-8dfa-7b427cab42b6       | 0.040 | 0.312 | 0.588    | 0.147 | 0.312 | 0.312 | 0.312 | 0.101  | 131.000   | 131.000   | 524.000       | 131.000   |
| 4      | 0   | 4      | 0     | 0    | 0   | GET    | /api/isu/db58a698-665e-49fa-a360-be1104453ddc       | 0.016 | 0.268 | 0.580    | 0.145 | 0.268 | 0.268 | 0.268 | 0.103  | 137.000   | 137.000   | 548.000       | 137.000   |
| 3      | 0   | 3      | 0     | 0    | 0   | GET    | /api/isu/f7293f39-716d-45e6-a0bb-2e1aa708a2d1/graph | 0.108 | 0.212 | 0.432    | 0.144 | 0.212 | 0.212 | 0.212 | 0.048  | 3025.000  | 4871.000  | 12277.000     | 4092.333  |
| 4      | 0   | 4      | 0     | 0    | 0   | GET    | /api/isu/c20408cd-937d-47b2-a884-727a2eb8c313/graph | 0.008 | 0.400 | 0.552    | 0.138 | 0.400 | 0.400 | 0.400 | 0.154  | 3358.000  | 4368.000  | 15740.000     | 3935.000  |
| 4      | 0   | 4      | 0     | 0    | 0   | GET    | /api/isu/f421881b-6b17-4edc-906d-de614946f5bd       | 0.012 | 0.400 | 0.552    | 0.138 | 0.400 | 0.400 | 0.400 | 0.154  | 134.000   | 134.000   | 536.000       | 134.000   |
| 6      | 0   | 6      | 0     | 0    | 0   | GET    | /api/isu/d1766357-8562-4654-8cd2-4bcab870b608/graph | 0.008 | 0.372 | 0.812    | 0.135 | 0.372 | 0.372 | 0.372 | 0.129  | 3621.000  | 5231.000  | 26422.000     | 4403.667  |
| 4      | 0   | 4      | 0     | 0    | 0   | GET    | /api/isu/f13fe32c-e2f9-4776-98a2-113de37d8ab7       | 0.012 | 0.332 | 0.524    | 0.131 | 0.332 | 0.332 | 0.332 | 0.121  | 137.000   | 137.000   | 548.000       | 137.000   |
| 4      | 0   | 4      | 0     | 0    | 0   | GET    | /api/isu/e12f0693-6fcb-43e4-be84-61998300950f       | 0.032 | 0.260 | 0.512    | 0.128 | 0.260 | 0.260 | 0.260 | 0.083  | 135.000   | 135.000   | 540.000       | 135.000   |
| 4      | 0   | 4      | 0     | 0    | 0   | GET    | /api/isu/a8c7e8bc-f690-4ba9-9734-ee1023fb5eeb       | 0.024 | 0.236 | 0.504    | 0.126 | 0.236 | 0.236 | 0.236 | 0.086  | 134.000   | 134.000   | 536.000       | 134.000   |
| 2      | 0   | 2      | 0     | 0    | 0   | GET    | /api/isu/d048f572-0ef6-42ec-97ec-11ece883a1d1/graph | 0.120 | 0.128 | 0.248    | 0.124 | 0.128 | 0.128 | 0.128 | 0.004  | 2882.000  | 4607.000  | 7489.000      | 3744.500  |
| 4      | 0   | 4      | 0     | 0    | 0   | GET    | /api/isu/f16e7fcc-e037-4157-b2c0-44dc37ff2d3f       | 0.040 | 0.308 | 0.488    | 0.122 | 0.308 | 0.308 | 0.308 | 0.108  | 146.000   | 146.000   | 584.000       | 146.000   |
| 8      | 0   | 8      | 0     | 0    | 0   | GET    | /api/isu/d0c2aca0-915b-442f-8f15-77d2ea2d352b/graph | 0.020 | 0.368 | 0.936    | 0.117 | 0.368 | 0.368 | 0.368 | 0.114  | 3863.000  | 5231.000  | 34745.000     | 4343.125  |
| 5      | 0   | 5      | 0     | 0    | 0   | GET    | /api/isu/c20408cd-937d-47b2-a884-727a2eb8c313       | 0.032 | 0.328 | 0.580    | 0.116 | 0.328 | 0.328 | 0.328 | 0.111  | 140.000   | 140.000   | 700.000       | 140.000   |
| 40     | 0   | 40     | 0     | 0    | 0   | GET    | /api/isu/a373f1b2-1150-4436-97b9-c8591e8affc1       | 0.004 | 0.968 | 4.555    | 0.114 | 0.268 | 0.408 | 0.968 | 0.200  | 140.000   | 140.000   | 5600.000      | 140.000   |
| 8      | 0   | 7      | 0     | 1    | 0   | GET    | /api/isu/b46b094e-49e7-415c-9279-de7cb559fe08/graph | 0.012 | 0.252 | 0.904    | 0.113 | 0.252 | 0.252 | 0.252 | 0.077  | 0.000     | 6049.000  | 33385.000     | 4173.125  |
| 1      | 0   | 1      | 0     | 0    | 0   | GET    | /api/isu/aac14975-d26c-4f25-a6bb-30324e4a9958       | 0.112 | 0.112 | 0.112    | 0.112 | 0.112 | 0.112 | 0.112 | 0.000  | 137.000   | 137.000   | 137.000       | 137.000   |
| 2      | 0   | 2      | 0     | 0    | 0   | GET    | /api/isu/a8c7e8bc-f690-4ba9-9734-ee1023fb5eeb/graph | 0.024 | 0.200 | 0.224    | 0.112 | 0.200 | 0.200 | 0.200 | 0.088  | 3540.000  | 5033.000  | 8573.000      | 4286.500  |
| 8      | 0   | 8      | 0     | 0    | 0   | GET    | /api/isu/f7f3b99a-4bc8-41a3-9bc9-9dc49c52adea/graph | 0.016 | 0.408 | 0.884    | 0.111 | 0.408 | 0.408 | 0.408 | 0.123  | 2691.000  | 5244.000  | 36045.000     | 4505.625  |
| 37     | 0   | 36     | 0     | 1    | 0   | GET    | /api/isu/b00deb47-2d8e-4452-a5e9-a1c3fb4e5d87/graph | 0.004 | 1.000 | 4.088    | 0.110 | 0.404 | 0.688 | 1.000 | 0.222  | 4045.000  | 5724.000  | 142064.000    | 3839.568  |
| 12     | 0   | 8      | 0     | 4    | 0   | GET    | /api/isu/e08bb38a-c2cd-44ba-ba70-e156aedf844b/graph | 0.004 | 0.772 | 1.308    | 0.109 | 0.196 | 0.772 | 0.772 | 0.207  | 14.000    | 5941.000  | 35483.000     | 2956.917  |
| 20     | 0   | 19     | 0     | 1    | 0   | GET    | /api/isu/f48b4cf2-5a3b-4e29-8d3c-3698d3265845       | 0.004 | 1.000 | 2.172    | 0.109 | 0.180 | 0.428 | 1.000 | 0.227  | 130.000   | 130.000   | 2470.000      | 123.500   |
| 5      | 0   | 5      | 0     | 0    | 0   | GET    | /api/isu/c524804f-96bf-4ad1-9249-ce4b3e9cc367       | 0.004 | 0.232 | 0.540    | 0.108 | 0.232 | 0.232 | 0.232 | 0.087  | 132.000   | 132.000   | 660.000       | 132.000   |
| 3      | 0   | 3      | 0     | 0    | 0   | GET    | /api/isu/b4291dd7-c360-4eb5-8a97-3b42c4a08dd2       | 0.032 | 0.248 | 0.324    | 0.108 | 0.248 | 0.248 | 0.248 | 0.099  | 140.000   | 140.000   | 420.000       | 140.000   |
| 5876   | 0   | 5513   | 0     | 363  | 0   | GET    | /api/condition/[a-z0-9-]+                           | 0.016 | 1.456 | 634.464  | 0.108 | 0.336 | 0.600 | 1.000 | 0.213  | 0.000     | 7183.000  | 26582383.000  | 4523.891  |
| 6      | 0   | 6      | 0     | 0    | 0   | GET    | /api/isu/c60fbe7f-4a84-47a5-be01-0dc3ecd61f95       | 0.012 | 0.260 | 0.640    | 0.107 | 0.260 | 0.260 | 0.260 | 0.089  | 152.000   | 152.000   | 912.000       | 152.000   |
| 9      | 0   | 9      | 0     | 0    | 0   | GET    | /api/isu/c8fce8b1-e41d-4973-b005-bf4f317c02e8/graph | 0.016 | 0.364 | 0.944    | 0.105 | 0.364 | 0.364 | 0.364 | 0.101  | 2691.000  | 5368.000  | 39311.000     | 4367.889  |
| 5      | 0   | 5      | 0     | 0    | 0   | GET    | /api/isu/d421689a-bf9e-4fe5-8b68-56ea4debf659/graph | 0.016 | 0.204 | 0.524    | 0.105 | 0.204 | 0.204 | 0.204 | 0.075  | 2691.000  | 5747.000  | 22424.000     | 4484.800  |
| 1      | 0   | 1      | 0     | 0    | 0   | GET    | /api/isu/d97789da-07af-478e-ad85-4acfe6dd4650       | 0.104 | 0.104 | 0.104    | 0.104 | 0.104 | 0.104 | 0.104 | 0.000  | 134.000   | 134.000   | 134.000       | 134.000   |
| 3      | 0   | 3      | 0     | 0    | 0   | GET    | /api/isu/f13fe32c-e2f9-4776-98a2-113de37d8ab7/graph | 0.064 | 0.124 | 0.304    | 0.101 | 0.124 | 0.124 | 0.124 | 0.027  | 2691.000  | 4363.000  | 11084.000     | 3694.667  |
| 4      | 0   | 4      | 0     | 0    | 0   | GET    | /api/isu/f7293f39-716d-45e6-a0bb-2e1aa708a2d1       | 0.004 | 0.224 | 0.404    | 0.101 | 0.224 | 0.224 | 0.224 | 0.090  | 146.000   | 146.000   | 584.000       | 146.000   |
| 29     | 0   | 25     | 0     | 4    | 0   | GET    | /api/isu/e8707706-3c60-40c3-9b3a-eede38431726/graph | 0.004 | 0.916 | 2.908    | 0.100 | 0.284 | 0.552 | 0.916 | 0.194  | 14.000    | 7037.000  | 103744.000    | 3577.379  |
| 1      | 0   | 1      | 0     | 0    | 0   | GET    | /api/isu/d524f5fd-b62c-4063-bc4f-16edf08abee7       | 0.100 | 0.100 | 0.100    | 0.100 | 0.100 | 0.100 | 0.100 | 0.000  | 140.000   | 140.000   | 140.000       | 140.000   |
| 5      | 0   | 5      | 0     | 0    | 0   | GET    | /api/isu/db691fdb-fffd-4370-99e7-1cd50477d15d/graph | 0.016 | 0.280 | 0.468    | 0.094 | 0.280 | 0.280 | 0.280 | 0.099  | 3675.000  | 5708.000  | 22654.000     | 4530.800  |
| 3      | 0   | 3      | 0     | 0    | 0   | GET    | /api/isu/d5c3574b-971e-48f5-b763-0ce9311696ad/graph | 0.004 | 0.160 | 0.276    | 0.092 | 0.160 | 0.160 | 0.160 | 0.065  | 3025.000  | 5237.000  | 11291.000     | 3763.667  |
| 6      | 0   | 6      | 0     | 0    | 0   | GET    | /api/isu/e19b0ba9-1e99-4641-97b0-d224a2d126ea/graph | 0.008 | 0.252 | 0.552    | 0.092 | 0.252 | 0.252 | 0.252 | 0.086  | 3694.000  | 5197.000  | 27881.000     | 4646.833  |
| 1      | 0   | 1      | 0     | 0    | 0   | GET    | /api/isu/d5cf458b-627d-4477-bf52-3838e1d04184       | 0.092 | 0.092 | 0.092    | 0.092 | 0.092 | 0.092 | 0.092 | 0.000  | 143.000   | 143.000   | 143.000       | 143.000   |
| 4      | 0   | 4      | 0     | 0    | 0   | GET    | /api/isu/f6cb4707-b009-4e0d-afc9-f7619a6fe246       | 0.052 | 0.124 | 0.360    | 0.090 | 0.124 | 0.124 | 0.124 | 0.027  | 138.000   | 138.000   | 552.000       | 138.000   |
| 35     | 0   | 34     | 0     | 1    | 0   | GET    | /api/isu/a71eb525-6fca-4971-bb96-c6f10b8fa3a1/graph | 0.040 | 0.996 | 3.140    | 0.090 | 0.204 | 0.888 | 0.996 | 0.217  | 3538.000  | 6104.000  | 142869.000    | 4081.971  |
| 4      | 0   | 4      | 0     | 0    | 0   | GET    | /api/isu/deb791d4-e850-42bb-b85d-fa5d5d075f92       | 0.004 | 0.176 | 0.356    | 0.089 | 0.176 | 0.176 | 0.176 | 0.062  | 140.000   | 140.000   | 560.000       | 140.000   |
| 5      | 0   | 5      | 0     | 0    | 0   | GET    | /api/isu/e19b0ba9-1e99-4641-97b0-d224a2d126ea       | 0.028 | 0.208 | 0.440    | 0.088 | 0.208 | 0.208 | 0.208 | 0.062  | 137.000   | 137.000   | 685.000       | 137.000   |
| 5      | 0   | 5      | 0     | 0    | 0   | GET    | /api/isu/b4501c20-447c-4079-b9ce-2270aa212b8f       | 0.032 | 0.156 | 0.436    | 0.087 | 0.156 | 0.156 | 0.156 | 0.043  | 140.000   | 140.000   | 700.000       | 140.000   |
| 4      | 0   | 4      | 0     | 0    | 0   | GET    | /api/isu/e2b1cea6-f495-4817-ae3a-21c404cd8814       | 0.044 | 0.168 | 0.348    | 0.087 | 0.168 | 0.168 | 0.168 | 0.048  | 143.000   | 143.000   | 572.000       | 143.000   |
| 27     | 0   | 26     | 0     | 1    | 0   | GET    | /api/isu/e8707706-3c60-40c3-9b3a-eede38431726       | 0.032 | 1.000 | 2.296    | 0.085 | 0.548 | 0.556 | 1.000 | 0.229  | 133.000   | 133.000   | 3458.000      | 128.074   |
| 3      | 0   | 3      | 0     | 0    | 0   | GET    | /api/isu/aa66690a-46fd-4958-a212-39640d0c13d6/graph | 0.072 | 0.104 | 0.252    | 0.084 | 0.104 | 0.104 | 0.104 | 0.014  | 3027.000  | 4883.000  | 12257.000     | 4085.667  |
| 15585  | 0   | 15435  | 0     | 150  | 0   | GET    | /api/trend                                          | 0.004 | 1.056 | 1279.871 | 0.082 | 0.212 | 0.364 | 0.980 | 0.157  | 0.000     | 26615.000 | 224042964.000 | 14375.551 |
| 2      | 0   | 2      | 0     | 0    | 0   | GET    | /api/isu/d453f170-cf94-4507-b135-3c409116bfa9/graph | 0.036 | 0.128 | 0.164    | 0.082 | 0.128 | 0.128 | 0.128 | 0.046  | 3364.000  | 5029.000  | 8393.000      | 4196.500  |
| 5      | 0   | 5      | 0     | 0    | 0   | GET    | /api/isu/db691fdb-fffd-4370-99e7-1cd50477d15d       | 0.008 | 0.252 | 0.408    | 0.082 | 0.252 | 0.252 | 0.252 | 0.089  | 140.000   | 140.000   | 700.000       | 140.000   |
| 51     | 0   | 51     | 0     | 0    | 0   | GET    | /api/isu/e5dc3049-21f9-46d9-9f1a-c0a07a526bac/graph | 0.032 | 0.748 | 4.040    | 0.079 | 0.240 | 0.348 | 0.748 | 0.133  | 2691.000  | 5862.000  | 207871.000    | 4075.902  |
| 3      | 0   | 3      | 0     | 0    | 0   | GET    | /api/isu/c60fbe7f-4a84-47a5-be01-0dc3ecd61f95/graph | 0.004 | 0.160 | 0.236    | 0.079 | 0.160 | 0.160 | 0.160 | 0.064  | 2691.000  | 4991.000  | 11711.000     | 3903.667  |
| 6      | 0   | 6      | 0     | 0    | 0   | GET    | /api/isu/bd65309f-e478-4787-b1cc-fd359d99680f/graph | 0.020 | 0.144 | 0.468    | 0.078 | 0.144 | 0.144 | 0.144 | 0.042  | 3698.000  | 5725.000  | 27297.000     | 4549.500  |
| 3730   | 0   | 3443   | 0     | 287  | 0   | GET    | /api/isu/[0-9]+                                     | 0.004 | 1.032 | 274.482  | 0.074 | 0.199 | 0.416 | 1.000 | 0.172  | 0.000     | 7187.000  | 6196466.000   | 1661.251  |
| 8      | 0   | 8      | 0     | 0    | 0   | GET    | /api/isu/b39b017a-a0fa-4957-86a7-28268fab844e/graph | 0.004 | 0.192 | 0.588    | 0.074 | 0.192 | 0.192 | 0.192 | 0.068  | 2691.000  | 6399.000  | 33629.000     | 4203.625  |
| 8      | 0   | 8      | 0     | 0    | 0   | GET    | /api/isu/e08bb38a-c2cd-44ba-ba70-e156aedf844b       | 0.004 | 0.436 | 0.588    | 0.073 | 0.436 | 0.436 | 0.436 | 0.139  | 137.000   | 137.000   | 1096.000      | 137.000   |
| 4      | 0   | 4      | 0     | 0    | 0   | GET    | /api/isu/aa66690a-46fd-4958-a212-39640d0c13d6       | 0.032 | 0.252 | 0.292    | 0.073 | 0.252 | 0.252 | 0.252 | 0.104  | 131.000   | 131.000   | 524.000       | 131.000   |
| 8      | 0   | 8      | 0     | 0    | 0   | GET    | /api/isu/e130b7dd-a2b3-4322-9430-a5897deb5db0       | 0.020 | 0.208 | 0.568    | 0.071 | 0.208 | 0.208 | 0.208 | 0.069  | 140.000   | 140.000   | 1120.000      | 140.000   |
| 3      | 0   | 3      | 0     | 0    | 0   | GET    | /api/isu/deb791d4-e850-42bb-b85d-fa5d5d075f92/graph | 0.004 | 0.152 | 0.208    | 0.069 | 0.152 | 0.152 | 0.152 | 0.062  | 3814.000  | 5490.000  | 13671.000     | 4557.000  |
| 5      | 0   | 5      | 0     | 0    | 0   | GET    | /api/isu/c908840e-43b5-4168-bb54-81a2f67d14f0       | 0.016 | 0.200 | 0.336    | 0.067 | 0.200 | 0.200 | 0.200 | 0.069  | 143.000   | 143.000   | 715.000       | 143.000   |
| 966    | 0   | 708    | 0     | 258  | 0   | POST   | /api/auth                                           | 0.004 | 2.140 | 64.268   | 0.067 | 0.172 | 0.360 | 1.004 | 0.185  | 0.000     | 19.000    | 2760.000      | 2.857     |
| 2      | 0   | 2      | 0     | 0    | 0   | GET    | /api/isu/ff03dbc7-f2ee-4950-9e94-af80731de2be       | 0.044 | 0.088 | 0.132    | 0.066 | 0.088 | 0.088 | 0.088 | 0.022  | 134.000   | 134.000   | 268.000       | 134.000   |
| 3556   | 0   | 3481   | 0     | 75   | 0   | GET    | /api/isu                                            | 0.020 | 1.032 | 228.448  | 0.064 | 0.152 | 0.316 | 1.000 | 0.155  | 0.000     | 4669.000  | 9224504.000   | 2594.067  |
| 7      | 0   | 7      | 0     | 0    | 0   | GET    | /api/isu/f7f3b99a-4bc8-41a3-9bc9-9dc49c52adea       | 0.040 | 0.260 | 0.448    | 0.064 | 0.260 | 0.260 | 0.260 | 0.087  | 131.000   | 131.000   | 917.000       | 131.000   |
| 1      | 0   | 1      | 0     | 0    | 0   | GET    | /api/isu/cd8eb7f4-971c-4677-8209-64d2640b9f18       | 0.064 | 0.064 | 0.064    | 0.064 | 0.064 | 0.064 | 0.064 | 0.000  | 143.000   | 143.000   | 143.000       | 143.000   |
| 72     | 0   | 72     | 0     | 0    | 0   | GET    | /api/isu/e5dc3049-21f9-46d9-9f1a-c0a07a526bac       | 0.004 | 0.880 | 4.499    | 0.062 | 0.136 | 0.320 | 0.880 | 0.123  | 130.000   | 130.000   | 9360.000      | 130.000   |
| 16     | 0   | 16     | 0     | 0    | 0   | GET    | /api/isu/e54bed47-ec16-4c67-a69d-7ed3907875ea/graph | 0.012 | 0.224 | 0.936    | 0.059 | 0.216 | 0.224 | 0.224 | 0.077  | 2691.000  | 5374.000  | 63578.000     | 3973.625  |
| 4      | 0   | 4      | 0     | 0    | 0   | GET    | /api/isu/bd65309f-e478-4787-b1cc-fd359d99680f       | 0.004 | 0.128 | 0.232    | 0.058 | 0.128 | 0.128 | 0.128 | 0.046  | 137.000   | 137.000   | 548.000       | 137.000   |
| 11     | 0   | 11     | 0     | 0    | 0   | GET    | /api/isu/a70bf8fd-a087-4574-bd5a-f98ed9f1758a       | 0.008 | 0.264 | 0.612    | 0.056 | 0.164 | 0.264 | 0.264 | 0.081  | 131.000   | 131.000   | 1441.000      | 131.000   |
| 8      | 0   | 8      | 0     | 0    | 0   | GET    | /api/isu/dcefe7a7-916f-46c3-baf5-d5e229d5720a       | 0.004 | 0.212 | 0.444    | 0.055 | 0.212 | 0.212 | 0.212 | 0.066  | 137.000   | 137.000   | 1096.000      | 137.000   |
| 4      | 0   | 4      | 0     | 0    | 0   | GET    | /api/isu/d048f572-0ef6-42ec-97ec-11ece883a1d1       | 0.016 | 0.132 | 0.208    | 0.052 | 0.132 | 0.132 | 0.132 | 0.048  | 128.000   | 128.000   | 512.000       | 128.000   |
| 1      | 0   | 1      | 0     | 0    | 0   | GET    | /api/isu/f7f3e31b-6675-4aa6-a056-abe2e948260b       | 0.052 | 0.052 | 0.052    | 0.052 | 0.052 | 0.052 | 0.052 | 0.000  | 146.000   | 146.000   | 146.000       | 146.000   |
| 5      | 0   | 5      | 0     | 0    | 0   | GET    | /api/isu/fdc4585e-a58e-465a-a914-072ca32373d0/graph | 0.012 | 0.124 | 0.252    | 0.050 | 0.124 | 0.124 | 0.124 | 0.041  | 3027.000  | 4731.000  | 19329.000     | 3865.800  |
| 7      | 0   | 7      | 0     | 0    | 0   | GET    | /api/isu/f37ccf6f-d4ea-4b91-a4af-2d6127fb6aa9/graph | 0.016 | 0.092 | 0.344    | 0.049 | 0.092 | 0.092 | 0.092 | 0.024  | 2691.000  | 6006.000  | 28019.000     | 4002.714  |
| 49     | 0   | 48     | 0     | 1    | 0   | GET    | /api/isu/a71eb525-6fca-4971-bb96-c6f10b8fa3a1       | 0.004 | 1.000 | 2.392    | 0.049 | 0.136 | 0.200 | 1.000 | 0.152  | 139.000   | 139.000   | 6672.000      | 136.163   |
| 5      | 0   | 5      | 0     | 0    | 0   | GET    | /api/isu/dcefe7a7-916f-46c3-baf5-d5e229d5720a/graph | 0.028 | 0.116 | 0.244    | 0.049 | 0.116 | 0.116 | 0.116 | 0.048  | 2691.000  | 5987.000  | 21406.000     | 4281.200  |
| 4      | 0   | 4      | 0     | 0    | 0   | GET    | /api/isu/fea737e8-dd9b-47c5-a0ec-df918243237b/graph | 0.008 | 0.124 | 0.192    | 0.048 | 0.124 | 0.124 | 0.124 | 0.047  | 3360.000  | 5527.000  | 17288.000     | 4322.000  |
| 75     | 0   | 73     | 0     | 2    | 0   | GET    | /api/isu/aa9f40d4-303e-4c74-8274-64859adcc14e       | 0.004 | 1.008 | 3.512    | 0.047 | 0.048 | 0.324 | 1.008 | 0.169  | 136.000   | 136.000   | 9928.000      | 132.373   |
| 4      | 0   | 4      | 0     | 0    | 0   | GET    | /api/isu/d421689a-bf9e-4fe5-8b68-56ea4debf659       | 0.012 | 0.112 | 0.187    | 0.047 | 0.112 | 0.112 | 0.112 | 0.041  | 137.000   | 137.000   | 548.000       | 137.000   |
| 18     | 0   | 18     | 0     | 0    | 0   | GET    | /api/isu/a18f85ac-cefb-41c6-bbae-620a8ec80d6a/graph | 0.004 | 0.436 | 0.824    | 0.046 | 0.080 | 0.436 | 0.436 | 0.098  | 2691.000  | 8029.000  | 74925.000     | 4162.500  |
| 5      | 0   | 5      | 0     | 0    | 0   | GET    | /api/isu/c5f5268c-ca80-4c44-8fc9-810779dbf294/graph | 0.008 | 0.124 | 0.224    | 0.045 | 0.124 | 0.124 | 0.124 | 0.050  | 2691.000  | 5187.000  | 19662.000     | 3932.400  |
| 4      | 0   | 4      | 0     | 0    | 0   | GET    | /api/isu/f6926604-99af-4044-9293-49f182a42e56       | 0.012 | 0.092 | 0.172    | 0.043 | 0.092 | 0.092 | 0.092 | 0.034  | 134.000   | 134.000   | 536.000       | 134.000   |
| 6      | 0   | 4      | 0     | 2    | 0   | GET    | /api/isu/d5c3574b-971e-48f5-b763-0ce9311696ad       | 0.004 | 0.176 | 0.248    | 0.041 | 0.176 | 0.176 | 0.176 | 0.062  | 14.000    | 134.000   | 571.000       | 95.167    |
| 1      | 0   | 1      | 0     | 0    | 0   | GET    | /api/isu/d90af553-fc54-46cb-9354-4c76798260ea       | 0.040 | 0.040 | 0.040    | 0.040 | 0.040 | 0.040 | 0.040 | 0.000  | 155.000   | 155.000   | 155.000       | 155.000   |
| 1      | 0   | 1      | 0     | 0    | 0   | GET    | /api/isu/e5f89033-b254-4079-8384-f76a0599dbe9       | 0.040 | 0.040 | 0.040    | 0.040 | 0.040 | 0.040 | 0.040 | 0.000  | 140.000   | 140.000   | 140.000       | 140.000   |
| 61     | 0   | 53     | 0     | 8    | 0   | GET    | /api/isu/aa9f40d4-303e-4c74-8274-64859adcc14e/graph | 0.016 | 0.532 | 2.380    | 0.039 | 0.112 | 0.220 | 0.532 | 0.092  | 14.000    | 6307.000  | 216721.000    | 3552.803  |
| 7      | 0   | 7      | 0     | 0    | 0   | GET    | /api/isu/c5f5268c-ca80-4c44-8fc9-810779dbf294       | 0.000 | 0.128 | 0.260    | 0.037 | 0.128 | 0.128 | 0.128 | 0.042  | 134.000   | 134.000   | 938.000       | 134.000   |
| 6      | 0   | 6      | 0     | 0    | 0   | GET    | /api/isu/c11cb64d-b2cf-4cca-af15-ec9f9385c57a/graph | 0.004 | 0.084 | 0.216    | 0.036 | 0.084 | 0.084 | 0.084 | 0.032  | 2691.000  | 5704.000  | 23057.000     | 3842.833  |
| 4      | 0   | 4      | 0     | 0    | 0   | GET    | /api/isu/fea737e8-dd9b-47c5-a0ec-df918243237b       | 0.008 | 0.052 | 0.140    | 0.035 | 0.052 | 0.052 | 0.052 | 0.016  | 140.000   | 140.000   | 560.000       | 140.000   |
| 3      | 0   | 3      | 0     | 0    | 0   | GET    | /api/isu/c9653a0c-3ff9-4b03-832d-2ff1fe3e1fd4       | 0.016 | 0.060 | 0.104    | 0.035 | 0.060 | 0.060 | 0.060 | 0.019  | 140.000   | 140.000   | 420.000       | 140.000   |
| 7      | 0   | 7      | 0     | 0    | 0   | GET    | /api/isu/a3d124b4-9fb6-4953-82aa-8d209ed2abe2       | 0.004 | 0.076 | 0.228    | 0.033 | 0.076 | 0.076 | 0.076 | 0.025  | 143.000   | 143.000   | 1001.000      | 143.000   |
| 1      | 0   | 1      | 0     | 0    | 0   | GET    | /api/isu/dd5cfc39-2e0a-45b4-b0ef-8e45a63fc14b       | 0.032 | 0.032 | 0.032    | 0.032 | 0.032 | 0.032 | 0.032 | 0.000  | 131.000   | 131.000   | 131.000       | 131.000   |
| 2      | 0   | 2      | 0     | 0    | 0   | GET    | /api/isu/b6801696-a584-4608-a3ed-62083e05f377/graph | 0.008 | 0.056 | 0.064    | 0.032 | 0.056 | 0.056 | 0.056 | 0.024  | 4181.000  | 4937.000  | 9118.000      | 4559.000  |
| 6      | 0   | 6      | 0     | 0    | 0   | GET    | /api/isu/db184cad-ea51-4366-a7f1-b20209c9a3dd/graph | 0.008 | 0.076 | 0.192    | 0.032 | 0.076 | 0.076 | 0.076 | 0.023  | 2691.000  | 5516.000  | 25723.000     | 4287.167  |
| 10     | 0   | 10     | 0     | 0    | 0   | GET    | /api/isu/f37ccf6f-d4ea-4b91-a4af-2d6127fb6aa9       | 0.004 | 0.088 | 0.284    | 0.028 | 0.048 | 0.088 | 0.088 | 0.026  | 140.000   | 140.000   | 1400.000      | 140.000   |
| 41     | 0   | 41     | 0     | 0    | 0   | GET    | /api/isu/f0faaaf0-3ebd-4c9d-bf4d-b93a10e49c55/graph | 0.012 | 0.284 | 1.124    | 0.027 | 0.056 | 0.092 | 0.284 | 0.052  | 2691.000  | 6462.000  | 174211.000    | 4249.049  |
| 7      | 0   | 7      | 0     | 0    | 0   | GET    | /api/isu/db184cad-ea51-4366-a7f1-b20209c9a3dd       | 0.004 | 0.044 | 0.184    | 0.026 | 0.044 | 0.044 | 0.044 | 0.016  | 134.000   | 134.000   | 938.000       | 134.000   |
| 40     | 0   | 36     | 0     | 4    | 0   | GET    | /api/isu/c75267e1-fa11-48de-9955-39c46d6b752a/graph | 0.004 | 0.428 | 1.048    | 0.026 | 0.064 | 0.088 | 0.428 | 0.069  | 14.000    | 7027.000  | 156059.000    | 3901.475  |
| 62     | 0   | 60     | 0     | 2    | 0   | GET    | /api/isu/f0faaaf0-3ebd-4c9d-bf4d-b93a10e49c55       | 0.016 | 0.376 | 1.624    | 0.026 | 0.052 | 0.064 | 0.376 | 0.066  | 14.000    | 139.000   | 8375.000      | 135.081   |
| 5      | 0   | 4      | 0     | 1    | 0   | GET    | /api/isu/a70bf8fd-a087-4574-bd5a-f98ed9f1758a/graph | 0.004 | 0.056 | 0.124    | 0.025 | 0.056 | 0.056 | 0.056 | 0.019  | 0.000     | 5703.000  | 16929.000     | 3385.800  |
| 42     | 0   | 42     | 0     | 0    | 0   | GET    | /api/isu/b00deb47-2d8e-4452-a5e9-a1c3fb4e5d87       | 0.004 | 0.472 | 0.944    | 0.022 | 0.036 | 0.068 | 0.472 | 0.073  | 133.000   | 133.000   | 5586.000      | 133.000   |
| 10     | 0   | 10     | 0     | 0    | 0   | GET    | /api/isu/c8fce8b1-e41d-4973-b005-bf4f317c02e8       | 0.004 | 0.036 | 0.220    | 0.022 | 0.032 | 0.036 | 0.036 | 0.010  | 136.000   | 136.000   | 1360.000      | 136.000   |
| 3      | 0   | 3      | 0     | 0    | 0   | GET    | /api/isu/c6de712a-5a49-424b-bdfb-af00c0d2e913/graph | 0.020 | 0.024 | 0.064    | 0.021 | 0.024 | 0.024 | 0.024 | 0.002  | 4035.000  | 5290.000  | 14518.000     | 4839.333  |
| 19     | 0   | 19     | 0     | 0    | 0   | GET    | /api/isu/b6052279-3f34-426f-8bd1-770df7ae3ec3/graph | 0.004 | 0.208 | 0.396    | 0.021 | 0.044 | 0.208 | 0.208 | 0.046  | 2691.000  | 6465.000  | 74375.000     | 3914.474  |
| 10     | 0   | 10     | 0     | 0    | 0   | GET    | /api/isu/f9a44347-4044-4f37-9401-0e559cfa99e0/graph | 0.004 | 0.064 | 0.208    | 0.021 | 0.036 | 0.064 | 0.064 | 0.019  | 2691.000  | 5860.000  | 40545.000     | 4054.500  |
| 5      | 0   | 5      | 0     | 0    | 0   | GET    | /api/isu/a3d124b4-9fb6-4953-82aa-8d209ed2abe2/graph | 0.004 | 0.040 | 0.104    | 0.021 | 0.040 | 0.040 | 0.040 | 0.012  | 2691.000  | 5894.000  | 21647.000     | 4329.400  |
| 10     | 0   | 10     | 0     | 0    | 0   | GET    | /api/isu/e497c7b4-1efa-4b76-bd6b-c426a8a83223/graph | 0.012 | 0.088 | 0.200    | 0.020 | 0.032 | 0.088 | 0.088 | 0.025  | 2691.000  | 6711.000  | 39639.000     | 3963.900  |
| 4      | 0   | 4      | 0     | 0    | 0   | GET    | /api/isu/ef87cc05-9c2d-4215-bfa3-62dddac9d1f3       | 0.012 | 0.032 | 0.080    | 0.020 | 0.032 | 0.032 | 0.032 | 0.007  | 137.000   | 137.000   | 548.000       | 137.000   |
| 1      | 0   | 1      | 0     | 0    | 0   | GET    | /api/isu/cc2eee1f-0706-4efa-b67b-e3d0fe37fbed       | 0.020 | 0.020 | 0.020    | 0.020 | 0.020 | 0.020 | 0.020 | 0.000  | 146.000   | 146.000   | 146.000       | 146.000   |
| 7      | 0   | 7      | 0     | 0    | 0   | GET    | /api/isu/b39b017a-a0fa-4957-86a7-28268fab844e       | 0.008 | 0.052 | 0.136    | 0.019 | 0.052 | 0.052 | 0.052 | 0.018  | 158.000   | 158.000   | 1106.000      | 158.000   |
| 23     | 0   | 23     | 0     | 0    | 0   | GET    | /api/isu/f88a7127-9fc9-47fa-8ff3-614e4259a378/graph | 0.008 | 0.108 | 0.408    | 0.018 | 0.044 | 0.076 | 0.108 | 0.026  | 2691.000  | 6036.000  | 91911.000     | 3996.130  |
| 36     | 0   | 28     | 0     | 8    | 0   | GET    | /api/isu/b7520b78-658e-4e70-b88b-51d21da10318/graph | 0.004 | 0.136 | 0.608    | 0.017 | 0.036 | 0.084 | 0.136 | 0.027  | 14.000    | 6676.000  | 117521.000    | 3264.472  |
| 12     | 0   | 8      | 0     | 4    | 0   | GET    | /api/isu/f2182bee-31b7-41ec-b735-841c3726091b/graph | 0.116 | 0.116 | 0.200    | 0.017 | 0.032 | 0.116 | 0.116 | 0.031  | 14.000    | 6549.000  | 34445.000     | 2870.417  |
| 25     | 0   | 25     | 0     | 0    | 0   | GET    | /api/isu/bc1491d8-b67e-4bea-8726-bc3b213341fe/graph | 0.004 | 0.108 | 0.416    | 0.017 | 0.048 | 0.060 | 0.108 | 0.025  | 2691.000  | 6453.000  | 103585.000    | 4143.400  |
| 31     | 0   | 31     | 0     | 0    | 0   | GET    | /api/isu/cd624d47-3e33-4cfc-a96b-55c4f3bd677b/graph | 0.004 | 0.172 | 0.500    | 0.016 | 0.024 | 0.108 | 0.172 | 0.035  | 2691.000  | 5884.000  | 129326.000    | 4171.806  |
| 16     | 0   | 16     | 0     | 0    | 0   | GET    | /api/isu/e497c7b4-1efa-4b76-bd6b-c426a8a83223       | 0.000 | 0.108 | 0.240    | 0.015 | 0.068 | 0.108 | 0.108 | 0.029  | 142.000   | 142.000   | 2272.000      | 142.000   |
| 200798 | 0   | 191652 | 0     | 9146 | 0   | POST   | /api/condition/[a-z0-9-]+                           | 0.012 | 0.200 | 2888.434 | 0.014 | 0.036 | 0.084 | 0.108 | 0.024  | 0.000     | 14.000    | 84.000        | 0.000     |
| 38     | 0   | 38     | 0     | 0    | 0   | GET    | /api/isu/bbea7704-491f-42f1-8fcd-9e5b9272a3c5/graph | 0.000 | 0.164 | 0.536    | 0.014 | 0.040 | 0.068 | 0.164 | 0.028  | 2691.000  | 5371.000  | 141314.000    | 3718.789  |
| 2      | 0   | 2      | 0     | 0    | 0   | GET    | /api/isu/e658b8fd-d2a0-4d56-8f2a-dd8092df6f47/graph | 0.012 | 0.016 | 0.028    | 0.014 | 0.016 | 0.016 | 0.016 | 0.002  | 2691.000  | 4255.000  | 6946.000      | 3473.000  |
| 33     | 0   | 31     | 0     | 2    | 0   | GET    | /api/isu/f88a7127-9fc9-47fa-8ff3-614e4259a378       | 0.000 | 0.180 | 0.452    | 0.014 | 0.036 | 0.044 | 0.180 | 0.032  | 14.000    | 128.000   | 4003.000      | 121.303   |
| 57     | 0   | 55     | 0     | 2    | 0   | GET    | /api/isu/bbea7704-491f-42f1-8fcd-9e5b9272a3c5       | 0.004 | 0.232 | 0.684    | 0.012 | 0.028 | 0.052 | 0.232 | 0.032  | 14.000    | 133.000   | 7350.000      | 128.947   |
| 1      | 0   | 1      | 0     | 0    | 0   | GET    | /api/isu/ef59e89c-2fdd-4433-b576-1cd93486c1be       | 0.012 | 0.012 | 0.012    | 0.012 | 0.012 | 0.012 | 0.012 | 0.000  | 143.000   | 143.000   | 143.000       | 143.000   |
| 7      | 0   | 7      | 0     | 0    | 0   | GET    | /api/isu/c11cb64d-b2cf-4cca-af15-ec9f9385c57a       | 0.004 | 0.024 | 0.080    | 0.011 | 0.024 | 0.024 | 0.024 | 0.008  | 143.000   | 143.000   | 1001.000      | 143.000   |
| 40     | 0   | 40     | 0     | 0    | 0   | GET    | /api/isu/bc1491d8-b67e-4bea-8726-bc3b213341fe       | 0.020 | 0.052 | 0.456    | 0.011 | 0.044 | 0.048 | 0.052 | 0.016  | 133.000   | 133.000   | 5320.000      | 133.000   |
| 19     | 0   | 19     | 0     | 0    | 0   | GET    | /api/isu/a08f362a-26bf-47e0-8d47-5b016aa7649f/graph | 0.008 | 0.064 | 0.212    | 0.011 | 0.056 | 0.064 | 0.064 | 0.017  | 2691.000  | 6007.000  | 75896.000     | 3994.526  |
| 16     | 0   | 16     | 0     | 0    | 0   | GET    | /api/isu/f9a44347-4044-4f37-9401-0e559cfa99e0       | 0.004 | 0.064 | 0.172    | 0.011 | 0.032 | 0.064 | 0.064 | 0.016  | 133.000   | 133.000   | 2128.000      | 133.000   |
| 28     | 0   | 28     | 0     | 0    | 0   | GET    | /api/isu/a18f85ac-cefb-41c6-bbae-620a8ec80d6a       | 0.008 | 0.120 | 0.300    | 0.011 | 0.024 | 0.064 | 0.120 | 0.024  | 136.000   | 136.000   | 3808.000      | 136.000   |
| 3      | 0   | 3      | 0     | 0    | 0   | GET    | /api/isu/ef87cc05-9c2d-4215-bfa3-62dddac9d1f3/graph | 0.008 | 0.012 | 0.032    | 0.011 | 0.012 | 0.012 | 0.012 | 0.002  | 3641.000  | 4039.000  | 11376.000     | 3792.000  |
| 2      | 0   | 0      | 0     | 2    | 0   | GET    | /api/isu/e497c7b4-1efa-4b76-bd6b-c426a8a83223/icon  | 0.004 | 0.016 | 0.020    | 0.010 | 0.016 | 0.016 | 0.016 | 0.006  | 14.000    | 21.000    | 35.000        | 17.500    |
| 16257  | 0   | 1430   | 14827 | 0    | 0   | GET    | /                                                   | 0.008 | 1.036 | 160.461  | 0.010 | 0.028 | 0.040 | 0.060 | 0.015  | 528.000   | 528.000   | 755040.000    | 46.444    |
| 22     | 0   | 22     | 0     | 0    | 0   | GET    | /api/isu/b587d0a8-9902-46fc-968e-55455feaadd1       | 0.024 | 0.068 | 0.196    | 0.009 | 0.024 | 0.064 | 0.068 | 0.019  | 142.000   | 142.000   | 3124.000      | 142.000   |
| 13     | 0   | 13     | 0     | 0    | 0   | GET    | /api/isu/e6fe30eb-7ed1-497a-b27e-af06b0310bcc/graph | 0.004 | 0.028 | 0.112    | 0.009 | 0.024 | 0.028 | 0.028 | 0.009  | 2691.000  | 5877.000  | 54296.000     | 4176.615  |
| 24     | 0   | 22     | 0     | 2    | 0   | GET    | /api/isu/e54bed47-ec16-4c67-a69d-7ed3907875ea       | 0.000 | 0.104 | 0.204    | 0.009 | 0.016 | 0.024 | 0.104 | 0.021  | 14.000    | 142.000   | 3159.000      | 131.625   |
| 18     | 0   | 18     | 0     | 0    | 0   | GET    | /api/isu/a01b1e33-598d-4f21-93b7-1fd40d6b8b03/graph | 0.004 | 0.064 | 0.152    | 0.008 | 0.012 | 0.064 | 0.064 | 0.014  | 2691.000  | 5370.000  | 68597.000     | 3810.944  |
| 1      | 0   | 1      | 0     | 0    | 0   | GET    | /api/isu/cc3aecbc-c585-49ce-9749-1f9b0609c984       | 0.008 | 0.008 | 0.008    | 0.008 | 0.008 | 0.008 | 0.008 | 0.000  | 137.000   | 137.000   | 137.000       | 137.000   |
| 2      | 0   | 0      | 0     | 2    | 0   | GET    | /api/isu/b39b017a-a0fa-4957-86a7-28268fab844e/icon  | 0.000 | 0.016 | 0.016    | 0.008 | 0.016 | 0.016 | 0.016 | 0.008  | 14.000    | 21.000    | 35.000        | 17.500    |
| 1      | 0   | 1      | 0     | 0    | 0   | GET    | /api/isu/a19b58d6-11ed-401b-8355-3478b67fe756       | 0.008 | 0.008 | 0.008    | 0.008 | 0.008 | 0.008 | 0.008 | 0.000  | 134.000   | 134.000   | 134.000       | 134.000   |
| 1      | 0   | 1      | 0     | 0    | 0   | GET    | /api/isu/abd46f88-378f-40c5-9140-f30dfc7f9ad2       | 0.008 | 0.008 | 0.008    | 0.008 | 0.008 | 0.008 | 0.008 | 0.000  | 134.000   | 134.000   | 134.000       | 134.000   |
| 20     | 0   | 16     | 0     | 4    | 0   | GET    | /api/isu/b2cfe1a4-3c46-4d42-89d7-95f6721d2c8a/graph | 0.012 | 0.028 | 0.156    | 0.008 | 0.024 | 0.028 | 0.028 | 0.010  | 14.000    | 5738.000  | 62708.000     | 3135.400  |
| 16     | 0   | 16     | 0     | 0    | 0   | GET    | /api/isu/f2182bee-31b7-41ec-b735-841c3726091b       | 0.008 | 0.036 | 0.124    | 0.008 | 0.016 | 0.036 | 0.036 | 0.009  | 142.000   | 142.000   | 2272.000      | 142.000   |
| 28     | 0   | 28     | 0     | 0    | 0   | GET    | /api/isu/a01b1e33-598d-4f21-93b7-1fd40d6b8b03       | 0.004 | 0.068 | 0.212    | 0.008 | 0.012 | 0.036 | 0.068 | 0.013  | 137.000   | 137.000   | 3836.000      | 137.000   |
| 45     | 0   | 43     | 0     | 2    | 0   | GET    | /api/isu/b7520b78-658e-4e70-b88b-51d21da10318       | 0.004 | 0.040 | 0.328    | 0.007 | 0.020 | 0.032 | 0.040 | 0.010  | 14.000    | 145.000   | 6270.000      | 139.333   |
| 13     | 0   | 13     | 0     | 0    | 0   | GET    | /api/isu/b587d0a8-9902-46fc-968e-55455feaadd1/graph | 0.008 | 0.024 | 0.092    | 0.007 | 0.012 | 0.024 | 0.024 | 0.006  | 2691.000  | 5734.000  | 50459.000     | 3881.462  |
| 28     | 0   | 28     | 0     | 0    | 0   | GET    | /api/isu/b6052279-3f34-426f-8bd1-770df7ae3ec3       | 0.004 | 0.040 | 0.196    | 0.007 | 0.016 | 0.020 | 0.040 | 0.008  | 139.000   | 139.000   | 3892.000      | 139.000   |
| 4      | 0   | 4      | 0     | 0    | 0   | GET    | /api/isu/ed1b0e0d-77d0-453e-af04-0c50e29dade2/graph | 0.004 | 0.020 | 0.028    | 0.007 | 0.020 | 0.020 | 0.020 | 0.008  | 2691.000  | 6520.000  | 17779.000     | 4444.750  |
| 49     | 0   | 49     | 0     | 0    | 0   | GET    | /api/isu/c75267e1-fa11-48de-9955-39c46d6b752a       | 0.012 | 0.112 | 0.340    | 0.007 | 0.016 | 0.024 | 0.112 | 0.016  | 136.000   | 136.000   | 6664.000      | 136.000   |
| 7      | 0   | 7      | 0     | 0    | 0   | GET    | /api/isu/ed1b0e0d-77d0-453e-af04-0c50e29dade2       | 0.004 | 0.020 | 0.048    | 0.007 | 0.020 | 0.020 | 0.020 | 0.007  | 136.000   | 136.000   | 952.000       | 136.000   |
| 30     | 0   | 28     | 0     | 2    | 0   | GET    | /api/isu/a08f362a-26bf-47e0-8d47-5b016aa7649f       | 0.004 | 0.028 | 0.184    | 0.006 | 0.016 | 0.024 | 0.028 | 0.007  | 14.000    | 139.000   | 3927.000      | 130.900   |
| 2      | 0   | 0      | 0     | 2    | 0   | GET    | /api/isu/f48b4cf2-5a3b-4e29-8d3c-3698d3265845/icon  | 0.004 | 0.008 | 0.012    | 0.006 | 0.008 | 0.008 | 0.008 | 0.002  | 14.000    | 21.000    | 35.000        | 17.500    |
| 2      | 0   | 0      | 0     | 2    | 0   | GET    | /api/isu/fea737e8-dd9b-47c5-a0ec-df918243237b/icon  | 0.004 | 0.008 | 0.012    | 0.006 | 0.008 | 0.008 | 0.008 | 0.002  | 14.000    | 21.000    | 35.000        | 17.500    |
| 2      | 0   | 0      | 0     | 2    | 0   | GET    | /api/isu/d453f170-cf94-4507-b135-3c409116bfa9/icon  | 0.000 | 0.012 | 0.012    | 0.006 | 0.012 | 0.012 | 0.012 | 0.006  | 14.000    | 21.000    | 35.000        | 17.500    |
| 25     | 0   | 25     | 0     | 0    | 0   | GET    | /api/isu/b2cfe1a4-3c46-4d42-89d7-95f6721d2c8a       | 0.000 | 0.032 | 0.140    | 0.006 | 0.012 | 0.016 | 0.032 | 0.007  | 133.000   | 133.000   | 3325.000      | 133.000   |
| 591    | 0   | 559    | 0     | 32   | 0   | POST   | /api/signout                                        | 0.004 | 0.076 | 3.304    | 0.006 | 0.016 | 0.024 | 0.052 | 0.009  | 0.000     | 21.000    | 672.000       | 1.137     |
| 1204   | 0   | 617    | 0     | 587  | 0   | GET    | /api/user/me                                        | 0.004 | 0.084 | 6.519    | 0.005 | 0.012 | 0.024 | 0.048 | 0.009  | 21.000    | 46.000    | 36459.000     | 30.282    |
| 4      | 0   | 4      | 0     | 0    | 0   | GET    | /api/isu/b6801696-a584-4608-a3ed-62083e05f377       | 0.004 | 0.008 | 0.020    | 0.005 | 0.008 | 0.008 | 0.008 | 0.002  | 137.000   | 137.000   | 548.000       | 137.000   |
| 50     | 0   | 46     | 0     | 4    | 0   | GET    | /api/isu/cd624d47-3e33-4cfc-a96b-55c4f3bd677b       | 0.004 | 0.044 | 0.244    | 0.005 | 0.008 | 0.016 | 0.044 | 0.007  | 14.000    | 139.000   | 6464.000      | 129.280   |
| 10     | 0   | 2      | 0     | 8    | 0   | GET    | /api/isu/cab99f63-bb3a-4648-b6df-376396f2c7ab/graph | 0.012 | 0.020 | 0.048    | 0.005 | 0.012 | 0.020 | 0.020 | 0.007  | 14.000    | 3108.000  | 5943.000      | 594.300   |
| 22     | 0   | 22     | 0     | 0    | 0   | GET    | /api/isu/e6fe30eb-7ed1-497a-b27e-af06b0310bcc       | 0.020 | 0.020 | 0.104    | 0.005 | 0.012 | 0.016 | 0.020 | 0.005  | 142.000   | 142.000   | 3124.000      | 142.000   |
| 4      | 0   | 4      | 0     | 0    | 0   | GET    | /api/isu/e658b8fd-d2a0-4d56-8f2a-dd8092df6f47       | 0.000 | 0.008 | 0.016    | 0.004 | 0.008 | 0.008 | 0.008 | 0.004  | 131.000   | 131.000   | 524.000       | 131.000   |
| 1      | 0   | 1      | 0     | 0    | 0   | GET    | /isu/15063e10-26fc-4dac-ae3a-1f195e0c6c4a           | 0.004 | 0.004 | 0.004    | 0.004 | 0.004 | 0.004 | 0.004 | 0.000  | 528.000   | 528.000   | 528.000       | 528.000   |
| 2      | 0   | 0      | 0     | 2    | 0   | GET    | /api/isu/d524f5fd-b62c-4063-bc4f-16edf08abee7/icon  | 0.004 | 0.004 | 0.008    | 0.004 | 0.004 | 0.004 | 0.004 | 0.000  | 14.000    | 21.000    | 35.000        | 17.500    |
| 5      | 0   | 1      | 0     | 4    | 0   | GET    | /api/isu/cab99f63-bb3a-4648-b6df-376396f2c7ab       | 0.004 | 0.008 | 0.016    | 0.003 | 0.008 | 0.008 | 0.008 | 0.003  | 14.000    | 145.000   | 215.000       | 43.000    |
| 4      | 0   | 0      | 0     | 4    | 0   | GET    | /api/isu/eb104b95-3532-4828-8550-89da717b9667/icon  | 0.000 | 0.004 | 0.008    | 0.002 | 0.004 | 0.004 | 0.004 | 0.002  | 14.000    | 21.000    | 70.000        | 17.500    |
| 4      | 0   | 0      | 0     | 4    | 0   | GET    | /api/isu/cd624d47-3e33-4cfc-a96b-55c4f3bd677b/icon  | 0.000 | 0.004 | 0.008    | 0.002 | 0.004 | 0.004 | 0.004 | 0.002  | 14.000    | 21.000    | 70.000        | 17.500    |
| 3      | 0   | 1      | 2     | 0    | 0   | GET    | /isu/b82dcff4-8fae-4773-9956-22ab354adb7e/condition | 0.000 | 0.004 | 0.004    | 0.001 | 0.004 | 0.004 | 0.004 | 0.002  | 0.000     | 528.000   | 528.000       | 176.000   |
| 4      | 0   | 0      | 0     | 4    | 0   | GET    | /api/isu/cab99f63-bb3a-4648-b6df-376396f2c7ab/icon  | 0.000 | 0.004 | 0.004    | 0.001 | 0.004 | 0.004 | 0.004 | 0.002  | 14.000    | 21.000    | 70.000        | 17.500    |
| 4      | 0   | 0      | 0     | 4    | 0   | GET    | /api/isu/aa9f40d4-303e-4c74-8274-64859adcc14e/icon  | 0.004 | 0.004 | 0.004    | 0.001 | 0.004 | 0.004 | 0.004 | 0.002  | 14.000    | 21.000    | 70.000        | 17.500    |
| 5      | 0   | 1      | 0     | 4    | 0   | GET    | /api/isu/b82dcff4-8fae-4773-9956-22ab354adb7e       | 0.000 | 0.004 | 0.004    | 0.001 | 0.004 | 0.004 | 0.004 | 0.002  | 14.000    | 136.000   | 206.000       | 41.200    |
| 1      | 0   | 1      | 0     | 0    | 0   | GET    | /isu/cab99f63-bb3a-4648-b6df-376396f2c7ab           | 0.000 | 0.000 | 0.000    | 0.000 | 0.000 | 0.000 | 0.000 | 0.000  | 528.000   | 528.000   | 528.000       | 528.000   |
| 1      | 0   | 1      | 0     | 0    | 0   | GET    | /api/isu/eb104b95-3532-4828-8550-89da717b9667       | 0.000 | 0.000 | 0.000    | 0.000 | 0.000 | 0.000 | 0.000 | 0.000  | 138.000   | 138.000   | 138.000       | 138.000   |
| 1      | 0   | 1      | 0     | 0    | 0   | GET    | /isu/eb104b95-3532-4828-8550-89da717b9667           | 0.000 | 0.000 | 0.000    | 0.000 | 0.000 | 0.000 | 0.000 | 0.000  | 528.000   | 528.000   | 528.000       | 528.000   |
| 1      | 0   | 1      | 0     | 0    | 0   | GET    | /isu/eb104b95-3532-4828-8550-89da717b9667/graph     | 0.000 | 0.000 | 0.000    | 0.000 | 0.000 | 0.000 | 0.000 | 0.000  | 528.000   | 528.000   | 528.000       | 528.000   |
| 2      | 0   | 2      | 0     | 0    | 0   | GET    | /api/isu/b82dcff4-8fae-4773-9956-22ab354adb7e/graph | 0.000 | 0.000 | 0.000    | 0.000 | 0.000 | 0.000 | 0.000 | 0.000  | 5297.000  | 6875.000  | 12172.000     | 6086.000  |
| 1      | 0   | 1      | 0     | 0    | 0   | GET    | /isu/b82dcff4-8fae-4773-9956-22ab354adb7e/graph     | 0.000 | 0.000 | 0.000    | 0.000 | 0.000 | 0.000 | 0.000 | 0.000  | 528.000   | 528.000   | 528.000       | 528.000   |
| 2      | 0   | 2      | 0     | 0    | 0   | GET    | /api/isu/eb104b95-3532-4828-8550-89da717b9667/graph | 0.000 | 0.000 | 0.000    | 0.000 | 0.000 | 0.000 | 0.000 | 0.000  | 5295.000  | 6841.000  | 12136.000     | 6068.000  |
| 1      | 0   | 1      | 0     | 0    | 0   | GET    | /isu/b82dcff4-8fae-4773-9956-22ab354adb7e           | 0.000 | 0.000 | 0.000    | 0.000 | 0.000 | 0.000 | 0.000 | 0.000  | 528.000   | 528.000   | 528.000       | 528.000   |
| 3      | 0   | 1      | 2     | 0    | 0   | GET    | /isu/eb104b95-3532-4828-8550-89da717b9667/condition | 0.000 | 0.000 | 0.000    | 0.000 | 0.000 | 0.000 | 0.000 | 0.000  | 0.000     | 528.000   | 528.000       | 176.000   |
| 3      | 0   | 1      | 2     | 0    | 0   | GET    | /isu/8fb74e6e-4f8d-4a33-9862-dbcdc0712c7e/condition | 0.000 | 0.000 | 0.000    | 0.000 | 0.000 | 0.000 | 0.000 | 0.000  | 0.000     | 528.000   | 528.000       | 176.000   |
| 1      | 0   | 1      | 0     | 0    | 0   | GET    | /isu/8fb74e6e-4f8d-4a33-9862-dbcdc0712c7e/graph     | 0.000 | 0.000 | 0.000    | 0.000 | 0.000 | 0.000 | 0.000 | 0.000  | 528.000   | 528.000   | 528.000       | 528.000   |
| 1      | 0   | 1      | 0     | 0    | 0   | GET    | /isu/8fb74e6e-4f8d-4a33-9862-dbcdc0712c7e           | 0.000 | 0.000 | 0.000    | 0.000 | 0.000 | 0.000 | 0.000 | 0.000  | 528.000   | 528.000   | 528.000       | 528.000   |
| 3      | 0   | 1      | 2     | 0    | 0   | GET    | /isu/8469e6f6-0d29-4052-87cf-dd9bfde45014/condition | 0.000 | 0.000 | 0.000    | 0.000 | 0.000 | 0.000 | 0.000 | 0.000  | 0.000     | 528.000   | 528.000       | 176.000   |
| 1      | 0   | 1      | 0     | 0    | 0   | GET    | /isu/8469e6f6-0d29-4052-87cf-dd9bfde45014/graph     | 0.000 | 0.000 | 0.000    | 0.000 | 0.000 | 0.000 | 0.000 | 0.000  | 528.000   | 528.000   | 528.000       | 528.000   |
| 1      | 0   | 1      | 0     | 0    | 0   | GET    | /isu/8469e6f6-0d29-4052-87cf-dd9bfde45014           | 0.000 | 0.000 | 0.000    | 0.000 | 0.000 | 0.000 | 0.000 | 0.000  | 528.000   | 528.000   | 528.000       | 528.000   |
| 3      | 0   | 1      | 2     | 0    | 0   | GET    | /isu/15063e10-26fc-4dac-ae3a-1f195e0c6c4a/condition | 0.000 | 0.000 | 0.000    | 0.000 | 0.000 | 0.000 | 0.000 | 0.000  | 0.000     | 528.000   | 528.000       | 176.000   |
| 1      | 0   | 1      | 0     | 0    | 0   | GET    | /isu/cab99f63-bb3a-4648-b6df-376396f2c7ab/graph     | 0.000 | 0.000 | 0.000    | 0.000 | 0.000 | 0.000 | 0.000 | 0.000  | 528.000   | 528.000   | 528.000       | 528.000   |
| 3      | 0   | 1      | 2     | 0    | 0   | GET    | /isu/cab99f63-bb3a-4648-b6df-376396f2c7ab/condition | 0.000 | 0.000 | 0.000    | 0.000 | 0.000 | 0.000 | 0.000 | 0.000  | 0.000     | 528.000   | 528.000       | 176.000   |
| 1      | 0   | 1      | 0     | 0    | 0   | GET    | /isu/15063e10-26fc-4dac-ae3a-1f195e0c6c4a/graph     | 0.000 | 0.000 | 0.000    | 0.000 | 0.000 | 0.000 | 0.000 | 0.000  | 528.000   | 528.000   | 528.000       | 528.000   |
| 3      | 0   | 1      | 2     | 0    | 0   | GET    | /register                                           | 0.000 | 0.000 | 0.000    | 0.000 | 0.000 | 0.000 | 0.000 | 0.000  | 0.000     | 528.000   | 528.000       | 176.000   |
| 2      | 0   | 2      | 0     | 0    | 0   | GET    | /api/isu/d4f3cd9a-c17f-4ec6-aecd-5c8be26e1165       | 0.000 | 0.000 | 0.000    | 0.000 | 0.000 | 0.000 | 0.000 | 0.000  | 157.000   | 157.000   | 314.000       | 157.000   |
| 2      | 0   | 0      | 0     | 2    | 0   | GET    | /api/isu/e54bed47-ec16-4c67-a69d-7ed3907875ea/icon  | 0.000 | 0.000 | 0.000    | 0.000 | 0.000 | 0.000 | 0.000 | 0.000  | 14.000    | 21.000    | 35.000        | 17.500    |
| 1      | 0   | 1      | 0     | 0    | 0   | GET    | /api/isu/f1ad7529-55e0-436b-a9b1-ce15eef586a8       | 0.000 | 0.000 | 0.000    | 0.000 | 0.000 | 0.000 | 0.000 | 0.000  | 146.000   | 146.000   | 146.000       | 146.000   |
+--------+-----+--------+-------+------+-----+--------+-----------------------------------------------------+-------+-------+----------+-------+-------+-------+-------+--------+-----------+-----------+---------------+-----------+
