+--------+-----+--------+------+------+-----+--------+-----------------------------------------------------+-------+-------+----------+-------+-------+-------+-------+--------+-----------+-----------+--------------+-----------+
| COUNT  | 1XX |  2XX   | 3XX  | 4XX  | 5XX | METHOD |                         URI                         |  MIN  |  MAX  |   SUM    |  AVG  |  P90  |  P95  |  P99  | STDDEV | MIN(BODY) | MAX(BODY) |  SUM(BODY)   | AVG(BODY) |
+--------+-----+--------+------+------+-----+--------+-----------------------------------------------------+-------+-------+----------+-------+-------+-------+-------+--------+-----------+-----------+--------------+-----------+
| 1      | 0   | 0      | 0    | 1    | 0   | GET    | /api/isu/bfe7ecbc-234c-4bf7-8bbe-a697414347a8/icon  | 1.004 | 1.004 | 1.004    | 1.004 | 1.004 | 1.004 | 1.004 | 0.000  | 0.000     | 0.000     | 0.000        | 0.000     |
| 1      | 0   | 0      | 0    | 1    | 0   | GET    | /api/isu/eef2c342-3494-4a70-b947-21711d419d7d/icon  | 1.004 | 1.004 | 1.004    | 1.004 | 1.004 | 1.004 | 1.004 | 0.000  | 0.000     | 0.000     | 0.000        | 0.000     |
| 1      | 0   | 0      | 0    | 1    | 0   | GET    | /api/isu/d5df3cfb-cfe6-45d3-967f-0c9c4850747e/icon  | 1.000 | 1.000 | 1.000    | 1.000 | 1.000 | 1.000 | 1.000 | 0.000  | 0.000     | 0.000     | 0.000        | 0.000     |
| 1      | 0   | 0      | 0    | 1    | 0   | GET    | /api/isu/aa90c869-a62c-4277-9e8b-d25ca121e528/icon  | 1.000 | 1.000 | 1.000    | 1.000 | 1.000 | 1.000 | 1.000 | 0.000  | 0.000     | 0.000     | 0.000        | 0.000     |
| 1      | 0   | 1      | 0    | 0    | 0   | GET    | /api/isu/ea00e483-2469-4a01-b871-8213ffe2df1a       | 0.620 | 0.620 | 0.620    | 0.620 | 0.620 | 0.620 | 0.620 | 0.000  | 143.000   | 143.000   | 143.000      | 143.000   |
| 3      | 0   | 2      | 0    | 1    | 0   | GET    | /api/isu/c3b77745-6100-4550-b426-4f514aebee6b       | 0.060 | 1.004 | 1.200    | 0.400 | 1.004 | 1.004 | 1.004 | 0.428  | 140.000   | 140.000   | 280.000      | 93.333    |
| 1      | 0   | 1      | 0    | 0    | 0   | GET    | /api/isu/a1e7eafb-b52b-4aad-8c27-a4d0d1bccca0       | 0.356 | 0.356 | 0.356    | 0.356 | 0.356 | 0.356 | 0.356 | 0.000  | 128.000   | 128.000   | 128.000      | 128.000   |
| 3      | 0   | 0      | 0    | 3    | 0   | GET    | /api/isu/ef2b0d5a-1b22-4c44-a34f-6fd12e1c4e1d/icon  | 0.036 | 1.000 | 1.036    | 0.345 | 1.000 | 1.000 | 1.000 | 0.463  | 0.000     | 21.000    | 35.000       | 11.667    |
| 6      | 0   | 5      | 0    | 1    | 0   | GET    | /api/isu/db269601-f5b5-4bd7-bfaa-1a374ab2bad1       | 0.020 | 1.000 | 1.736    | 0.289 | 1.000 | 1.000 | 1.000 | 0.341  | 140.000   | 140.000   | 700.000      | 116.667   |
| 2      | 0   | 0      | 0    | 2    | 0   | GET    | /api/isu/cab99f63-bb3a-4648-b6df-376396f2c7ab/icon  | 0.508 | 0.508 | 0.508    | 0.254 | 0.508 | 0.508 | 0.508 | 0.254  | 14.000    | 21.000    | 35.000       | 17.500    |
| 5      | 0   | 5      | 0    | 0    | 0   | GET    | /api/isu/aa90c869-a62c-4277-9e8b-d25ca121e528/graph | 0.072 | 0.508 | 1.268    | 0.254 | 0.508 | 0.508 | 0.508 | 0.181  | 4043.000  | 7340.000  | 27480.000    | 5496.000  |
| 7      | 0   | 7      | 0    | 0    | 0   | GET    | /api/isu/db269601-f5b5-4bd7-bfaa-1a374ab2bad1/graph | 0.008 | 0.612 | 1.732    | 0.247 | 0.612 | 0.612 | 0.612 | 0.263  | 3638.000  | 5821.000  | 35109.000    | 5015.571  |
| 6      | 0   | 6      | 0    | 0    | 0   | GET    | /api/isu/dcc537e2-38fa-48c7-99a3-0f77dbf9d381/graph | 0.016 | 0.680 | 1.440    | 0.240 | 0.680 | 0.680 | 0.680 | 0.246  | 2691.000  | 6404.000  | 28119.000    | 4686.500  |
| 7      | 0   | 7      | 0    | 0    | 0   | GET    | /api/isu/d577d0a4-0966-4996-b8ae-f968d00e4b9b/graph | 0.012 | 0.872 | 1.576    | 0.225 | 0.872 | 0.872 | 0.872 | 0.287  | 3396.000  | 5988.000  | 33595.000    | 4799.286  |
| 1      | 0   | 1      | 0    | 0    | 0   | GET    | /api/isu/f70f3cd8-bd7d-48dc-8d34-b445fd2909f1       | 0.208 | 0.208 | 0.208    | 0.208 | 0.208 | 0.208 | 0.208 | 0.000  | 149.000   | 149.000   | 149.000      | 149.000   |
| 5      | 0   | 5      | 0    | 0    | 0   | GET    | /api/isu/aa90c869-a62c-4277-9e8b-d25ca121e528       | 0.016 | 0.436 | 1.028    | 0.206 | 0.436 | 0.436 | 0.436 | 0.162  | 137.000   | 137.000   | 685.000      | 137.000   |
| 20     | 0   | 19     | 0    | 1    | 0   | GET    | /api/isu/da0d44ab-e114-49d6-8236-16a6809167a8/graph | 0.012 | 1.004 | 3.840    | 0.192 | 0.476 | 0.528 | 1.004 | 0.233  | 4218.000  | 6391.000  | 94904.000    | 4745.200  |
| 8      | 0   | 8      | 0    | 0    | 0   | GET    | /api/isu/fb00876c-d5c3-49fb-b5b8-abc013482400/graph | 0.020 | 0.616 | 1.500    | 0.187 | 0.616 | 0.616 | 0.616 | 0.200  | 2691.000  | 6354.000  | 43212.000    | 5401.500  |
| 11     | 0   | 11     | 0    | 0    | 0   | GET    | /api/isu/ade0f0f0-da20-4072-80dc-58e9681b6d35       | 0.008 | 0.520 | 2.020    | 0.184 | 0.336 | 0.520 | 0.520 | 0.165  | 149.000   | 149.000   | 1639.000     | 149.000   |
| 12     | 0   | 12     | 0    | 0    | 0   | GET    | /api/isu/ab4d025f-5a46-4769-9fbb-b43e10bc864f       | 0.004 | 0.688 | 2.156    | 0.180 | 0.376 | 0.688 | 0.688 | 0.198  | 134.000   | 134.000   | 1608.000     | 134.000   |
| 7577   | 0   | 7477   | 0    | 100  | 0   | GET    | /api/trend                                          | 0.004 | 1.036 | 1348.376 | 0.178 | 0.412 | 0.563 | 1.000 | 0.189  | 0.000     | 17995.000 | 85527576.000 | 11287.789 |
| 5      | 0   | 5      | 0    | 0    | 0   | GET    | /api/isu/d5df3cfb-cfe6-45d3-967f-0c9c4850747e       | 0.016 | 0.288 | 0.884    | 0.177 | 0.288 | 0.288 | 0.288 | 0.093  | 137.000   | 137.000   | 685.000      | 137.000   |
| 8      | 0   | 8      | 0    | 0    | 0   | GET    | /api/isu/acbc5339-3348-4843-880b-00d570e5b8d6/graph | 0.016 | 0.592 | 1.404    | 0.176 | 0.592 | 0.592 | 0.592 | 0.177  | 3371.000  | 7012.000  | 40040.000    | 5005.000  |
| 5      | 0   | 5      | 0    | 0    | 0   | GET    | /api/isu/d9f83a17-b0ad-4287-81c1-34d502e736d8/graph | 0.012 | 0.412 | 0.856    | 0.171 | 0.412 | 0.412 | 0.412 | 0.189  | 2691.000  | 6067.000  | 23195.000    | 4639.000  |
| 11     | 0   | 11     | 0    | 0    | 0   | GET    | /api/isu/ca8eafb6-2625-4985-9603-ceb08bef9642       | 0.012 | 0.604 | 1.872    | 0.170 | 0.428 | 0.604 | 0.604 | 0.202  | 134.000   | 134.000   | 1474.000     | 134.000   |
| 6      | 0   | 6      | 0    | 0    | 0   | GET    | /api/isu/c14d829a-1c22-48d6-932f-7540fb57fb6d       | 0.052 | 0.324 | 1.012    | 0.169 | 0.324 | 0.324 | 0.324 | 0.103  | 152.000   | 152.000   | 912.000      | 152.000   |
| 4      | 0   | 4      | 0    | 0    | 0   | GET    | /api/isu/d3146b5b-9134-41cd-8a6d-4000d22171d9       | 0.004 | 0.392 | 0.664    | 0.166 | 0.392 | 0.392 | 0.392 | 0.156  | 146.000   | 146.000   | 584.000      | 146.000   |
| 1      | 0   | 1      | 0    | 0    | 0   | POST   | /initialize                                         | 0.164 | 0.164 | 0.164    | 0.164 | 0.164 | 0.164 | 0.164 | 0.000  | 23.000    | 23.000    | 23.000       | 23.000    |
| 10     | 0   | 10     | 0    | 0    | 0   | GET    | /api/isu/b76c6d91-25c1-4686-ac59-84908d8c2b6d/graph | 0.028 | 0.484 | 1.624    | 0.162 | 0.260 | 0.484 | 0.484 | 0.126  | 3711.000  | 6251.000  | 47591.000    | 4759.100  |
| 5000   | 0   | 4659   | 0    | 341  | 0   | GET    | /api/condition/[a-z0-9-]+                           | 0.004 | 1.024 | 788.196  | 0.158 | 0.388 | 0.560 | 1.000 | 0.196  | 0.000     | 7303.000  | 24802003.000 | 4960.401  |
| 12     | 0   | 12     | 0    | 0    | 0   | GET    | /api/isu/da0d44ab-e114-49d6-8236-16a6809167a8       | 0.008 | 0.900 | 1.884    | 0.157 | 0.312 | 0.900 | 0.900 | 0.241  | 137.000   | 137.000   | 1644.000     | 137.000   |
| 2      | 0   | 2      | 0    | 0    | 0   | GET    | /api/isu/d3146b5b-9134-41cd-8a6d-4000d22171d9/graph | 0.020 | 0.292 | 0.312    | 0.156 | 0.292 | 0.292 | 0.292 | 0.136  | 4029.000  | 4376.000  | 8405.000     | 4202.500  |
| 10     | 0   | 10     | 0    | 0    | 0   | GET    | /api/isu/d694bd28-294e-4664-a819-5be55a1ac243/graph | 0.028 | 0.408 | 1.512    | 0.151 | 0.252 | 0.408 | 0.408 | 0.111  | 3360.000  | 6409.000  | 50709.000    | 5070.900  |
| 8      | 0   | 6      | 0    | 2    | 0   | GET    | /api/isu/c85b3ee5-4ad9-4a44-b130-48c1fd4deab8       | 0.044 | 0.344 | 1.208    | 0.151 | 0.344 | 0.344 | 0.344 | 0.121  | 14.000    | 137.000   | 857.000      | 107.125   |
| 7      | 0   | 7      | 0    | 0    | 0   | GET    | /api/isu/aab9b21f-df20-421d-815d-5b05b963f0e6/graph | 0.016 | 0.436 | 1.052    | 0.150 | 0.436 | 0.436 | 0.436 | 0.125  | 3855.000  | 6231.000  | 34944.000    | 4992.000  |
| 2      | 0   | 0      | 0    | 2    | 0   | GET    | /api/isu/f85cd5f9-c2a8-494b-b2ba-e2f14d86f3a3/icon  | 0.296 | 0.296 | 0.296    | 0.148 | 0.296 | 0.296 | 0.296 | 0.148  | 14.000    | 21.000    | 35.000       | 17.500    |
| 23     | 0   | 19     | 0    | 4    | 0   | GET    | /api/isu/a2791d50-1c04-4954-9603-f338eb4a7dc3       | 0.004 | 3.000 | 3.332    | 0.145 | 0.040 | 0.144 | 3.000 | 0.609  | 0.000     | 131.000   | 2545.000     | 110.652   |
| 5      | 0   | 5      | 0    | 0    | 0   | GET    | /api/isu/de5fae2b-1f69-44d2-80eb-10d69f7a78ea/graph | 0.048 | 0.252 | 0.688    | 0.138 | 0.252 | 0.252 | 0.252 | 0.072  | 3695.000  | 5715.000  | 24731.000    | 4946.200  |
| 4      | 0   | 4      | 0    | 0    | 0   | GET    | /api/isu/f38c4c68-cd28-4da9-a6a0-d3b3193e8333       | 0.040 | 0.336 | 0.548    | 0.137 | 0.336 | 0.336 | 0.336 | 0.116  | 134.000   | 134.000   | 536.000      | 134.000   |
| 16     | 0   | 16     | 0    | 0    | 0   | GET    | /api/isu/ff027760-3fcc-4c3f-8d7e-874c92963e7d/graph | 0.040 | 0.364 | 2.092    | 0.131 | 0.304 | 0.364 | 0.364 | 0.108  | 3359.000  | 6352.000  | 85209.000    | 5325.562  |
| 15     | 0   | 14     | 0    | 1    | 0   | GET    | /api/isu/c216b148-8fb6-493f-b8e0-f43908b3884c/graph | 0.008 | 1.028 | 1.960    | 0.131 | 0.288 | 1.028 | 1.028 | 0.256  | 3531.000  | 6065.000  | 54308.000    | 3620.533  |
| 11     | 0   | 11     | 0    | 0    | 0   | GET    | /api/isu/ab4d025f-5a46-4769-9fbb-b43e10bc864f/graph | 0.020 | 0.352 | 1.432    | 0.130 | 0.276 | 0.352 | 0.352 | 0.108  | 2691.000  | 5869.000  | 50424.000    | 4584.000  |
| 190    | 0   | 186    | 0    | 4    | 0   | POST   | /api/isu                                            | 0.052 | 0.736 | 24.683   | 0.130 | 0.260 | 0.384 | 0.664 | 0.115  | 15.000    | 161.000   | 25847.000    | 136.037   |
| 8      | 0   | 8      | 0    | 0    | 0   | GET    | /api/isu/f85cd5f9-c2a8-494b-b2ba-e2f14d86f3a3       | 0.016 | 0.592 | 1.024    | 0.128 | 0.592 | 0.592 | 0.592 | 0.184  | 134.000   | 134.000   | 1072.000     | 134.000   |
| 5      | 0   | 5      | 0    | 0    | 0   | GET    | /api/isu/b58815e6-1384-4688-9575-043db33bfc6c       | 0.004 | 0.412 | 0.632    | 0.126 | 0.412 | 0.412 | 0.412 | 0.149  | 146.000   | 146.000   | 730.000      | 146.000   |
| 5      | 0   | 5      | 0    | 0    | 0   | GET    | /api/isu/c94a811d-9532-4f17-b36d-22233d013a34       | 0.024 | 0.420 | 0.628    | 0.126 | 0.420 | 0.420 | 0.420 | 0.149  | 137.000   | 137.000   | 685.000      | 137.000   |
| 4      | 0   | 4      | 0    | 0    | 0   | GET    | /api/isu/d9f83a17-b0ad-4287-81c1-34d502e736d8       | 0.020 | 0.228 | 0.484    | 0.121 | 0.228 | 0.228 | 0.228 | 0.077  | 140.000   | 140.000   | 560.000      | 140.000   |
| 7      | 0   | 7      | 0    | 0    | 0   | GET    | /api/isu/acbc5339-3348-4843-880b-00d570e5b8d6       | 0.016 | 0.300 | 0.844    | 0.121 | 0.300 | 0.300 | 0.300 | 0.107  | 143.000   | 143.000   | 1001.000     | 143.000   |
| 20     | 0   | 20     | 0    | 0    | 0   | GET    | /api/isu/ef2b0d5a-1b22-4c44-a34f-6fd12e1c4e1d       | 0.004 | 0.664 | 2.404    | 0.120 | 0.212 | 0.572 | 0.664 | 0.177  | 139.000   | 139.000   | 2780.000     | 139.000   |
| 4      | 0   | 4      | 0    | 0    | 0   | GET    | /api/isu/de5fae2b-1f69-44d2-80eb-10d69f7a78ea       | 0.024 | 0.372 | 0.472    | 0.118 | 0.372 | 0.372 | 0.372 | 0.147  | 137.000   | 137.000   | 548.000      | 137.000   |
| 7      | 0   | 7      | 0    | 0    | 0   | GET    | /api/isu/bfee0bfe-db25-4e93-b8b2-4c56512f45d1       | 0.012 | 0.340 | 0.788    | 0.113 | 0.340 | 0.340 | 0.340 | 0.101  | 125.000   | 125.000   | 875.000      | 125.000   |
| 17     | 0   | 16     | 0    | 1    | 0   | GET    | /api/isu/b1b21bd6-dd60-4126-ab2a-9a3af97d3d5c/graph | 0.004 | 0.376 | 1.860    | 0.109 | 0.356 | 0.376 | 0.376 | 0.126  | 0.000     | 5841.000  | 68071.000    | 4004.176  |
| 5      | 0   | 5      | 0    | 0    | 0   | GET    | /api/isu/d694bd28-294e-4664-a819-5be55a1ac243       | 0.008 | 0.228 | 0.544    | 0.109 | 0.228 | 0.228 | 0.228 | 0.075  | 137.000   | 137.000   | 685.000      | 137.000   |
| 3      | 0   | 3      | 0    | 0    | 0   | GET    | /api/isu/c85b3ee5-4ad9-4a44-b130-48c1fd4deab8/graph | 0.036 | 0.240 | 0.324    | 0.108 | 0.240 | 0.240 | 0.240 | 0.093  | 3359.000  | 6673.000  | 15079.000    | 5026.333  |
| 18     | 0   | 17     | 0    | 1    | 0   | GET    | /api/isu/e8847ce4-b8f4-49b4-907b-55f9afaef9b8/graph | 0.004 | 1.000 | 1.888    | 0.105 | 0.280 | 1.000 | 1.000 | 0.226  | 4007.000  | 6199.000  | 78670.000    | 4370.556  |
| 32     | 0   | 32     | 0    | 0    | 0   | GET    | /api/isu/cfeefe3f-608c-41e7-9d38-bf68b6a19d42/graph | 0.004 | 0.456 | 3.356    | 0.105 | 0.328 | 0.384 | 0.456 | 0.125  | 2691.000  | 6703.000  | 136178.000   | 4255.562  |
| 5      | 0   | 5      | 0    | 0    | 0   | GET    | /api/isu/e2dcace5-7eb5-4c3e-9944-e431058ba5b8       | 0.016 | 0.184 | 0.520    | 0.104 | 0.184 | 0.184 | 0.184 | 0.063  | 134.000   | 134.000   | 670.000      | 134.000   |
| 9      | 0   | 9      | 0    | 0    | 0   | GET    | /api/isu/e2671cb6-6d04-42db-839b-86208a28c79f/graph | 0.008 | 0.280 | 0.932    | 0.104 | 0.280 | 0.280 | 0.280 | 0.101  | 2691.000  | 5722.000  | 39414.000    | 4379.333  |
| 8      | 0   | 8      | 0    | 0    | 0   | GET    | /api/isu/ff027760-3fcc-4c3f-8d7e-874c92963e7d       | 0.004 | 0.384 | 0.820    | 0.103 | 0.384 | 0.384 | 0.384 | 0.125  | 137.000   | 137.000   | 1096.000     | 137.000   |
| 19     | 0   | 15     | 0    | 4    | 0   | GET    | /api/isu/ae1c05cb-dd62-47f4-a723-18964932f745/graph | 0.008 | 0.492 | 1.932    | 0.102 | 0.324 | 0.492 | 0.492 | 0.134  | 14.000    | 6913.000  | 76519.000    | 4027.316  |
| 12     | 0   | 12     | 0    | 0    | 0   | GET    | /api/isu/ac308f52-273b-4556-816b-c9b8611f848a/graph | 0.024 | 0.228 | 1.220    | 0.102 | 0.228 | 0.228 | 0.228 | 0.070  | 3511.000  | 7407.000  | 63083.000    | 5256.917  |
| 25     | 0   | 25     | 0    | 0    | 0   | GET    | /api/isu/fe589926-f7f7-4845-ba99-f438f5689bdf/graph | 0.004 | 0.656 | 2.528    | 0.101 | 0.256 | 0.472 | 0.656 | 0.155  | 2691.000  | 6371.000  | 112843.000   | 4513.720  |
| 18     | 0   | 14     | 0    | 4    | 0   | GET    | /api/isu/ca8eafb6-2625-4985-9603-ceb08bef9642/graph | 0.020 | 0.468 | 1.808    | 0.100 | 0.288 | 0.468 | 0.468 | 0.118  | 14.000    | 7603.000  | 65756.000    | 3653.111  |
| 4      | 0   | 4      | 0    | 0    | 0   | GET    | /api/isu/c1ca33f2-5d7a-4412-97fc-293cab48b9e5       | 0.076 | 0.148 | 0.400    | 0.100 | 0.148 | 0.148 | 0.148 | 0.029  | 143.000   | 143.000   | 572.000      | 143.000   |
| 8      | 0   | 8      | 0    | 0    | 0   | GET    | /api/isu/ac308f52-273b-4556-816b-c9b8611f848a       | 0.012 | 0.196 | 0.788    | 0.099 | 0.196 | 0.196 | 0.196 | 0.064  | 140.000   | 140.000   | 1120.000     | 140.000   |
| 10     | 0   | 10     | 0    | 0    | 0   | GET    | /api/isu/f85cd5f9-c2a8-494b-b2ba-e2f14d86f3a3/graph | 0.016 | 0.264 | 0.984    | 0.098 | 0.248 | 0.264 | 0.264 | 0.088  | 2691.000  | 7413.000  | 49131.000    | 4913.100  |
| 10     | 0   | 10     | 0    | 0    | 0   | GET    | /api/isu/c0f4f9cf-fb41-4961-8494-f5d72e211174/graph | 0.016 | 0.356 | 0.960    | 0.096 | 0.220 | 0.356 | 0.356 | 0.104  | 3025.000  | 6062.000  | 43683.000    | 4368.300  |
| 6      | 0   | 6      | 0    | 0    | 0   | GET    | /api/isu/eef2c342-3494-4a70-b947-21711d419d7d/graph | 0.024 | 0.296 | 0.564    | 0.094 | 0.296 | 0.296 | 0.296 | 0.095  | 2691.000  | 5878.000  | 26707.000    | 4451.167  |
| 14     | 0   | 14     | 0    | 0    | 0   | GET    | /api/isu/c4d2283b-2a80-43c3-9ad5-7cfccf0b1ed1       | 0.004 | 0.896 | 1.304    | 0.093 | 0.120 | 0.896 | 0.896 | 0.226  | 133.000   | 133.000   | 1862.000     | 133.000   |
| 16     | 0   | 16     | 0    | 0    | 0   | GET    | /api/isu/ef2b0d5a-1b22-4c44-a34f-6fd12e1c4e1d/graph | 0.004 | 0.292 | 1.476    | 0.092 | 0.264 | 0.292 | 0.292 | 0.090  | 2691.000  | 6058.000  | 73952.000    | 4622.000  |
| 6      | 0   | 4      | 0    | 2    | 0   | GET    | /api/isu/dbe15b21-2513-4a88-b9a1-abba6da0f9d9       | 0.116 | 0.280 | 0.540    | 0.090 | 0.280 | 0.280 | 0.280 | 0.093  | 14.000    | 146.000   | 619.000      | 103.167   |
| 2      | 0   | 2      | 0    | 0    | 0   | GET    | /api/isu/c14d829a-1c22-48d6-932f-7540fb57fb6d/graph | 0.048 | 0.132 | 0.180    | 0.090 | 0.132 | 0.132 | 0.132 | 0.042  | 2691.000  | 3025.000  | 5716.000     | 2858.000  |
| 2      | 0   | 0      | 0    | 2    | 0   | GET    | /api/isu/bdad42b4-f692-433e-a4a4-1c8191f0a13f/icon  | 0.176 | 0.176 | 0.176    | 0.088 | 0.176 | 0.176 | 0.176 | 0.088  | 14.000    | 21.000    | 35.000       | 17.500    |
| 20     | 0   | 20     | 0    | 0    | 0   | GET    | /api/isu/ec7dd9ff-04f6-4839-9740-b43f69c1370a/graph | 0.012 | 0.372 | 1.756    | 0.088 | 0.228 | 0.364 | 0.372 | 0.112  | 2691.000  | 5516.000  | 78388.000    | 3919.400  |
| 17     | 0   | 17     | 0    | 0    | 0   | GET    | /api/isu/e48d5777-360b-4707-baf2-6e673d8ac167/graph | 0.020 | 0.572 | 1.444    | 0.085 | 0.204 | 0.572 | 0.572 | 0.132  | 2691.000  | 7091.000  | 83598.000    | 4917.529  |
| 4      | 0   | 4      | 0    | 0    | 0   | GET    | /api/isu/f39a7fdf-c14d-49c6-98a5-43a74e6cd4f6       | 0.020 | 0.228 | 0.332    | 0.083 | 0.228 | 0.228 | 0.228 | 0.084  | 152.000   | 152.000   | 608.000      | 152.000   |
| 4      | 0   | 4      | 0    | 0    | 0   | GET    | /api/isu/f38c4c68-cd28-4da9-a6a0-d3b3193e8333/graph | 0.028 | 0.204 | 0.324    | 0.081 | 0.204 | 0.204 | 0.204 | 0.072  | 3025.000  | 5369.000  | 16455.000    | 4113.750  |
| 27     | 0   | 23     | 0    | 4    | 0   | GET    | /api/isu/bdd68c0a-455c-4be5-b8ee-902f27bbf35a/graph | 0.004 | 0.440 | 2.184    | 0.081 | 0.308 | 0.400 | 0.440 | 0.115  | 14.000    | 6611.000  | 99868.000    | 3698.815  |
| 6      | 0   | 6      | 0    | 0    | 0   | GET    | /api/isu/b76c6d91-25c1-4686-ac59-84908d8c2b6d       | 0.020 | 0.120 | 0.476    | 0.079 | 0.120 | 0.120 | 0.120 | 0.031  | 131.000   | 131.000   | 786.000      | 131.000   |
| 23     | 0   | 23     | 0    | 0    | 0   | GET    | /api/isu/c6f0b1a5-8fa9-4352-8911-1b805207c9f5/graph | 0.004 | 0.512 | 1.824    | 0.079 | 0.184 | 0.204 | 0.512 | 0.111  | 2691.000  | 5743.000  | 99415.000    | 4322.391  |
| 2141   | 0   | 1885   | 0    | 256  | 0   | GET    | /api/isu/[0-9]+                                     | 0.004 | 1.256 | 169.353  | 0.079 | 0.192 | 0.316 | 0.888 | 0.140  | 0.000     | 7894.000  | 4327408.000  | 2021.209  |
| 21     | 0   | 21     | 0    | 0    | 0   | GET    | /api/isu/cb4a525b-6cc2-46d0-980a-13b531d516b1/graph | 0.008 | 0.244 | 1.624    | 0.077 | 0.204 | 0.240 | 0.244 | 0.077  | 2691.000  | 7101.000  | 98873.000    | 4708.238  |
| 5      | 0   | 4      | 0    | 1    | 0   | GET    | /api/isu/d574a591-5aff-47f7-ba3e-48606b36803d       | 0.028 | 0.140 | 0.384    | 0.077 | 0.140 | 0.140 | 0.140 | 0.039  | 0.000     | 143.000   | 572.000      | 114.400   |
| 30     | 0   | 26     | 0    | 4    | 0   | GET    | /api/isu/bc2d9082-2f5a-492b-a2ad-765313fb21c2/graph | 0.080 | 0.440 | 2.252    | 0.075 | 0.260 | 0.380 | 0.440 | 0.118  | 14.000    | 6193.000  | 102799.000   | 3426.633  |
| 11     | 0   | 11     | 0    | 0    | 0   | GET    | /api/isu/c1ca33f2-5d7a-4412-97fc-293cab48b9e5/graph | 0.020 | 0.256 | 0.820    | 0.075 | 0.140 | 0.256 | 0.256 | 0.065  | 4211.000  | 6233.000  | 59574.000    | 5415.818  |
| 12     | 0   | 8      | 0    | 4    | 0   | GET    | /api/isu/ade0f0f0-da20-4072-80dc-58e9681b6d35/graph | 0.004 | 0.288 | 0.868    | 0.072 | 0.112 | 0.288 | 0.288 | 0.075  | 14.000    | 6075.000  | 38464.000    | 3205.333  |
| 15     | 0   | 13     | 0    | 2    | 0   | GET    | /api/isu/ae1c05cb-dd62-47f4-a723-18964932f745       | 0.020 | 0.588 | 1.076    | 0.072 | 0.348 | 0.588 | 0.588 | 0.162  | 14.000    | 142.000   | 1881.000     | 125.400   |
| 9      | 0   | 9      | 0    | 0    | 0   | GET    | /api/isu/a20dd047-c3df-4193-b24f-e99390ed4806       | 0.004 | 0.220 | 0.644    | 0.072 | 0.220 | 0.220 | 0.220 | 0.064  | 137.000   | 137.000   | 1233.000     | 137.000   |
| 7      | 0   | 7      | 0    | 0    | 0   | GET    | /api/isu/a20dd047-c3df-4193-b24f-e99390ed4806/graph | 0.016 | 0.244 | 0.500    | 0.071 | 0.244 | 0.244 | 0.244 | 0.072  | 2691.000  | 6389.000  | 30564.000    | 4366.286  |
| 22     | 0   | 22     | 0    | 0    | 0   | GET    | /api/isu/c4d2283b-2a80-43c3-9ad5-7cfccf0b1ed1/graph | 0.004 | 0.476 | 1.520    | 0.069 | 0.144 | 0.184 | 0.476 | 0.099  | 2691.000  | 6060.000  | 97340.000    | 4424.545  |
| 1744   | 0   | 1702   | 0    | 42   | 0   | GET    | /api/isu                                            | 0.004 | 1.144 | 120.381  | 0.069 | 0.164 | 0.252 | 0.564 | 0.110  | 0.000     | 4661.000  | 4476199.000  | 2566.628  |
| 2      | 0   | 2      | 0    | 0    | 0   | GET    | /api/isu/dbe15b21-2513-4a88-b9a1-abba6da0f9d9/graph | 0.044 | 0.092 | 0.136    | 0.068 | 0.092 | 0.092 | 0.092 | 0.024  | 2691.000  | 3360.000  | 6051.000     | 3025.500  |
| 21     | 0   | 21     | 0    | 0    | 0   | GET    | /api/isu/bde5e5aa-d495-4bd7-87b7-3517b087043f/graph | 0.008 | 0.496 | 1.404    | 0.067 | 0.120 | 0.160 | 0.496 | 0.104  | 2691.000  | 6036.000  | 94787.000    | 4513.667  |
| 40     | 0   | 38     | 0    | 2    | 0   | GET    | /api/isu/d05824e5-b06b-4c9b-ae22-f6de9ee9939b       | 0.004 | 0.752 | 2.616    | 0.065 | 0.100 | 0.180 | 0.752 | 0.121  | 14.000    | 133.000   | 5089.000     | 127.225   |
| 4      | 0   | 0      | 0    | 4    | 0   | GET    | /api/isu/ade0f0f0-da20-4072-80dc-58e9681b6d35/icon  | 0.244 | 0.244 | 0.260    | 0.065 | 0.244 | 0.244 | 0.244 | 0.103  | 14.000    | 21.000    | 70.000       | 17.500    |
| 24     | 0   | 24     | 0    | 0    | 0   | GET    | /api/isu/c7e2e1de-8c1f-4c24-9c6f-484e434d986d/graph | 0.012 | 0.444 | 1.560    | 0.065 | 0.140 | 0.168 | 0.444 | 0.091  | 2691.000  | 6070.000  | 104508.000   | 4354.500  |
| 1      | 0   | 1      | 0    | 0    | 0   | GET    | /api/isu/a93cc4b1-ad17-4b3d-8889-78d5961de0c4       | 0.064 | 0.064 | 0.064    | 0.064 | 0.064 | 0.064 | 0.064 | 0.000  | 132.000   | 132.000   | 132.000      | 132.000   |
| 2      | 0   | 2      | 0    | 0    | 0   | GET    | /api/isu/fc8c13d7-fa93-458b-a695-7c3d486f1c78       | 0.040 | 0.084 | 0.124    | 0.062 | 0.084 | 0.084 | 0.084 | 0.022  | 140.000   | 140.000   | 280.000      | 140.000   |
| 8      | 0   | 8      | 0    | 0    | 0   | GET    | /api/isu/fb00876c-d5c3-49fb-b5b8-abc013482400       | 0.016 | 0.116 | 0.492    | 0.061 | 0.116 | 0.116 | 0.116 | 0.034  | 140.000   | 140.000   | 1120.000     | 140.000   |
| 3      | 0   | 3      | 0    | 0    | 0   | GET    | /api/isu/ed6a7c01-1f4c-4c3a-a4af-a7f1b1a3700d/graph | 0.020 | 0.136 | 0.176    | 0.059 | 0.136 | 0.136 | 0.136 | 0.055  | 3363.000  | 4707.000  | 12612.000    | 4204.000  |
| 6      | 0   | 6      | 0    | 0    | 0   | GET    | /api/isu/aab9b21f-df20-421d-815d-5b05b963f0e6       | 0.004 | 0.108 | 0.336    | 0.056 | 0.108 | 0.108 | 0.108 | 0.038  | 143.000   | 143.000   | 858.000      | 143.000   |
| 4      | 0   | 4      | 0    | 0    | 0   | GET    | /api/isu/ed6a7c01-1f4c-4c3a-a4af-a7f1b1a3700d       | 0.020 | 0.112 | 0.224    | 0.056 | 0.112 | 0.112 | 0.112 | 0.036  | 140.000   | 140.000   | 560.000      | 140.000   |
| 19     | 0   | 19     | 0    | 0    | 0   | GET    | /api/isu/ec7dd9ff-04f6-4839-9740-b43f69c1370a       | 0.004 | 0.640 | 1.056    | 0.056 | 0.148 | 0.640 | 0.640 | 0.143  | 136.000   | 136.000   | 2584.000     | 136.000   |
| 11     | 0   | 11     | 0    | 0    | 0   | GET    | /api/isu/e9d957fd-6039-416a-ae59-c4728e1303e2/graph | 0.004 | 0.148 | 0.611    | 0.056 | 0.120 | 0.148 | 0.148 | 0.047  | 2691.000  | 6073.000  | 51872.000    | 4715.636  |
| 32     | 0   | 28     | 0    | 4    | 0   | GET    | /api/isu/d05824e5-b06b-4c9b-ae22-f6de9ee9939b/graph | 0.004 | 0.300 | 1.744    | 0.055 | 0.108 | 0.168 | 0.300 | 0.060  | 14.000    | 6781.000  | 128278.000   | 4008.688  |
| 11     | 0   | 11     | 0    | 0    | 0   | GET    | /api/isu/bfee0bfe-db25-4e93-b8b2-4c56512f45d1/graph | 0.004 | 0.144 | 0.596    | 0.054 | 0.100 | 0.144 | 0.144 | 0.042  | 3705.000  | 7512.000  | 58764.000    | 5342.182  |
| 16     | 0   | 16     | 0    | 0    | 0   | GET    | /api/isu/e8847ce4-b8f4-49b4-907b-55f9afaef9b8       | 0.008 | 0.296 | 0.848    | 0.053 | 0.196 | 0.296 | 0.296 | 0.086  | 136.000   | 136.000   | 2176.000     | 136.000   |
| 11     | 0   | 11     | 0    | 0    | 0   | GET    | /api/isu/d0b8be4e-1735-4d24-9885-b3fec91777e1/graph | 0.012 | 0.280 | 0.568    | 0.052 | 0.064 | 0.280 | 0.280 | 0.074  | 2691.000  | 7055.000  | 47698.000    | 4336.182  |
| 4      | 0   | 0      | 0    | 4    | 0   | GET    | /api/isu/fe26a560-b9ee-42b1-9692-502a86385046/graph | 0.200 | 0.200 | 0.204    | 0.051 | 0.200 | 0.200 | 0.200 | 0.086  | 14.000    | 21.000    | 72.000       | 18.000    |
| 12     | 0   | 12     | 0    | 0    | 0   | GET    | /api/isu/d56e71a8-1a34-429b-ba22-d1d713a85b71/graph | 0.008 | 0.252 | 0.612    | 0.051 | 0.128 | 0.252 | 0.252 | 0.073  | 2691.000  | 5045.000  | 44912.000    | 3742.667  |
| 10     | 0   | 10     | 0    | 0    | 0   | GET    | /api/isu/d5df3cfb-cfe6-45d3-967f-0c9c4850747e/graph | 0.008 | 0.176 | 0.488    | 0.049 | 0.100 | 0.176 | 0.176 | 0.050  | 3371.000  | 6051.000  | 51943.000    | 5194.300  |
| 1      | 0   | 1      | 0    | 0    | 0   | GET    | /api/isu/cbbde6a9-698c-42fe-b4c1-36599ced0927       | 0.048 | 0.048 | 0.048    | 0.048 | 0.048 | 0.048 | 0.048 | 0.000  | 134.000   | 134.000   | 134.000      | 134.000   |
| 762    | 0   | 469    | 0    | 293  | 0   | POST   | /api/auth                                           | 0.044 | 1.004 | 35.224   | 0.046 | 0.120 | 0.228 | 0.692 | 0.117  | 0.000     | 19.000    | 3312.000     | 4.346     |
| 2      | 0   | 2      | 0    | 0    | 0   | GET    | /api/isu/b3f2a679-0f54-452e-836a-c9486d62358d/graph | 0.016 | 0.076 | 0.092    | 0.046 | 0.076 | 0.076 | 0.076 | 0.030  | 2691.000  | 3358.000  | 6049.000     | 3024.500  |
| 2      | 0   | 2      | 0    | 0    | 0   | GET    | /api/isu/b58815e6-1384-4688-9575-043db33bfc6c/graph | 0.044 | 0.048 | 0.092    | 0.046 | 0.048 | 0.048 | 0.048 | 0.002  | 3026.000  | 4696.000  | 7722.000     | 3861.000  |
| 4      | 0   | 4      | 0    | 0    | 0   | GET    | /api/isu/dae3e27b-3e6a-4950-b2ce-d5ff31e5d86d       | 0.004 | 0.084 | 0.180    | 0.045 | 0.084 | 0.084 | 0.084 | 0.028  | 137.000   | 137.000   | 548.000      | 137.000   |
| 4      | 0   | 4      | 0    | 0    | 0   | GET    | /api/isu/b3f2a679-0f54-452e-836a-c9486d62358d       | 0.008 | 0.104 | 0.176    | 0.044 | 0.104 | 0.104 | 0.104 | 0.040  | 140.000   | 140.000   | 560.000      | 140.000   |
| 18     | 0   | 16     | 0    | 2    | 0   | GET    | /api/isu/b5414585-9f8e-4b91-ab26-ac91602050bd       | 0.004 | 0.372 | 0.772    | 0.043 | 0.156 | 0.372 | 0.372 | 0.088  | 14.000    | 148.000   | 2403.000     | 133.500   |
| 7      | 0   | 7      | 0    | 0    | 0   | GET    | /api/isu/c0f4f9cf-fb41-4961-8494-f5d72e211174       | 0.012 | 0.104 | 0.300    | 0.043 | 0.104 | 0.104 | 0.104 | 0.029  | 143.000   | 143.000   | 1001.000     | 143.000   |
| 3      | 0   | 3      | 0    | 0    | 0   | GET    | /api/isu/c94a811d-9532-4f17-b36d-22233d013a34/graph | 0.024 | 0.064 | 0.128    | 0.043 | 0.064 | 0.064 | 0.064 | 0.016  | 3361.000  | 4032.000  | 10904.000    | 3634.667  |
| 13     | 0   | 13     | 0    | 0    | 0   | GET    | /api/isu/a2791d50-1c04-4954-9603-f338eb4a7dc3/graph | 0.004 | 0.236 | 0.548    | 0.042 | 0.112 | 0.236 | 0.236 | 0.063  | 2691.000  | 5554.000  | 46107.000    | 3546.692  |
| 15     | 0   | 15     | 0    | 0    | 0   | GET    | /api/isu/bde5e5aa-d495-4bd7-87b7-3517b087043f       | 0.004 | 0.120 | 0.624    | 0.042 | 0.120 | 0.120 | 0.120 | 0.044  | 130.000   | 130.000   | 1950.000     | 130.000   |
| 8      | 0   | 8      | 0    | 0    | 0   | GET    | /api/isu/eef2c342-3494-4a70-b947-21711d419d7d       | 0.004 | 0.148 | 0.320    | 0.040 | 0.148 | 0.148 | 0.148 | 0.046  | 143.000   | 143.000   | 1144.000     | 143.000   |
| 1      | 0   | 1      | 0    | 0    | 0   | GET    | /api/isu/a58cfe47-8fb3-49e6-8820-999cbcb38a38       | 0.040 | 0.040 | 0.040    | 0.040 | 0.040 | 0.040 | 0.040 | 0.000  | 140.000   | 140.000   | 140.000      | 140.000   |
| 20     | 0   | 20     | 0    | 0    | 0   | GET    | /api/isu/c216b148-8fb6-493f-b8e0-f43908b3884c       | 0.004 | 0.456 | 0.784    | 0.039 | 0.044 | 0.136 | 0.456 | 0.100  | 145.000   | 145.000   | 2900.000     | 145.000   |
| 31     | 0   | 31     | 0    | 0    | 0   | GET    | /api/isu/cfeefe3f-608c-41e7-9d38-bf68b6a19d42       | 0.008 | 0.312 | 1.140    | 0.037 | 0.112 | 0.168 | 0.312 | 0.067  | 136.000   | 136.000   | 4216.000     | 136.000   |
| 17     | 0   | 17     | 0    | 0    | 0   | GET    | /api/isu/bfe7ecbc-234c-4bf7-8bbe-a697414347a8/graph | 0.012 | 0.144 | 0.612    | 0.036 | 0.092 | 0.144 | 0.144 | 0.038  | 2691.000  | 6022.000  | 71753.000    | 4220.765  |
| 8      | 0   | 0      | 0    | 8    | 0   | GET    | /api/isu/c648b087-fe00-4ea2-a524-b2e80555893f/icon  | 0.032 | 0.240 | 0.288    | 0.036 | 0.240 | 0.240 | 0.240 | 0.078  | 14.000    | 21.000    | 140.000      | 17.500    |
| 35     | 0   | 31     | 0    | 4    | 0   | GET    | /api/isu/e05f65e3-7892-480d-861d-c6b5a05fc5f0/graph | 0.012 | 0.172 | 1.252    | 0.036 | 0.104 | 0.156 | 0.172 | 0.042  | 14.000    | 6409.000  | 128040.000   | 3658.286  |
| 19     | 0   | 19     | 0    | 0    | 0   | GET    | /api/isu/c7e2e1de-8c1f-4c24-9c6f-484e434d986d       | 0.004 | 0.192 | 0.656    | 0.035 | 0.156 | 0.192 | 0.192 | 0.057  | 142.000   | 142.000   | 2698.000     | 142.000   |
| 36     | 0   | 36     | 0    | 0    | 0   | GET    | /api/isu/bc2d9082-2f5a-492b-a2ad-765313fb21c2       | 0.004 | 0.636 | 1.240    | 0.034 | 0.080 | 0.192 | 0.636 | 0.108  | 142.000   | 142.000   | 5112.000     | 142.000   |
| 4      | 0   | 0      | 0    | 4    | 0   | GET    | /api/isu/cab99f63-bb3a-4648-b6df-376396f2c7ab/graph | 0.136 | 0.136 | 0.136    | 0.034 | 0.136 | 0.136 | 0.136 | 0.059  | 14.000    | 21.000    | 72.000       | 18.000    |
| 4      | 0   | 4      | 0    | 0    | 0   | GET    | /api/isu/d577d0a4-0966-4996-b8ae-f968d00e4b9b       | 0.008 | 0.084 | 0.132    | 0.033 | 0.084 | 0.084 | 0.084 | 0.030  | 146.000   | 146.000   | 584.000      | 146.000   |
| 20     | 0   | 20     | 0    | 0    | 0   | GET    | /api/isu/ee9ded2c-4ad2-4919-bc77-1bd1922d04a0       | 0.004 | 0.272 | 0.660    | 0.033 | 0.100 | 0.164 | 0.272 | 0.068  | 136.000   | 136.000   | 2720.000     | 136.000   |
| 6      | 0   | 6      | 0    | 0    | 0   | GET    | /api/isu/c69c25c5-f93d-4499-86f4-d6767e53a48d       | 0.004 | 0.080 | 0.192    | 0.032 | 0.080 | 0.080 | 0.080 | 0.026  | 143.000   | 143.000   | 858.000      | 143.000   |
| 14     | 0   | 14     | 0    | 0    | 0   | GET    | /api/isu/e48d5777-360b-4707-baf2-6e673d8ac167       | 0.016 | 0.108 | 0.436    | 0.031 | 0.084 | 0.108 | 0.108 | 0.036  | 139.000   | 139.000   | 1946.000     | 139.000   |
| 13     | 0   | 9      | 0    | 4    | 0   | GET    | /api/isu/bdad42b4-f692-433e-a4a4-1c8191f0a13f/graph | 0.044 | 0.132 | 0.404    | 0.031 | 0.096 | 0.132 | 0.132 | 0.040  | 14.000    | 6163.000  | 38686.000    | 2975.846  |
| 14     | 0   | 14     | 0    | 0    | 0   | GET    | /api/isu/d0b8be4e-1735-4d24-9885-b3fec91777e1       | 0.004 | 0.164 | 0.420    | 0.030 | 0.140 | 0.164 | 0.164 | 0.051  | 142.000   | 142.000   | 1988.000     | 142.000   |
| 4      | 0   | 4      | 0    | 0    | 0   | GET    | /api/isu/e2dcace5-7eb5-4c3e-9944-e431058ba5b8/graph | 0.008 | 0.048 | 0.116    | 0.029 | 0.048 | 0.048 | 0.048 | 0.014  | 3360.000  | 5553.000  | 19037.000    | 4759.250  |
| 40     | 0   | 38     | 0    | 2    | 0   | GET    | /api/isu/e05f65e3-7892-480d-861d-c6b5a05fc5f0       | 0.008 | 0.240 | 1.124    | 0.028 | 0.052 | 0.152 | 0.240 | 0.053  | 14.000    | 142.000   | 5431.000     | 135.775   |
| 9      | 0   | 9      | 0    | 0    | 0   | GET    | /api/isu/af4b7a7b-5747-4495-9f28-6029e4d36ba4/graph | 0.008 | 0.168 | 0.248    | 0.028 | 0.168 | 0.168 | 0.168 | 0.051  | 2691.000  | 6220.000  | 33299.000    | 3699.889  |
| 17     | 0   | 17     | 0    | 0    | 0   | GET    | /api/isu/b1b21bd6-dd60-4126-ab2a-9a3af97d3d5c       | 0.004 | 0.284 | 0.456    | 0.027 | 0.048 | 0.284 | 0.284 | 0.066  | 136.000   | 136.000   | 2312.000     | 136.000   |
| 16     | 0   | 14     | 0    | 2    | 0   | GET    | /api/isu/cb4a525b-6cc2-46d0-980a-13b531d516b1       | 0.012 | 0.132 | 0.392    | 0.025 | 0.124 | 0.132 | 0.132 | 0.040  | 14.000    | 139.000   | 1981.000     | 123.812   |
| 16     | 0   | 16     | 0    | 0    | 0   | GET    | /api/isu/ee9ded2c-4ad2-4919-bc77-1bd1922d04a0/graph | 0.004 | 0.088 | 0.388    | 0.024 | 0.060 | 0.088 | 0.088 | 0.023  | 2691.000  | 5571.000  | 64732.000    | 4045.750  |
| 22     | 0   | 22     | 0    | 0    | 0   | GET    | /api/isu/bfe7ecbc-234c-4bf7-8bbe-a697414347a8       | 0.012 | 0.240 | 0.532    | 0.024 | 0.068 | 0.128 | 0.240 | 0.055  | 136.000   | 136.000   | 2992.000     | 136.000   |
| 3      | 0   | 3      | 0    | 0    | 0   | GET    | /api/isu/f39a7fdf-c14d-49c6-98a5-43a74e6cd4f6/graph | 0.008 | 0.044 | 0.072    | 0.024 | 0.044 | 0.044 | 0.044 | 0.015  | 2691.000  | 5038.000  | 12460.000    | 4153.333  |
| 4      | 0   | 4      | 0    | 0    | 0   | GET    | /api/isu/dcc537e2-38fa-48c7-99a3-0f77dbf9d381       | 0.012 | 0.080 | 0.096    | 0.024 | 0.080 | 0.080 | 0.080 | 0.033  | 131.000   | 131.000   | 524.000      | 131.000   |
| 2      | 0   | 0      | 0    | 2    | 0   | GET    | /api/isu/c6f0b1a5-8fa9-4352-8911-1b805207c9f5/icon  | 0.048 | 0.048 | 0.048    | 0.024 | 0.048 | 0.048 | 0.048 | 0.024  | 14.000    | 21.000    | 35.000       | 17.500    |
| 16     | 0   | 16     | 0    | 0    | 0   | GET    | /api/isu/d56e71a8-1a34-429b-ba22-d1d713a85b71       | 0.024 | 0.084 | 0.372    | 0.023 | 0.084 | 0.084 | 0.084 | 0.030  | 131.000   | 131.000   | 2096.000     | 131.000   |
| 3      | 0   | 3      | 0    | 0    | 0   | GET    | /api/isu/c69c25c5-f93d-4499-86f4-d6767e53a48d/graph | 0.020 | 0.028 | 0.068    | 0.023 | 0.028 | 0.028 | 0.028 | 0.004  | 4028.000  | 6037.000  | 15276.000    | 5092.000  |
| 19     | 0   | 15     | 0    | 4    | 0   | GET    | /api/isu/b5414585-9f8e-4b91-ab26-ac91602050bd/graph | 0.004 | 0.092 | 0.424    | 0.022 | 0.072 | 0.092 | 0.092 | 0.026  | 14.000    | 6883.000  | 71004.000    | 3737.053  |
| 20     | 0   | 20     | 0    | 0    | 0   | GET    | /api/isu/fe589926-f7f7-4845-ba99-f438f5689bdf       | 0.004 | 0.168 | 0.404    | 0.020 | 0.068 | 0.096 | 0.168 | 0.042  | 139.000   | 139.000   | 2780.000     | 139.000   |
| 2      | 0   | 2      | 0    | 0    | 0   | GET    | /api/isu/eea3e6eb-4a16-4103-b163-eff48abc598e       | 0.016 | 0.024 | 0.040    | 0.020 | 0.024 | 0.024 | 0.024 | 0.004  | 134.000   | 134.000   | 268.000      | 134.000   |
| 16     | 0   | 0      | 0    | 16   | 0   | GET    | /api/isu/c648b087-fe00-4ea2-a524-b2e80555893f/graph | 0.256 | 0.256 | 0.296    | 0.018 | 0.024 | 0.256 | 0.256 | 0.062  | 14.000    | 21.000    | 288.000      | 18.000    |
| 21     | 0   | 19     | 0    | 2    | 0   | GET    | /api/isu/c6f0b1a5-8fa9-4352-8911-1b805207c9f5       | 0.004 | 0.184 | 0.384    | 0.018 | 0.028 | 0.056 | 0.184 | 0.040  | 14.000    | 139.000   | 2676.000     | 127.429   |
| 2      | 0   | 0      | 0    | 2    | 0   | GET    | /api/isu/d05824e5-b06b-4c9b-ae22-f6de9ee9939b/icon  | 0.032 | 0.032 | 0.032    | 0.016 | 0.032 | 0.032 | 0.032 | 0.016  | 14.000    | 21.000    | 35.000       | 17.500    |
| 13     | 0   | 13     | 0    | 0    | 0   | GET    | /api/isu/af4b7a7b-5747-4495-9f28-6029e4d36ba4       | 0.020 | 0.096 | 0.200    | 0.015 | 0.052 | 0.096 | 0.096 | 0.027  | 133.000   | 133.000   | 1729.000     | 133.000   |
| 13     | 0   | 13     | 0    | 0    | 0   | GET    | /api/isu/e9d957fd-6039-416a-ae59-c4728e1303e2       | 0.004 | 0.060 | 0.180    | 0.014 | 0.032 | 0.060 | 0.060 | 0.017  | 139.000   | 139.000   | 1807.000     | 139.000   |
| 5      | 0   | 1      | 0    | 4    | 0   | GET    | /api/isu/ec40aed9-b717-4e3b-9bca-ec0a53470a70       | 0.060 | 0.060 | 0.064    | 0.013 | 0.060 | 0.060 | 0.060 | 0.024  | 14.000    | 142.000   | 212.000      | 42.400    |
| 1      | 0   | 1      | 0    | 0    | 0   | GET    | /api/isu/e572a2de-2a99-4a8f-89e0-85beb208c03c       | 0.012 | 0.012 | 0.012    | 0.012 | 0.012 | 0.012 | 0.012 | 0.000  | 146.000   | 146.000   | 146.000      | 146.000   |
| 4      | 0   | 4      | 0    | 0    | 0   | GET    | /api/isu/e2671cb6-6d04-42db-839b-86208a28c79f       | 0.008 | 0.016 | 0.044    | 0.011 | 0.016 | 0.016 | 0.016 | 0.003  | 134.000   | 134.000   | 536.000      | 134.000   |
| 22     | 0   | 22     | 0    | 0    | 0   | GET    | /api/isu/bdd68c0a-455c-4be5-b8ee-902f27bbf35a       | 0.008 | 0.064 | 0.240    | 0.011 | 0.028 | 0.032 | 0.064 | 0.014  | 130.000   | 130.000   | 2860.000     | 130.000   |
| 2      | 0   | 0      | 0    | 2    | 0   | GET    | /api/isu/ec40aed9-b717-4e3b-9bca-ec0a53470a70/icon  | 0.020 | 0.020 | 0.020    | 0.010 | 0.020 | 0.020 | 0.020 | 0.010  | 14.000    | 21.000    | 35.000       | 17.500    |
| 10     | 0   | 2      | 0    | 8    | 0   | GET    | /api/isu/eb104b95-3532-4828-8550-89da717b9667/graph | 0.004 | 0.072 | 0.092    | 0.009 | 0.008 | 0.072 | 0.072 | 0.021  | 14.000    | 6841.000  | 12280.000    | 1228.000  |
| 8      | 0   | 0      | 0    | 8    | 0   | GET    | /api/isu/c648b087-fe00-4ea2-a524-b2e80555893f       | 0.004 | 0.028 | 0.068    | 0.009 | 0.028 | 0.028 | 0.028 | 0.008  | 14.000    | 21.000    | 140.000      | 17.500    |
| 1      | 0   | 1      | 0    | 0    | 0   | GET    | /api/isu/b87ab37d-f0a2-41d5-af95-9425b5f74358       | 0.008 | 0.008 | 0.008    | 0.008 | 0.008 | 0.008 | 0.008 | 0.000  | 140.000   | 140.000   | 140.000      | 140.000   |
| 178457 | 0   | 172621 | 0    | 5836 | 0   | POST   | /api/condition/[a-z0-9-]+                           | 0.008 | 0.148 | 1272.569 | 0.007 | 0.012 | 0.060 | 0.104 | 0.021  | 0.000     | 14.000    | 112.000      | 0.001     |
| 13     | 0   | 13     | 0    | 0    | 0   | GET    | /api/isu/bdad42b4-f692-433e-a4a4-1c8191f0a13f       | 0.004 | 0.028 | 0.088    | 0.007 | 0.016 | 0.028 | 0.028 | 0.008  | 133.000   | 133.000   | 1729.000     | 133.000   |
| 5      | 0   | 1      | 0    | 4    | 0   | GET    | /api/isu/eb104b95-3532-4828-8550-89da717b9667       | 0.020 | 0.020 | 0.032    | 0.006 | 0.020 | 0.020 | 0.020 | 0.007  | 14.000    | 138.000   | 208.000      | 41.600    |
| 2      | 0   | 2      | 0    | 0    | 0   | GET    | /api/isu/dae3e27b-3e6a-4950-b2ce-d5ff31e5d86d/graph | 0.012 | 0.012 | 0.012    | 0.006 | 0.012 | 0.012 | 0.012 | 0.006  | 3025.000  | 4359.000  | 7384.000     | 3692.000  |
| 2      | 0   | 2      | 0    | 0    | 0   | GET    | /api/isu/b82dcff4-8fae-4773-9956-22ab354adb7e/graph | 0.004 | 0.004 | 0.008    | 0.004 | 0.004 | 0.004 | 0.004 | 0.000  | 5297.000  | 6875.000  | 12172.000    | 6086.000  |
| 1      | 0   | 1      | 0    | 0    | 0   | GET    | /isu/8469e6f6-0d29-4052-87cf-dd9bfde45014           | 0.004 | 0.004 | 0.004    | 0.004 | 0.004 | 0.004 | 0.004 | 0.000  | 528.000   | 528.000   | 528.000      | 528.000   |
| 1      | 0   | 1      | 0    | 0    | 0   | GET    | /isu/3af9b2b1-0111-4add-ab0c-5e122896bcda/graph     | 0.004 | 0.004 | 0.004    | 0.004 | 0.004 | 0.004 | 0.004 | 0.000  | 528.000   | 528.000   | 528.000      | 528.000   |
| 4      | 0   | 0      | 0    | 4    | 0   | GET    | /api/isu/b14b8bad-6b89-4997-95de-27e85ed058f8/graph | 0.012 | 0.012 | 0.012    | 0.003 | 0.012 | 0.012 | 0.012 | 0.005  | 14.000    | 21.000    | 72.000       | 18.000    |
| 4      | 0   | 0      | 0    | 4    | 0   | GET    | /api/isu/ec40aed9-b717-4e3b-9bca-ec0a53470a70/graph | 0.004 | 0.008 | 0.012    | 0.003 | 0.008 | 0.008 | 0.008 | 0.003  | 14.000    | 21.000    | 72.000       | 18.000    |
| 2      | 0   | 0      | 0    | 2    | 0   | GET    | /api/isu/cab99f63-bb3a-4648-b6df-376396f2c7ab       | 0.004 | 0.004 | 0.004    | 0.002 | 0.004 | 0.004 | 0.004 | 0.002  | 14.000    | 21.000    | 35.000       | 17.500    |
| 3      | 0   | 1      | 2    | 0    | 0   | GET    | /isu/8469e6f6-0d29-4052-87cf-dd9bfde45014/condition | 0.000 | 0.004 | 0.004    | 0.001 | 0.004 | 0.004 | 0.004 | 0.002  | 0.000     | 528.000   | 528.000      | 176.000   |
| 7982   | 0   | 828    | 7154 | 0    | 0   | GET    | /                                                   | 0.000 | 0.032 | 8.176    | 0.001 | 0.004 | 0.004 | 0.008 | 0.002  | 0.000     | 528.000   | 437184.000   | 54.771    |
| 723    | 0   | 362    | 0    | 361  | 0   | GET    | /api/user/me                                        | 0.000 | 0.016 | 0.736    | 0.001 | 0.004 | 0.004 | 0.008 | 0.002  | 21.000    | 44.000    | 21464.000    | 29.687    |
| 365    | 0   | 328    | 0    | 37   | 0   | POST   | /api/signout                                        | 0.000 | 0.008 | 0.356    | 0.001 | 0.004 | 0.004 | 0.008 | 0.002  | 0.000     | 21.000    | 777.000      | 2.129     |
| 1      | 0   | 1      | 0    | 0    | 0   | GET    | /isu/8fb74e6e-4f8d-4a33-9862-dbcdc0712c7e           | 0.000 | 0.000 | 0.000    | 0.000 | 0.000 | 0.000 | 0.000 | 0.000  | 528.000   | 528.000   | 528.000      | 528.000   |
| 3      | 0   | 1      | 2    | 0    | 0   | GET    | /isu/b82dcff4-8fae-4773-9956-22ab354adb7e/condition | 0.000 | 0.000 | 0.000    | 0.000 | 0.000 | 0.000 | 0.000 | 0.000  | 0.000     | 528.000   | 528.000      | 176.000   |
| 3      | 0   | 1      | 2    | 0    | 0   | GET    | /isu/eb104b95-3532-4828-8550-89da717b9667/condition | 0.000 | 0.000 | 0.000    | 0.000 | 0.000 | 0.000 | 0.000 | 0.000  | 0.000     | 528.000   | 528.000      | 176.000   |
| 1      | 0   | 1      | 0    | 0    | 0   | GET    | /isu/15063e10-26fc-4dac-ae3a-1f195e0c6c4a           | 0.000 | 0.000 | 0.000    | 0.000 | 0.000 | 0.000 | 0.000 | 0.000  | 528.000   | 528.000   | 528.000      | 528.000   |
| 3      | 0   | 1      | 2    | 0    | 0   | GET    | /isu/15063e10-26fc-4dac-ae3a-1f195e0c6c4a/condition | 0.000 | 0.000 | 0.000    | 0.000 | 0.000 | 0.000 | 0.000 | 0.000  | 0.000     | 528.000   | 528.000      | 176.000   |
| 2      | 0   | 0      | 0    | 2    | 0   | GET    | /api/isu/b82dcff4-8fae-4773-9956-22ab354adb7e/icon  | 0.000 | 0.000 | 0.000    | 0.000 | 0.000 | 0.000 | 0.000 | 0.000  | 14.000    | 21.000    | 35.000       | 17.500    |
| 3      | 0   | 1      | 2    | 0    | 0   | GET    | /isu/8fb74e6e-4f8d-4a33-9862-dbcdc0712c7e/condition | 0.000 | 0.000 | 0.000    | 0.000 | 0.000 | 0.000 | 0.000 | 0.000  | 0.000     | 528.000   | 528.000      | 176.000   |
| 1      | 0   | 1      | 0    | 0    | 0   | GET    | /isu/b82dcff4-8fae-4773-9956-22ab354adb7e/graph     | 0.000 | 0.000 | 0.000    | 0.000 | 0.000 | 0.000 | 0.000 | 0.000  | 528.000   | 528.000   | 528.000      | 528.000   |
| 3      | 0   | 1      | 0    | 2    | 0   | GET    | /api/isu/b82dcff4-8fae-4773-9956-22ab354adb7e       | 0.000 | 0.000 | 0.000    | 0.000 | 0.000 | 0.000 | 0.000 | 0.000  | 14.000    | 136.000   | 171.000      | 57.000    |
| 1      | 0   | 1      | 0    | 0    | 0   | GET    | /isu/b82dcff4-8fae-4773-9956-22ab354adb7e           | 0.000 | 0.000 | 0.000    | 0.000 | 0.000 | 0.000 | 0.000 | 0.000  | 528.000   | 528.000   | 528.000      | 528.000   |
| 1      | 0   | 1      | 0    | 0    | 0   | GET    | /isu/15063e10-26fc-4dac-ae3a-1f195e0c6c4a/graph     | 0.000 | 0.000 | 0.000    | 0.000 | 0.000 | 0.000 | 0.000 | 0.000  | 528.000   | 528.000   | 528.000      | 528.000   |
| 3      | 0   | 1      | 2    | 0    | 0   | GET    | /isu/3af9b2b1-0111-4add-ab0c-5e122896bcda/condition | 0.000 | 0.000 | 0.000    | 0.000 | 0.000 | 0.000 | 0.000 | 0.000  | 0.000     | 528.000   | 528.000      | 176.000   |
| 1      | 0   | 1      | 0    | 0    | 0   | GET    | /isu/eb104b95-3532-4828-8550-89da717b9667           | 0.000 | 0.000 | 0.000    | 0.000 | 0.000 | 0.000 | 0.000 | 0.000  | 528.000   | 528.000   | 528.000      | 528.000   |
| 3      | 0   | 1      | 2    | 0    | 0   | GET    | /register                                           | 0.000 | 0.000 | 0.000    | 0.000 | 0.000 | 0.000 | 0.000 | 0.000  | 0.000     | 528.000   | 528.000      | 176.000   |
| 2      | 0   | 2      | 0    | 0    | 0   | GET    | /api/isu/fe26a560-b9ee-42b1-9692-502a86385046       | 0.000 | 0.000 | 0.000    | 0.000 | 0.000 | 0.000 | 0.000 | 0.000  | 133.000   | 133.000   | 266.000      | 133.000   |
| 1      | 0   | 1      | 0    | 0    | 0   | GET    | /isu/8fb74e6e-4f8d-4a33-9862-dbcdc0712c7e/graph     | 0.000 | 0.000 | 0.000    | 0.000 | 0.000 | 0.000 | 0.000 | 0.000  | 528.000   | 528.000   | 528.000      | 528.000   |
| 2      | 0   | 0      | 0    | 2    | 0   | GET    | /api/isu/c4d2283b-2a80-43c3-9ad5-7cfccf0b1ed1/icon  | 0.000 | 0.000 | 0.000    | 0.000 | 0.000 | 0.000 | 0.000 | 0.000  | 14.000    | 21.000    | 35.000       | 17.500    |
| 2      | 0   | 2      | 0    | 0    | 0   | GET    | /api/isu/bf0daba2-f83c-48b4-ac52-384e6c99a051       | 0.000 | 0.000 | 0.000    | 0.000 | 0.000 | 0.000 | 0.000 | 0.000  | 142.000   | 142.000   | 284.000      | 142.000   |
| 1      | 0   | 1      | 0    | 0    | 0   | GET    | /isu/8469e6f6-0d29-4052-87cf-dd9bfde45014/graph     | 0.000 | 0.000 | 0.000    | 0.000 | 0.000 | 0.000 | 0.000 | 0.000  | 528.000   | 528.000   | 528.000      | 528.000   |
| 1      | 0   | 1      | 0    | 0    | 0   | GET    | /isu/3af9b2b1-0111-4add-ab0c-5e122896bcda           | 0.000 | 0.000 | 0.000    | 0.000 | 0.000 | 0.000 | 0.000 | 0.000  | 528.000   | 528.000   | 528.000      | 528.000   |
| 1      | 0   | 1      | 0    | 0    | 0   | GET    | /isu/eb104b95-3532-4828-8550-89da717b9667/graph     | 0.000 | 0.000 | 0.000    | 0.000 | 0.000 | 0.000 | 0.000 | 0.000  | 528.000   | 528.000   | 528.000      | 528.000   |
+--------+-----+--------+------+------+-----+--------+-----------------------------------------------------+-------+-------+----------+-------+-------+-------+-------+--------+-----------+-----------+--------------+-----------+
